,datetime,close,exchange_code,high,low,open,stock_code,volume
0,2023-03-20 09:30:00,113.7,NSE,113.75,113.5,113.5,MANAFI,90815
1,2023-03-20 09:31:00,113.65,NSE,113.75,113.6,113.7,MANAFI,26363
2,2023-03-20 09:32:00,113.55,NSE,113.75,113.55,113.65,MANAFI,32594
3,2023-03-20 09:33:00,113.8,NSE,113.8,113.5,113.55,MANAFI,17838
4,2023-03-20 09:34:00,113.85,NSE,113.95,113.8,113.95,MANAFI,36983
5,2023-03-20 09:35:00,113.7,NSE,113.85,113.7,113.85,MANAFI,42891
6,2023-03-20 09:36:00,114.1,NSE,114.15,113.7,113.7,MANAFI,49479
7,2023-03-20 09:37:00,114.35,NSE,114.35,114.15,114.2,MANAFI,54375
8,2023-03-20 09:38:00,114.4,NSE,114.4,114.25,114.35,MANAFI,27901
9,2023-03-20 09:39:00,114.6,NSE,114.7,114.3,114.3,MANAFI,74942
10,2023-03-20 09:40:00,114.5,NSE,114.6,114.4,114.5,MANAFI,28324
11,2023-03-20 09:41:00,114.8,NSE,114.8,114.55,114.55,MANAFI,57035
12,2023-03-20 09:42:00,115.3,NSE,115.3,114.8,114.95,MANAFI,115032
13,2023-03-20 09:43:00,115.35,NSE,115.35,115.3,115.35,MANAFI,50287
14,2023-03-20 09:44:00,115.25,NSE,115.35,115.25,115.3,MANAFI,38378
15,2023-03-20 09:45:00,114.95,NSE,115.15,114.6,115.15,MANAFI,122474
16,2023-03-20 09:46:00,114.95,NSE,115.3,114.75,115.0,MANAFI,102699
17,2023-03-20 09:47:00,115.0,NSE,115.0,114.8,114.85,MANAFI,38428
18,2023-03-20 09:48:00,115.25,NSE,115.3,114.95,114.95,MANAFI,34393
19,2023-03-20 09:49:00,115.5,NSE,115.5,115.15,115.2,MANAFI,62491
20,2023-03-20 09:50:00,115.9,NSE,115.9,115.4,115.4,MANAFI,136098
21,2023-03-20 09:51:00,115.65,NSE,115.9,115.6,115.85,MANAFI,46977
22,2023-03-20 09:52:00,115.4,NSE,115.7,115.4,115.65,MANAFI,48104
23,2023-03-20 09:53:00,115.2,NSE,115.4,115.15,115.4,MANAFI,31520
24,2023-03-20 09:54:00,115.2,NSE,115.3,115.1,115.3,MANAFI,25607
25,2023-03-20 09:55:00,115.35,NSE,115.4,115.3,115.3,MANAFI,14265
26,2023-03-20 09:56:00,115.25,NSE,115.35,115.15,115.35,MANAFI,28275
27,2023-03-20 09:57:00,115.15,NSE,115.25,115.1,115.25,MANAFI,21143
28,2023-03-20 09:58:00,114.95,NSE,115.2,114.95,115.2,MANAFI,85800
29,2023-03-20 09:59:00,114.75,NSE,114.95,114.75,114.95,MANAFI,42381
30,2023-03-20 10:00:00,114.15,NSE,114.75,114.15,114.75,MANAFI,81588
31,2023-03-20 10:01:00,114.1,NSE,114.1,113.85,114.1,MANAFI,54463
32,2023-03-20 10:02:00,114.65,NSE,114.65,114.05,114.1,MANAFI,225441
33,2023-03-20 10:03:00,114.75,NSE,114.8,114.7,114.75,MANAFI,23667
34,2023-03-20 10:04:00,114.55,NSE,114.8,114.55,114.8,MANAFI,42339
35,2023-03-20 10:05:00,114.3,NSE,114.45,114.25,114.45,MANAFI,20660
36,2023-03-20 10:06:00,114.3,NSE,114.3,114.2,114.3,MANAFI,9521
37,2023-03-20 10:07:00,114.45,NSE,114.6,114.4,114.4,MANAFI,38646
38,2023-03-20 10:08:00,114.25,NSE,114.35,114.15,114.35,MANAFI,17808
39,2023-03-20 10:09:00,114.2,NSE,114.25,114.1,114.25,MANAFI,10865
40,2023-03-20 10:10:00,114.05,NSE,114.2,114.0,114.1,MANAFI,26218
41,2023-03-20 10:11:00,114.3,NSE,114.3,114.05,114.05,MANAFI,58727
42,2023-03-20 10:12:00,114.2,NSE,114.25,114.1,114.2,MANAFI,31910
43,2023-03-20 10:13:00,114.45,NSE,114.5,114.15,114.15,MANAFI,13123
44,2023-03-20 10:14:00,114.4,NSE,114.5,114.35,114.45,MANAFI,11174
45,2023-03-20 10:15:00,114.35,NSE,114.4,114.35,114.4,MANAFI,5827
46,2023-03-20 10:16:00,114.15,NSE,114.3,114.15,114.3,MANAFI,9437
47,2023-03-20 10:17:00,114.05,NSE,114.15,114.05,114.15,MANAFI,6521
48,2023-03-20 10:18:00,114.15,NSE,114.15,114.0,114.1,MANAFI,41323
49,2023-03-20 10:19:00,114.15,NSE,114.25,114.15,114.2,MANAFI,17964
50,2023-03-20 10:20:00,114.1,NSE,114.1,114.05,114.1,MANAFI,3927
51,2023-03-20 10:21:00,114.2,NSE,114.2,114.05,114.1,MANAFI,17365
52,2023-03-20 10:22:00,114.2,NSE,114.3,114.1,114.2,MANAFI,5913
53,2023-03-20 10:23:00,114.2,NSE,114.25,114.15,114.2,MANAFI,6671
54,2023-03-20 10:24:00,114.15,NSE,114.25,114.15,114.2,MANAFI,7917
55,2023-03-20 10:25:00,113.95,NSE,114.15,113.95,114.1,MANAFI,38700
56,2023-03-20 10:26:00,113.95,NSE,114.0,113.9,114.0,MANAFI,7039
57,2023-03-20 10:27:00,114.0,NSE,114.0,113.95,113.95,MANAFI,9766
58,2023-03-20 10:28:00,113.9,NSE,114.0,113.85,114.0,MANAFI,49288
59,2023-03-20 10:29:00,113.85,NSE,113.95,113.85,113.85,MANAFI,25311
60,2023-03-20 10:30:00,113.9,NSE,113.95,113.8,113.9,MANAFI,11752
61,2023-03-20 10:31:00,113.9,NSE,113.9,113.85,113.9,MANAFI,7400
62,2023-03-20 10:32:00,113.75,NSE,113.9,113.7,113.9,MANAFI,19771
63,2023-03-20 10:33:00,113.65,NSE,113.75,113.55,113.75,MANAFI,21032
64,2023-03-20 10:34:00,113.95,NSE,113.95,113.7,113.7,MANAFI,135052
65,2023-03-20 10:35:00,113.8,NSE,114.1,113.75,113.95,MANAFI,38524
66,2023-03-20 10:36:00,114.05,NSE,114.1,113.8,113.8,MANAFI,10932
67,2023-03-20 10:37:00,114.0,NSE,114.05,114.0,114.0,MANAFI,12689
68,2023-03-20 10:38:00,114.1,NSE,114.1,113.9,114.0,MANAFI,8408
69,2023-03-20 10:39:00,114.05,NSE,114.25,114.05,114.1,MANAFI,42710
70,2023-03-20 10:40:00,113.75,NSE,113.95,113.7,113.95,MANAFI,12039
71,2023-03-20 10:41:00,113.7,NSE,113.8,113.65,113.7,MANAFI,15681
72,2023-03-20 10:42:00,113.7,NSE,113.75,113.65,113.7,MANAFI,13407
73,2023-03-20 10:43:00,113.55,NSE,113.75,113.55,113.65,MANAFI,31994
74,2023-03-20 10:44:00,113.55,NSE,113.7,113.55,113.6,MANAFI,34004
75,2023-03-20 10:45:00,113.25,NSE,113.55,113.25,113.5,MANAFI,130925
76,2023-03-20 10:46:00,113.25,NSE,113.3,113.2,113.3,MANAFI,48118
77,2023-03-20 10:47:00,113.3,NSE,113.4,113.3,113.35,MANAFI,16896
78,2023-03-20 10:48:00,113.25,NSE,113.25,113.15,113.25,MANAFI,34230
79,2023-03-20 10:49:00,113.2,NSE,113.3,113.15,113.2,MANAFI,28780
80,2023-03-20 10:50:00,113.15,NSE,113.15,113.05,113.1,MANAFI,20148
81,2023-03-20 10:51:00,113.25,NSE,113.35,113.15,113.15,MANAFI,28275
82,2023-03-20 10:52:00,113.15,NSE,113.25,113.15,113.25,MANAFI,26061
83,2023-03-20 10:53:00,113.3,NSE,113.3,113.2,113.2,MANAFI,10353
84,2023-03-20 10:54:00,113.4,NSE,113.4,113.3,113.3,MANAFI,32031
85,2023-03-20 10:55:00,113.25,NSE,113.45,113.2,113.45,MANAFI,27128
86,2023-03-20 10:56:00,113.3,NSE,113.35,113.25,113.25,MANAFI,13675
87,2023-03-20 10:57:00,113.3,NSE,113.4,113.3,113.3,MANAFI,41215
88,2023-03-20 10:58:00,113.3,NSE,113.3,113.25,113.3,MANAFI,10704
89,2023-03-20 10:59:00,113.25,NSE,113.4,113.25,113.4,MANAFI,24761
90,2023-03-20 11:00:00,113.1,NSE,113.4,113.1,113.35,MANAFI,63414
91,2023-03-20 11:01:00,113.05,NSE,113.05,112.95,113.0,MANAFI,91867
92,2023-03-20 11:02:00,113.3,NSE,113.3,113.2,113.2,MANAFI,7806
93,2023-03-20 11:03:00,113.2,NSE,113.35,113.15,113.25,MANAFI,27628
94,2023-03-20 11:04:00,113.2,NSE,113.2,113.15,113.2,MANAFI,12632
95,2023-03-20 11:05:00,113.2,NSE,113.25,113.1,113.2,MANAFI,24305
96,2023-03-20 11:06:00,112.95,NSE,113.15,112.9,113.15,MANAFI,49924
97,2023-03-20 11:07:00,113.05,NSE,113.05,113.0,113.0,MANAFI,8520
98,2023-03-20 11:08:00,113.05,NSE,113.1,113.0,113.0,MANAFI,11262
99,2023-03-20 11:09:00,112.85,NSE,113.05,112.85,113.0,MANAFI,41232
100,2023-03-20 11:10:00,112.75,NSE,112.9,112.7,112.85,MANAFI,44508
101,2023-03-20 11:11:00,112.75,NSE,112.8,112.7,112.7,MANAFI,53678
102,2023-03-20 11:12:00,112.8,NSE,112.8,112.75,112.75,MANAFI,27295
103,2023-03-20 11:13:00,112.75,NSE,112.8,112.75,112.8,MANAFI,17265
104,2023-03-20 11:14:00,112.75,NSE,112.8,112.75,112.75,MANAFI,9571
105,2023-03-20 11:15:00,112.9,NSE,112.9,112.65,112.8,MANAFI,129366
106,2023-03-20 11:16:00,112.95,NSE,112.95,112.9,112.9,MANAFI,38986
107,2023-03-20 11:17:00,113.25,NSE,113.25,112.95,112.95,MANAFI,99693
108,2023-03-20 11:18:00,113.15,NSE,113.2,113.05,113.2,MANAFI,24585
109,2023-03-20 11:19:00,113.15,NSE,113.15,113.0,113.1,MANAFI,7386
110,2023-03-20 11:20:00,112.95,NSE,113.15,112.95,113.15,MANAFI,12171
111,2023-03-20 11:21:00,112.9,NSE,112.95,112.85,112.95,MANAFI,23418
112,2023-03-20 11:22:00,112.8,NSE,112.85,112.8,112.8,MANAFI,15734
113,2023-03-20 11:23:00,112.65,NSE,112.8,112.65,112.8,MANAFI,7514
114,2023-03-20 11:24:00,112.7,NSE,112.75,112.65,112.65,MANAFI,14550
115,2023-03-20 11:25:00,112.7,NSE,112.75,112.7,112.75,MANAFI,31006
116,2023-03-20 11:26:00,112.95,NSE,112.95,112.75,112.75,MANAFI,39559
117,2023-03-20 11:27:00,113.25,NSE,113.25,112.9,112.95,MANAFI,41667
118,2023-03-20 11:28:00,113.3,NSE,113.45,113.3,113.45,MANAFI,49543
119,2023-03-20 11:29:00,113.25,NSE,113.4,113.2,113.35,MANAFI,26061
120,2023-03-20 11:30:00,113.05,NSE,113.2,113.05,113.2,MANAFI,12348
121,2023-03-20 11:31:00,112.95,NSE,113.1,112.95,113.1,MANAFI,7781
122,2023-03-20 11:32:00,112.9,NSE,112.95,112.85,112.9,MANAFI,9819
123,2023-03-20 11:33:00,112.85,NSE,112.9,112.85,112.85,MANAFI,7199
124,2023-03-20 11:34:00,112.85,NSE,112.85,112.75,112.8,MANAFI,7325
125,2023-03-20 11:35:00,112.75,NSE,112.85,112.7,112.75,MANAFI,34487
126,2023-03-20 11:36:00,112.7,NSE,112.75,112.65,112.7,MANAFI,37619
127,2023-03-20 11:37:00,112.75,NSE,112.75,112.65,112.65,MANAFI,4675
128,2023-03-20 11:38:00,112.7,NSE,112.75,112.7,112.75,MANAFI,16567
129,2023-03-20 11:39:00,112.65,NSE,112.7,112.6,112.7,MANAFI,7766
130,2023-03-20 11:40:00,112.7,NSE,112.7,112.6,112.65,MANAFI,10267
131,2023-03-20 11:41:00,112.55,NSE,112.7,112.55,112.7,MANAFI,12014
132,2023-03-20 11:42:00,112.7,NSE,112.7,112.55,112.6,MANAFI,8455
133,2023-03-20 11:43:00,112.65,NSE,112.75,112.6,112.65,MANAFI,11675
134,2023-03-20 11:44:00,112.7,NSE,112.7,112.65,112.65,MANAFI,7081
135,2023-03-20 11:45:00,112.7,NSE,112.7,112.65,112.7,MANAFI,3639
136,2023-03-20 11:46:00,112.75,NSE,112.75,112.7,112.7,MANAFI,35177
137,2023-03-20 11:47:00,112.85,NSE,112.85,112.8,112.8,MANAFI,12812
138,2023-03-20 11:48:00,112.75,NSE,112.8,112.7,112.8,MANAFI,8570
139,2023-03-20 11:49:00,112.85,NSE,112.85,112.65,112.75,MANAFI,11949
140,2023-03-20 11:50:00,112.9,NSE,112.95,112.85,112.85,MANAFI,6410
141,2023-03-20 11:51:00,112.7,NSE,112.8,112.7,112.8,MANAFI,12574
142,2023-03-20 11:52:00,112.6,NSE,112.7,112.55,112.7,MANAFI,20084
143,2023-03-20 11:53:00,112.7,NSE,112.7,112.5,112.55,MANAFI,13541
144,2023-03-20 11:54:00,112.55,NSE,112.6,112.55,112.6,MANAFI,5031
145,2023-03-20 11:55:00,112.5,NSE,112.6,112.5,112.6,MANAFI,3180
146,2023-03-20 11:56:00,112.55,NSE,112.55,112.5,112.5,MANAFI,1723
147,2023-03-20 11:57:00,112.4,NSE,112.55,112.4,112.55,MANAFI,36831
148,2023-03-20 11:58:00,112.45,NSE,112.45,112.4,112.45,MANAFI,8615
149,2023-03-20 11:59:00,112.4,NSE,112.5,112.4,112.4,MANAFI,41423
150,2023-03-20 12:00:00,112.2,NSE,112.4,112.2,112.4,MANAFI,29383
151,2023-03-20 12:01:00,112.05,NSE,112.2,112.05,112.1,MANAFI,57364
152,2023-03-20 12:02:00,112.35,NSE,112.45,112.15,112.15,MANAFI,40628
153,2023-03-20 12:03:00,112.5,NSE,112.5,112.3,112.35,MANAFI,12568
154,2023-03-20 12:04:00,112.55,NSE,112.55,112.45,112.45,MANAFI,6808
155,2023-03-20 12:05:00,112.5,NSE,112.5,112.5,112.5,MANAFI,20910
156,2023-03-20 12:06:00,112.5,NSE,112.55,112.45,112.55,MANAFI,2874
157,2023-03-20 12:07:00,112.5,NSE,112.5,112.5,112.5,MANAFI,1399
158,2023-03-20 12:08:00,112.4,NSE,112.5,112.35,112.5,MANAFI,11421
159,2023-03-20 12:09:00,112.4,NSE,112.4,112.35,112.4,MANAFI,3191
160,2023-03-20 12:10:00,112.35,NSE,112.4,112.35,112.35,MANAFI,705
161,2023-03-20 12:11:00,112.5,NSE,112.5,112.35,112.35,MANAFI,80089
162,2023-03-20 12:12:00,112.55,NSE,112.6,112.5,112.6,MANAFI,1646
163,2023-03-20 12:13:00,112.5,NSE,112.6,112.5,112.55,MANAFI,2968
164,2023-03-20 12:14:00,112.6,NSE,112.6,112.45,112.45,MANAFI,13876
165,2023-03-20 12:15:00,112.65,NSE,112.7,112.55,112.55,MANAFI,4519
166,2023-03-20 12:16:00,112.55,NSE,112.65,112.55,112.65,MANAFI,1793
167,2023-03-20 12:17:00,112.65,NSE,112.65,112.55,112.6,MANAFI,7433
168,2023-03-20 12:18:00,112.6,NSE,112.65,112.55,112.65,MANAFI,3799
169,2023-03-20 12:19:00,112.65,NSE,112.65,112.55,112.6,MANAFI,3826
170,2023-03-20 12:20:00,112.65,NSE,112.65,112.6,112.65,MANAFI,2030
171,2023-03-20 12:21:00,112.65,NSE,112.65,112.6,112.65,MANAFI,3579
172,2023-03-20 12:22:00,112.7,NSE,112.7,112.6,112.65,MANAFI,11385
173,2023-03-20 12:23:00,112.75,NSE,112.75,112.65,112.7,MANAFI,26363
174,2023-03-20 12:24:00,112.8,NSE,112.8,112.75,112.75,MANAFI,3936
175,2023-03-20 12:25:00,112.8,NSE,112.8,112.8,112.8,MANAFI,2126
176,2023-03-20 12:26:00,112.8,NSE,112.8,112.75,112.75,MANAFI,8056
177,2023-03-20 12:27:00,112.7,NSE,112.8,112.7,112.75,MANAFI,6583
178,2023-03-20 12:28:00,112.5,NSE,112.75,112.4,112.75,MANAFI,15326
179,2023-03-20 12:29:00,112.55,NSE,112.55,112.4,112.4,MANAFI,1682
180,2023-03-20 12:30:00,112.6,NSE,112.65,112.55,112.55,MANAFI,11452
181,2023-03-20 12:31:00,112.5,NSE,112.6,112.45,112.6,MANAFI,2185
182,2023-03-20 12:32:00,112.5,NSE,112.5,112.45,112.5,MANAFI,1549
183,2023-03-20 12:33:00,112.45,NSE,112.5,112.45,112.45,MANAFI,21195
184,2023-03-20 12:34:00,112.4,NSE,112.45,112.4,112.45,MANAFI,5580
185,2023-03-20 12:35:00,112.4,NSE,112.45,112.35,112.4,MANAFI,4904
186,2023-03-20 12:36:00,112.15,NSE,112.4,112.1,112.4,MANAFI,26164
187,2023-03-20 12:37:00,112.05,NSE,112.2,112.0,112.2,MANAFI,62249
188,2023-03-20 12:38:00,112.25,NSE,112.25,112.1,112.1,MANAFI,27385
189,2023-03-20 12:39:00,112.35,NSE,112.45,112.25,112.25,MANAFI,19470
190,2023-03-20 12:40:00,112.3,NSE,112.45,112.3,112.45,MANAFI,3778
191,2023-03-20 12:41:00,112.45,NSE,112.45,112.25,112.25,MANAFI,9706
192,2023-03-20 12:42:00,112.6,NSE,112.65,112.45,112.45,MANAFI,31946
193,2023-03-20 12:43:00,112.75,NSE,112.75,112.55,112.6,MANAFI,46457
194,2023-03-20 12:44:00,112.75,NSE,112.8,112.7,112.75,MANAFI,15369
195,2023-03-20 12:45:00,112.7,NSE,112.75,112.6,112.65,MANAFI,2505
196,2023-03-20 12:46:00,112.6,NSE,112.7,112.6,112.7,MANAFI,3331
197,2023-03-20 12:47:00,112.6,NSE,112.65,112.6,112.65,MANAFI,8079
198,2023-03-20 12:48:00,112.4,NSE,112.6,112.4,112.55,MANAFI,21442
199,2023-03-20 12:49:00,112.4,NSE,112.4,112.35,112.4,MANAFI,490
200,2023-03-20 12:50:00,112.25,NSE,112.35,112.2,112.35,MANAFI,10120
201,2023-03-20 12:51:00,112.3,NSE,112.4,112.25,112.25,MANAFI,3199
202,2023-03-20 12:52:00,112.2,NSE,112.3,112.2,112.3,MANAFI,8777
203,2023-03-20 12:53:00,112.2,NSE,112.35,112.2,112.25,MANAFI,3066
204,2023-03-20 12:54:00,112.35,NSE,112.4,112.3,112.3,MANAFI,5821
205,2023-03-20 12:55:00,112.25,NSE,112.4,112.25,112.35,MANAFI,11164
206,2023-03-20 12:56:00,112.25,NSE,112.3,112.2,112.25,MANAFI,2685
207,2023-03-20 12:57:00,112.25,NSE,112.3,112.25,112.25,MANAFI,2076
208,2023-03-20 12:58:00,112.3,NSE,112.3,112.25,112.3,MANAFI,2856
209,2023-03-20 12:59:00,112.35,NSE,112.35,112.2,112.2,MANAFI,2923
210,2023-03-20 13:00:00,112.45,NSE,112.45,112.4,112.4,MANAFI,2312
211,2023-03-20 13:01:00,112.4,NSE,112.5,112.35,112.4,MANAFI,5292
212,2023-03-20 13:02:00,112.35,NSE,112.4,112.35,112.4,MANAFI,564
213,2023-03-20 13:03:00,112.45,NSE,112.5,112.35,112.35,MANAFI,6724
214,2023-03-20 13:04:00,112.45,NSE,112.45,112.4,112.45,MANAFI,701
215,2023-03-20 13:05:00,112.55,NSE,112.55,112.45,112.45,MANAFI,3485
216,2023-03-20 13:06:00,112.5,NSE,112.5,112.45,112.5,MANAFI,40583
217,2023-03-20 13:07:00,112.5,NSE,112.55,112.45,112.45,MANAFI,5938
218,2023-03-20 13:08:00,112.4,NSE,112.55,112.4,112.5,MANAFI,9163
219,2023-03-20 13:09:00,112.65,NSE,112.65,112.55,112.6,MANAFI,36243
220,2023-03-20 13:10:00,112.7,NSE,112.7,112.55,112.65,MANAFI,21205
221,2023-03-20 13:11:00,112.85,NSE,112.9,112.8,112.9,MANAFI,19066
222,2023-03-20 13:12:00,112.95,NSE,112.95,112.85,112.85,MANAFI,14614
223,2023-03-20 13:13:00,112.95,NSE,113.0,112.95,112.95,MANAFI,16544
224,2023-03-20 13:14:00,112.9,NSE,112.95,112.9,112.9,MANAFI,2865
225,2023-03-20 13:15:00,112.6,NSE,112.9,112.6,112.9,MANAFI,59628
226,2023-03-20 13:16:00,112.65,NSE,112.65,112.55,112.6,MANAFI,58720
227,2023-03-20 13:17:00,112.65,NSE,112.7,112.6,112.6,MANAFI,453
228,2023-03-20 13:18:00,112.7,NSE,112.7,112.65,112.65,MANAFI,11196
229,2023-03-20 13:19:00,112.6,NSE,112.65,112.6,112.65,MANAFI,1692
230,2023-03-20 13:20:00,112.65,NSE,112.7,112.65,112.65,MANAFI,3394
231,2023-03-20 13:21:00,112.6,NSE,112.7,112.6,112.7,MANAFI,2568
232,2023-03-20 13:22:00,112.65,NSE,112.65,112.55,112.6,MANAFI,9188
233,2023-03-20 13:23:00,112.75,NSE,112.75,112.6,112.6,MANAFI,18888
234,2023-03-20 13:24:00,112.9,NSE,112.9,112.75,112.75,MANAFI,64478
235,2023-03-20 13:25:00,112.85,NSE,112.95,112.8,112.95,MANAFI,9528
236,2023-03-20 13:26:00,112.8,NSE,112.9,112.8,112.8,MANAFI,5701
237,2023-03-20 13:27:00,112.8,NSE,112.8,112.75,112.8,MANAFI,35992
238,2023-03-20 13:28:00,112.85,NSE,112.85,112.8,112.85,MANAFI,7792
239,2023-03-20 13:29:00,112.9,NSE,112.9,112.85,112.9,MANAFI,29717
240,2023-03-20 13:30:00,113.0,NSE,113.0,112.9,112.9,MANAFI,26784
241,2023-03-20 13:31:00,113.0,NSE,113.0,112.95,113.0,MANAFI,6188
242,2023-03-20 13:32:00,112.9,NSE,112.95,112.8,112.95,MANAFI,14747
243,2023-03-20 13:33:00,112.9,NSE,112.95,112.9,112.9,MANAFI,1742
244,2023-03-20 13:34:00,112.95,NSE,112.95,112.9,112.95,MANAFI,815
245,2023-03-20 13:35:00,112.95,NSE,113.0,112.9,112.9,MANAFI,30238
246,2023-03-20 13:36:00,112.95,NSE,112.95,112.9,112.9,MANAFI,3131
247,2023-03-20 13:37:00,112.8,NSE,112.95,112.8,112.9,MANAFI,8704
248,2023-03-20 13:38:00,112.8,NSE,112.85,112.7,112.8,MANAFI,12566
249,2023-03-20 13:39:00,112.75,NSE,112.85,112.7,112.8,MANAFI,7309
250,2023-03-20 13:40:00,112.8,NSE,112.85,112.75,112.8,MANAFI,3427
251,2023-03-20 13:41:00,112.75,NSE,112.85,112.75,112.85,MANAFI,9010
252,2023-03-20 13:42:00,112.6,NSE,112.7,112.5,112.7,MANAFI,159574
253,2023-03-20 13:43:00,112.55,NSE,112.6,112.55,112.6,MANAFI,106168
254,2023-03-20 13:44:00,112.8,NSE,112.8,112.55,112.6,MANAFI,65769
255,2023-03-20 13:45:00,112.9,NSE,112.9,112.75,112.8,MANAFI,14994
256,2023-03-20 13:46:00,112.8,NSE,112.85,112.8,112.85,MANAFI,2853
257,2023-03-20 13:47:00,112.85,NSE,112.9,112.8,112.8,MANAFI,2099
258,2023-03-20 13:48:00,112.8,NSE,112.85,112.75,112.85,MANAFI,7142
259,2023-03-20 13:49:00,112.6,NSE,112.7,112.6,112.7,MANAFI,15767
260,2023-03-20 13:50:00,112.65,NSE,112.7,112.6,112.65,MANAFI,5737
261,2023-03-20 13:51:00,112.7,NSE,112.75,112.6,112.6,MANAFI,2534
262,2023-03-20 13:52:00,112.65,NSE,112.7,112.6,112.65,MANAFI,6379
263,2023-03-20 13:53:00,112.6,NSE,112.65,112.6,112.65,MANAFI,17989
264,2023-03-20 13:54:00,112.6,NSE,112.65,112.6,112.6,MANAFI,3497
265,2023-03-20 13:55:00,112.65,NSE,112.65,112.55,112.6,MANAFI,5913
266,2023-03-20 13:56:00,112.65,NSE,112.65,112.6,112.65,MANAFI,1896
267,2023-03-20 13:57:00,112.6,NSE,112.65,112.55,112.6,MANAFI,31027
268,2023-03-20 13:58:00,112.6,NSE,112.65,112.6,112.6,MANAFI,50334
269,2023-03-20 13:59:00,113.3,NSE,113.35,113.05,113.05,MANAFI,216106
270,2023-03-20 14:00:00,113.3,NSE,113.3,113.2,113.25,MANAFI,16100
271,2023-03-20 14:01:00,113.2,NSE,113.3,113.2,113.3,MANAFI,8479
272,2023-03-20 14:02:00,113.2,NSE,113.25,113.15,113.25,MANAFI,7644
273,2023-03-20 14:03:00,113.0,NSE,113.2,113.0,113.2,MANAFI,9553
274,2023-03-20 14:04:00,113.25,NSE,113.25,112.9,113.0,MANAFI,12669
275,2023-03-20 14:05:00,113.3,NSE,113.3,113.1,113.2,MANAFI,30022
276,2023-03-20 14:06:00,113.3,NSE,113.35,113.3,113.3,MANAFI,11660
277,2023-03-20 14:07:00,113.35,NSE,113.4,113.3,113.35,MANAFI,22136
278,2023-03-20 14:08:00,113.4,NSE,113.4,113.3,113.35,MANAFI,65731
279,2023-03-20 14:09:00,113.4,NSE,113.4,113.35,113.35,MANAFI,34421
280,2023-03-20 14:10:00,113.45,NSE,113.45,113.4,113.45,MANAFI,24439
281,2023-03-20 14:11:00,113.3,NSE,113.45,113.3,113.45,MANAFI,41841
282,2023-03-20 14:12:00,113.1,NSE,113.3,113.05,113.3,MANAFI,13526
283,2023-03-20 14:13:00,112.9,NSE,113.15,112.9,113.1,MANAFI,5256
284,2023-03-20 14:14:00,112.8,NSE,113.0,112.7,113.0,MANAFI,22586
285,2023-03-20 14:15:00,112.75,NSE,112.85,112.75,112.8,MANAFI,2337
286,2023-03-20 14:16:00,112.8,NSE,112.8,112.7,112.8,MANAFI,6333
287,2023-03-20 14:17:00,113.0,NSE,113.0,112.75,112.8,MANAFI,10958
288,2023-03-20 14:18:00,113.15,NSE,113.15,113.05,113.05,MANAFI,3836
289,2023-03-20 14:19:00,113.0,NSE,113.1,113.0,113.1,MANAFI,4275
290,2023-03-20 14:20:00,113.05,NSE,113.05,112.95,113.0,MANAFI,2288
291,2023-03-20 14:21:00,113.0,NSE,113.15,113.0,113.1,MANAFI,14489
292,2023-03-20 14:22:00,113.05,NSE,113.05,112.95,113.0,MANAFI,4958
293,2023-03-20 14:23:00,113.15,NSE,113.15,113.0,113.0,MANAFI,3213
294,2023-03-20 14:24:00,113.25,NSE,113.3,113.1,113.1,MANAFI,5333
295,2023-03-20 14:25:00,113.2,NSE,113.3,113.2,113.3,MANAFI,3392
296,2023-03-20 14:26:00,113.25,NSE,113.25,113.2,113.25,MANAFI,9443
297,2023-03-20 14:27:00,113.3,NSE,113.45,113.2,113.2,MANAFI,16139
298,2023-03-20 14:28:00,113.4,NSE,113.45,113.3,113.3,MANAFI,799
299,2023-03-20 14:29:00,113.3,NSE,113.35,113.25,113.35,MANAFI,2700
300,2023-03-20 14:30:00,113.45,NSE,113.5,113.35,113.35,MANAFI,19987
301,2023-03-20 14:31:00,113.6,NSE,113.6,113.4,113.5,MANAFI,46278
302,2023-03-20 14:32:00,113.7,NSE,113.7,113.55,113.55,MANAFI,23727
303,2023-03-20 14:33:00,113.65,NSE,113.7,113.65,113.7,MANAFI,21931
304,2023-03-20 14:34:00,113.75,NSE,113.8,113.7,113.7,MANAFI,15709
305,2023-03-20 14:35:00,113.7,NSE,113.8,113.7,113.75,MANAFI,13481
306,2023-03-20 14:36:00,113.7,NSE,113.75,113.6,113.65,MANAFI,10735
307,2023-03-20 14:37:00,113.7,NSE,113.8,113.65,113.65,MANAFI,11297
308,2023-03-20 14:38:00,113.7,NSE,113.75,113.7,113.75,MANAFI,13730
309,2023-03-20 14:39:00,113.7,NSE,113.7,113.7,113.7,MANAFI,4013
310,2023-03-20 14:40:00,113.55,NSE,113.65,113.55,113.65,MANAFI,19101
311,2023-03-20 14:41:00,113.3,NSE,113.55,113.25,113.55,MANAFI,23946
312,2023-03-20 14:42:00,113.3,NSE,113.35,113.2,113.25,MANAFI,42661
313,2023-03-20 14:43:00,113.3,NSE,113.35,113.2,113.35,MANAFI,7377
314,2023-03-20 14:44:00,113.2,NSE,113.25,113.2,113.25,MANAFI,4511
315,2023-03-20 14:45:00,113.25,NSE,113.25,113.2,113.2,MANAFI,12324
316,2023-03-20 14:46:00,113.25,NSE,113.25,113.15,113.25,MANAFI,45544
317,2023-03-20 14:47:00,113.2,NSE,113.25,113.2,113.25,MANAFI,6050
318,2023-03-20 14:48:00,113.2,NSE,113.25,113.2,113.2,MANAFI,5644
319,2023-03-20 14:49:00,113.0,NSE,113.1,113.0,113.05,MANAFI,15243
320,2023-03-20 14:50:00,113.25,NSE,113.3,113.0,113.0,MANAFI,24510
321,2023-03-20 14:51:00,113.05,NSE,113.3,113.05,113.3,MANAFI,11205
322,2023-03-20 14:52:00,113.15,NSE,113.15,113.05,113.05,MANAFI,5226
323,2023-03-20 14:53:00,113.2,NSE,113.2,113.1,113.15,MANAFI,5229
324,2023-03-20 14:54:00,113.15,NSE,113.15,113.05,113.1,MANAFI,23605
325,2023-03-20 14:55:00,113.1,NSE,113.2,113.1,113.15,MANAFI,6675
326,2023-03-20 14:56:00,113.05,NSE,113.15,113.0,113.1,MANAFI,33383
327,2023-03-20 14:57:00,113.2,NSE,113.25,113.05,113.05,MANAFI,14300
328,2023-03-20 14:58:00,113.2,NSE,113.3,113.2,113.2,MANAFI,13723
329,2023-03-20 14:59:00,113.3,NSE,113.3,113.2,113.25,MANAFI,8109
330,2023-03-20 15:00:00,113.4,NSE,113.45,113.3,113.4,MANAFI,10370
331,2023-03-20 15:01:00,113.2,NSE,113.35,113.2,113.35,MANAFI,33463
332,2023-03-20 15:02:00,113.35,NSE,113.35,113.2,113.2,MANAFI,25015
333,2023-03-20 15:03:00,113.35,NSE,113.35,113.3,113.35,MANAFI,19379
334,2023-03-20 15:04:00,113.25,NSE,113.35,113.25,113.3,MANAFI,26820
335,2023-03-20 15:05:00,113.25,NSE,113.3,113.25,113.3,MANAFI,9320
336,2023-03-20 15:06:00,113.3,NSE,113.3,113.25,113.3,MANAFI,26041
337,2023-03-20 15:07:00,113.25,NSE,113.3,113.2,113.3,MANAFI,14538
338,2023-03-20 15:08:00,113.15,NSE,113.25,113.1,113.25,MANAFI,13782
339,2023-03-20 15:09:00,113.2,NSE,113.25,113.15,113.15,MANAFI,24897
340,2023-03-20 15:10:00,113.35,NSE,113.45,113.25,113.25,MANAFI,59984
341,2023-03-20 15:11:00,113.35,NSE,113.4,113.35,113.4,MANAFI,15144
342,2023-03-20 15:12:00,113.5,NSE,113.6,113.35,113.35,MANAFI,52561
343,2023-03-20 15:13:00,113.4,NSE,113.6,113.4,113.6,MANAFI,21134
344,2023-03-20 15:14:00,113.4,NSE,113.4,113.35,113.35,MANAFI,47261
345,2023-03-20 15:15:00,113.3,NSE,113.45,113.3,113.35,MANAFI,97763
346,2023-03-20 15:16:00,113.55,NSE,113.6,113.35,113.35,MANAFI,57992
347,2023-03-20 15:17:00,113.55,NSE,113.6,113.5,113.5,MANAFI,35268
348,2023-03-20 15:18:00,113.7,NSE,113.7,113.5,113.55,MANAFI,59571
349,2023-03-20 15:19:00,113.75,NSE,113.95,113.7,113.9,MANAFI,127364
350,2023-03-20 15:20:00,113.45,NSE,113.9,113.45,113.75,MANAFI,71251
351,2023-03-20 15:21:00,113.6,NSE,113.6,113.45,113.45,MANAFI,21140
352,2023-03-20 15:22:00,113.75,NSE,113.75,113.55,113.55,MANAFI,19195
353,2023-03-20 15:23:00,113.55,NSE,113.75,113.55,113.7,MANAFI,40126
354,2023-03-20 15:24:00,113.45,NSE,113.6,113.4,113.6,MANAFI,51964
355,2023-03-20 15:25:00,113.55,NSE,113.55,113.45,113.5,MANAFI,22860
356,2023-03-20 15:26:00,113.45,NSE,113.55,113.45,113.55,MANAFI,19293
357,2023-03-20 15:27:00,113.5,NSE,113.55,113.45,113.5,MANAFI,16024
358,2023-03-20 15:28:00,113.15,NSE,113.5,113.15,113.5,MANAFI,118337
359,2023-03-20 15:29:00,113.0,NSE,113.2,112.95,113.2,MANAFI,32305
