,datetime,close,exchange_code,high,low,open,stock_code,volume
0,2020-06-22 09:15:00,2353.15,NSE,2357.3,2331.35,2335.0,DIVLAB,15625
1,2020-06-22 09:16:00,2349.6,NSE,2357.4,2348.0,2354.75,DIVLAB,4710
2,2020-06-22 09:17:00,2352.2,NSE,2353.5,2346.2,2349.75,DIVLAB,7214
3,2020-06-22 09:18:00,2345.55,NSE,2353.65,2344.3,2353.65,DIVLAB,4572
4,2020-06-22 09:19:00,2346.4,NSE,2348.0,2341.1,2344.75,DIVLAB,4146
5,2020-06-22 09:20:00,2363.9,NSE,2369.0,2346.45,2347.0,DIVLAB,14623
6,2020-06-22 09:21:00,2354.75,NSE,2368.0,2353.35,2365.9,DIVLAB,11611
7,2020-06-22 09:22:00,2353.55,NSE,2357.8,2352.0,2354.0,DIVLAB,5956
8,2020-06-22 09:23:00,2353.75,NSE,2354.25,2349.0,2353.55,DIVLAB,3473
9,2020-06-22 09:24:00,2346.1,NSE,2353.95,2345.8,2353.75,DIVLAB,3884
10,2020-06-22 09:25:00,2345.5,NSE,2349.85,2344.0,2346.1,DIVLAB,3493
11,2020-06-22 09:26:00,2340.0,NSE,2347.7,2339.8,2345.0,DIVLAB,5200
12,2020-06-22 09:27:00,2337.8,NSE,2340.0,2336.4,2339.85,DIVLAB,3503
13,2020-06-22 09:28:00,2342.0,NSE,2345.2,2336.75,2337.85,DIVLAB,3830
14,2020-06-22 09:29:00,2340.0,NSE,2343.15,2338.2,2342.6,DIVLAB,7902
15,2020-06-22 09:30:00,2339.7,NSE,2341.8,2338.0,2339.4,DIVLAB,4091
16,2020-06-22 09:31:00,2343.15,NSE,2344.0,2341.0,2341.0,DIVLAB,1449
17,2020-06-22 09:32:00,2342.45,NSE,2343.1,2338.0,2342.0,DIVLAB,1932
18,2020-06-22 09:33:00,2345.0,NSE,2345.0,2341.0,2341.0,DIVLAB,1225
19,2020-06-22 09:34:00,2345.5,NSE,2348.45,2344.95,2345.5,DIVLAB,1533
20,2020-06-22 09:35:00,2345.0,NSE,2347.0,2344.25,2345.3,DIVLAB,1327
21,2020-06-22 09:36:00,2342.65,NSE,2344.8,2340.05,2344.0,DIVLAB,659
22,2020-06-22 09:37:00,2342.0,NSE,2342.9,2340.0,2341.3,DIVLAB,533
23,2020-06-22 09:38:00,2348.35,NSE,2349.0,2342.05,2342.05,DIVLAB,1554
24,2020-06-22 09:39:00,2343.5,NSE,2348.4,2342.05,2346.8,DIVLAB,1265
25,2020-06-22 09:40:00,2345.3,NSE,2345.35,2342.5,2342.5,DIVLAB,571
26,2020-06-22 09:41:00,2343.75,NSE,2345.25,2341.75,2344.65,DIVLAB,726
27,2020-06-22 09:42:00,2340.9,NSE,2344.0,2340.9,2342.75,DIVLAB,915
28,2020-06-22 09:43:00,2338.75,NSE,2341.0,2336.1,2340.25,DIVLAB,1204
29,2020-06-22 09:44:00,2338.25,NSE,2339.95,2337.0,2337.45,DIVLAB,530
30,2020-06-22 09:45:00,2336.05,NSE,2338.75,2336.05,2337.4,DIVLAB,465
31,2020-06-22 09:46:00,2340.8,NSE,2341.0,2336.05,2336.95,DIVLAB,2760
32,2020-06-22 09:47:00,2340.0,NSE,2340.7,2339.25,2340.7,DIVLAB,405
33,2020-06-22 09:48:00,2341.25,NSE,2342.0,2339.95,2340.0,DIVLAB,1185
34,2020-06-22 09:49:00,2337.9,NSE,2340.65,2336.0,2340.0,DIVLAB,1031
35,2020-06-22 09:50:00,2339.0,NSE,2339.55,2336.05,2337.95,DIVLAB,243
36,2020-06-22 09:51:00,2334.5,NSE,2338.5,2332.85,2338.5,DIVLAB,2702
37,2020-06-22 09:52:00,2334.8,NSE,2335.0,2332.65,2332.95,DIVLAB,945
38,2020-06-22 09:53:00,2327.6,NSE,2334.5,2325.05,2334.25,DIVLAB,3202
39,2020-06-22 09:54:00,2327.0,NSE,2328.95,2326.1,2327.65,DIVLAB,1474
40,2020-06-22 09:55:00,2326.65,NSE,2328.55,2325.35,2328.55,DIVLAB,1823
41,2020-06-22 09:56:00,2326.95,NSE,2327.25,2325.0,2327.25,DIVLAB,1676
42,2020-06-22 09:57:00,2326.95,NSE,2327.0,2325.2,2326.0,DIVLAB,1141
43,2020-06-22 09:58:00,2334.0,NSE,2334.7,2328.0,2328.0,DIVLAB,1543
44,2020-06-22 09:59:00,2331.0,NSE,2335.0,2331.0,2332.2,DIVLAB,1056
45,2020-06-22 10:00:00,2332.0,NSE,2333.35,2330.65,2332.85,DIVLAB,564
46,2020-06-22 10:01:00,2329.65,NSE,2332.0,2328.0,2331.3,DIVLAB,1215
47,2020-06-22 10:02:00,2329.65,NSE,2332.8,2328.3,2329.7,DIVLAB,1605
48,2020-06-22 10:03:00,2331.15,NSE,2332.6,2329.65,2329.7,DIVLAB,1636
49,2020-06-22 10:04:00,2332.0,NSE,2332.65,2331.0,2331.15,DIVLAB,384
50,2020-06-22 10:05:00,2332.9,NSE,2335.0,2332.2,2332.4,DIVLAB,469
51,2020-06-22 10:06:00,2339.0,NSE,2339.0,2332.9,2332.9,DIVLAB,1779
52,2020-06-22 10:07:00,2337.0,NSE,2339.0,2335.5,2338.5,DIVLAB,322
53,2020-06-22 10:08:00,2338.0,NSE,2338.05,2336.45,2337.0,DIVLAB,842
54,2020-06-22 10:09:00,2338.95,NSE,2339.75,2337.0,2337.95,DIVLAB,883
55,2020-06-22 10:10:00,2339.0,NSE,2339.0,2335.3,2338.5,DIVLAB,1419
56,2020-06-22 10:11:00,2335.45,NSE,2338.9,2335.45,2338.9,DIVLAB,247
57,2020-06-22 10:12:00,2335.0,NSE,2337.2,2334.55,2335.4,DIVLAB,431
58,2020-06-22 10:13:00,2331.75,NSE,2335.0,2331.75,2334.95,DIVLAB,953
59,2020-06-22 10:14:00,2333.15,NSE,2333.8,2331.75,2333.0,DIVLAB,393
60,2020-06-22 10:15:00,2329.0,NSE,2331.95,2329.0,2331.75,DIVLAB,917
61,2020-06-22 10:16:00,2332.45,NSE,2332.5,2329.0,2329.4,DIVLAB,527
62,2020-06-22 10:17:00,2332.5,NSE,2333.45,2332.1,2332.5,DIVLAB,622
63,2020-06-22 10:18:00,2329.7,NSE,2332.5,2329.0,2332.45,DIVLAB,1726
64,2020-06-22 10:19:00,2329.85,NSE,2330.0,2329.75,2329.75,DIVLAB,204
65,2020-06-22 10:20:00,2330.0,NSE,2330.0,2329.0,2329.85,DIVLAB,889
66,2020-06-22 10:21:00,2330.0,NSE,2330.95,2330.0,2330.95,DIVLAB,345
67,2020-06-22 10:22:00,2329.75,NSE,2330.8,2329.75,2330.8,DIVLAB,806
68,2020-06-22 10:23:00,2329.45,NSE,2330.35,2329.0,2330.35,DIVLAB,760
69,2020-06-22 10:24:00,2326.9,NSE,2329.45,2325.5,2329.45,DIVLAB,571
70,2020-06-22 10:25:00,2327.5,NSE,2328.4,2326.6,2326.9,DIVLAB,757
71,2020-06-22 10:26:00,2326.85,NSE,2328.0,2326.5,2327.5,DIVLAB,832
72,2020-06-22 10:27:00,2326.05,NSE,2327.2,2325.15,2327.2,DIVLAB,844
73,2020-06-22 10:28:00,2326.5,NSE,2326.5,2326.0,2326.0,DIVLAB,238
74,2020-06-22 10:29:00,2319.65,NSE,2326.5,2317.0,2325.1,DIVLAB,4717
75,2020-06-22 10:30:00,2321.95,NSE,2322.8,2319.0,2320.8,DIVLAB,1949
76,2020-06-22 10:31:00,2325.0,NSE,2325.0,2320.5,2320.6,DIVLAB,953
77,2020-06-22 10:32:00,2324.9,NSE,2325.0,2321.9,2325.0,DIVLAB,1499
78,2020-06-22 10:33:00,2326.0,NSE,2326.5,2323.9,2323.9,DIVLAB,1592
79,2020-06-22 10:34:00,2325.85,NSE,2326.0,2324.1,2326.0,DIVLAB,574
80,2020-06-22 10:35:00,2326.0,NSE,2326.0,2325.0,2325.25,DIVLAB,201
81,2020-06-22 10:36:00,2325.9,NSE,2326.0,2324.95,2325.95,DIVLAB,1312
82,2020-06-22 10:37:00,2324.15,NSE,2325.4,2323.4,2325.35,DIVLAB,248
83,2020-06-22 10:38:00,2324.0,NSE,2324.35,2322.3,2324.1,DIVLAB,153
84,2020-06-22 10:39:00,2321.95,NSE,2324.15,2321.95,2322.6,DIVLAB,341
85,2020-06-22 10:40:00,2322.0,NSE,2323.75,2321.0,2323.75,DIVLAB,601
86,2020-06-22 10:41:00,2322.0,NSE,2322.0,2320.35,2320.35,DIVLAB,176
87,2020-06-22 10:42:00,2320.5,NSE,2324.35,2320.2,2322.0,DIVLAB,701
88,2020-06-22 10:43:00,2320.75,NSE,2322.65,2320.1,2320.2,DIVLAB,205
89,2020-06-22 10:44:00,2328.55,NSE,2329.0,2321.05,2321.05,DIVLAB,1041
90,2020-06-22 10:45:00,2327.45,NSE,2328.5,2325.15,2328.5,DIVLAB,554
91,2020-06-22 10:46:00,2322.2,NSE,2327.75,2322.2,2327.5,DIVLAB,453
92,2020-06-22 10:47:00,2324.9,NSE,2324.9,2322.45,2323.2,DIVLAB,589
93,2020-06-22 10:48:00,2327.0,NSE,2327.0,2325.0,2325.65,DIVLAB,290
94,2020-06-22 10:49:00,2326.2,NSE,2328.0,2325.0,2326.8,DIVLAB,661
95,2020-06-22 10:50:00,2324.65,NSE,2324.65,2323.65,2324.65,DIVLAB,151
96,2020-06-22 10:51:00,2325.0,NSE,2327.7,2324.65,2324.65,DIVLAB,1347
97,2020-06-22 10:52:00,2324.9,NSE,2325.0,2322.6,2324.95,DIVLAB,358
98,2020-06-22 10:53:00,2324.0,NSE,2324.9,2324.0,2324.9,DIVLAB,228
99,2020-06-22 10:54:00,2323.35,NSE,2324.4,2320.6,2324.25,DIVLAB,1087
100,2020-06-22 10:55:00,2326.5,NSE,2326.5,2323.0,2323.6,DIVLAB,577
101,2020-06-22 10:56:00,2323.0,NSE,2327.25,2322.0,2327.25,DIVLAB,1490
102,2020-06-22 10:57:00,2324.0,NSE,2325.0,2322.0,2323.0,DIVLAB,4790
103,2020-06-22 10:58:00,2322.0,NSE,2324.0,2321.75,2324.0,DIVLAB,2326
104,2020-06-22 10:59:00,2322.0,NSE,2322.0,2320.65,2322.0,DIVLAB,187
105,2020-06-22 11:00:00,2321.05,NSE,2322.0,2320.6,2321.8,DIVLAB,242
106,2020-06-22 11:01:00,2321.2,NSE,2322.0,2319.95,2321.5,DIVLAB,1461
107,2020-06-22 11:02:00,2321.45,NSE,2321.95,2320.0,2321.4,DIVLAB,305
108,2020-06-22 11:03:00,2322.0,NSE,2322.0,2321.95,2321.95,DIVLAB,2215
109,2020-06-22 11:04:00,2322.0,NSE,2322.5,2321.25,2322.0,DIVLAB,245
110,2020-06-22 11:05:00,2323.7,NSE,2325.0,2322.0,2322.0,DIVLAB,1068
111,2020-06-22 11:06:00,2324.95,NSE,2325.0,2324.15,2324.15,DIVLAB,260
112,2020-06-22 11:07:00,2324.95,NSE,2324.95,2324.2,2324.95,DIVLAB,126
113,2020-06-22 11:08:00,2326.25,NSE,2327.0,2324.85,2324.95,DIVLAB,348
114,2020-06-22 11:09:00,2325.2,NSE,2326.6,2325.0,2325.0,DIVLAB,240
115,2020-06-22 11:10:00,2325.0,NSE,2325.6,2324.15,2324.15,DIVLAB,495
116,2020-06-22 11:11:00,2329.55,NSE,2329.55,2327.45,2327.45,DIVLAB,1657
117,2020-06-22 11:12:00,2334.75,NSE,2335.3,2329.55,2329.55,DIVLAB,3223
118,2020-06-22 11:13:00,2337.5,NSE,2337.5,2334.95,2334.95,DIVLAB,1479
119,2020-06-22 11:14:00,2338.0,NSE,2338.0,2336.1,2337.5,DIVLAB,1093
120,2020-06-22 11:15:00,2336.45,NSE,2338.25,2336.1,2337.95,DIVLAB,716
121,2020-06-22 11:16:00,2334.5,NSE,2336.0,2333.9,2336.0,DIVLAB,349
122,2020-06-22 11:17:00,2334.65,NSE,2335.6,2334.55,2335.6,DIVLAB,172
123,2020-06-22 11:18:00,2335.0,NSE,2337.8,2334.65,2334.65,DIVLAB,584
124,2020-06-22 11:19:00,2333.8,NSE,2336.0,2330.9,2335.0,DIVLAB,820
125,2020-06-22 11:20:00,2333.05,NSE,2334.9,2333.05,2333.8,DIVLAB,383
126,2020-06-22 11:21:00,2332.7,NSE,2332.7,2331.45,2332.3,DIVLAB,225
127,2020-06-22 11:22:00,2330.7,NSE,2335.15,2330.4,2333.5,DIVLAB,1274
128,2020-06-22 11:23:00,2332.25,NSE,2332.35,2330.1,2330.75,DIVLAB,174
129,2020-06-22 11:24:00,2331.5,NSE,2332.75,2330.15,2332.5,DIVLAB,116
130,2020-06-22 11:25:00,2331.7,NSE,2332.0,2330.7,2331.5,DIVLAB,1358
131,2020-06-22 11:26:00,2332.6,NSE,2335.0,2330.25,2331.7,DIVLAB,1717
132,2020-06-22 11:27:00,2333.85,NSE,2334.8,2333.7,2334.15,DIVLAB,539
133,2020-06-22 11:28:00,2333.15,NSE,2334.7,2333.15,2333.9,DIVLAB,134
134,2020-06-22 11:29:00,2336.0,NSE,2336.4,2333.55,2334.45,DIVLAB,609
135,2020-06-22 11:30:00,2340.0,NSE,2341.7,2337.7,2337.75,DIVLAB,4522
136,2020-06-22 11:31:00,2344.65,NSE,2344.65,2339.7,2341.05,DIVLAB,1611
137,2020-06-22 11:32:00,2343.5,NSE,2345.0,2341.55,2344.0,DIVLAB,2091
138,2020-06-22 11:33:00,2346.7,NSE,2346.7,2343.0,2343.0,DIVLAB,4312
139,2020-06-22 11:34:00,2343.15,NSE,2346.5,2343.1,2345.9,DIVLAB,863
140,2020-06-22 11:35:00,2344.2,NSE,2344.9,2341.65,2343.55,DIVLAB,1308
141,2020-06-22 11:36:00,2346.75,NSE,2347.5,2343.95,2344.7,DIVLAB,1984
142,2020-06-22 11:37:00,2348.8,NSE,2349.0,2345.2,2346.7,DIVLAB,1925
143,2020-06-22 11:38:00,2352.7,NSE,2353.0,2347.05,2348.0,DIVLAB,5126
144,2020-06-22 11:39:00,2352.1,NSE,2354.0,2352.1,2352.9,DIVLAB,2063
145,2020-06-22 11:40:00,2351.8,NSE,2352.95,2350.0,2352.1,DIVLAB,1094
146,2020-06-22 11:41:00,2351.5,NSE,2353.45,2351.1,2351.8,DIVLAB,1604
147,2020-06-22 11:42:00,2346.25,NSE,2354.25,2346.25,2351.5,DIVLAB,1541
148,2020-06-22 11:43:00,2345.95,NSE,2348.2,2345.0,2346.25,DIVLAB,489
149,2020-06-22 11:44:00,2347.55,NSE,2349.0,2345.7,2345.7,DIVLAB,458
150,2020-06-22 11:45:00,2349.2,NSE,2349.9,2347.3,2347.55,DIVLAB,2040
151,2020-06-22 11:46:00,2346.3,NSE,2349.2,2346.15,2349.2,DIVLAB,355
152,2020-06-22 11:47:00,2346.0,NSE,2348.5,2345.0,2346.15,DIVLAB,844
153,2020-06-22 11:48:00,2348.75,NSE,2348.75,2345.75,2347.95,DIVLAB,804
154,2020-06-22 11:49:00,2348.0,NSE,2350.9,2347.65,2349.25,DIVLAB,1097
155,2020-06-22 11:50:00,2345.65,NSE,2348.0,2344.1,2348.0,DIVLAB,1468
156,2020-06-22 11:51:00,2340.75,NSE,2346.3,2340.6,2344.35,DIVLAB,1268
157,2020-06-22 11:52:00,2345.0,NSE,2345.0,2341.45,2342.15,DIVLAB,926
158,2020-06-22 11:53:00,2351.25,NSE,2351.25,2345.0,2345.0,DIVLAB,1417
159,2020-06-22 11:54:00,2348.0,NSE,2352.25,2348.0,2351.25,DIVLAB,2037
160,2020-06-22 11:55:00,2345.0,NSE,2348.0,2342.7,2347.2,DIVLAB,550
161,2020-06-22 11:56:00,2346.0,NSE,2347.4,2343.0,2343.5,DIVLAB,301
162,2020-06-22 11:57:00,2346.0,NSE,2347.8,2344.55,2346.0,DIVLAB,611
163,2020-06-22 11:58:00,2349.0,NSE,2349.0,2346.0,2346.5,DIVLAB,459
164,2020-06-22 11:59:00,2349.55,NSE,2349.55,2346.85,2349.0,DIVLAB,1110
165,2020-06-22 12:00:00,2350.2,NSE,2350.2,2347.05,2349.75,DIVLAB,1851
166,2020-06-22 12:01:00,2348.95,NSE,2352.0,2348.8,2350.4,DIVLAB,986
167,2020-06-22 12:02:00,2348.25,NSE,2350.65,2347.1,2347.85,DIVLAB,453
168,2020-06-22 12:03:00,2348.95,NSE,2349.95,2347.0,2348.35,DIVLAB,816
169,2020-06-22 12:04:00,2348.05,NSE,2350.95,2347.9,2348.95,DIVLAB,1159
170,2020-06-22 12:05:00,2346.8,NSE,2348.95,2346.3,2348.95,DIVLAB,702
171,2020-06-22 12:06:00,2344.55,NSE,2346.9,2344.15,2346.85,DIVLAB,1129
172,2020-06-22 12:07:00,2345.7,NSE,2345.95,2344.0,2344.55,DIVLAB,405
173,2020-06-22 12:08:00,2343.2,NSE,2345.45,2343.2,2344.1,DIVLAB,228
174,2020-06-22 12:09:00,2342.5,NSE,2345.55,2342.4,2342.4,DIVLAB,196
175,2020-06-22 12:10:00,2342.25,NSE,2343.9,2341.3,2343.9,DIVLAB,159
176,2020-06-22 12:11:00,2343.3,NSE,2344.0,2343.1,2343.85,DIVLAB,162
177,2020-06-22 12:12:00,2343.2,NSE,2344.0,2343.2,2343.6,DIVLAB,113
178,2020-06-22 12:13:00,2343.0,NSE,2343.6,2343.0,2343.6,DIVLAB,321
179,2020-06-22 12:14:00,2343.05,NSE,2343.3,2342.0,2343.3,DIVLAB,117
180,2020-06-22 12:15:00,2344.0,NSE,2344.0,2342.75,2343.05,DIVLAB,264
181,2020-06-22 12:16:00,2347.3,NSE,2347.3,2343.75,2343.75,DIVLAB,762
182,2020-06-22 12:17:00,2343.6,NSE,2347.8,2343.1,2347.3,DIVLAB,241
183,2020-06-22 12:18:00,2342.25,NSE,2344.0,2341.0,2344.0,DIVLAB,917
184,2020-06-22 12:19:00,2341.0,NSE,2342.45,2341.0,2342.4,DIVLAB,121
185,2020-06-22 12:20:00,2342.0,NSE,2342.0,2341.05,2341.65,DIVLAB,75
186,2020-06-22 12:21:00,2343.7,NSE,2343.85,2341.05,2341.3,DIVLAB,197
187,2020-06-22 12:22:00,2341.15,NSE,2343.7,2341.15,2343.7,DIVLAB,189
188,2020-06-22 12:23:00,2342.0,NSE,2343.0,2342.0,2342.85,DIVLAB,153
189,2020-06-22 12:24:00,2341.5,NSE,2343.0,2341.0,2343.0,DIVLAB,150
190,2020-06-22 12:25:00,2339.0,NSE,2341.5,2337.85,2341.5,DIVLAB,1029
191,2020-06-22 12:26:00,2338.0,NSE,2339.0,2337.2,2339.0,DIVLAB,568
192,2020-06-22 12:27:00,2339.2,NSE,2339.4,2337.45,2338.0,DIVLAB,968
193,2020-06-22 12:28:00,2339.0,NSE,2339.2,2337.4,2339.2,DIVLAB,359
194,2020-06-22 12:29:00,2341.5,NSE,2341.5,2339.2,2339.2,DIVLAB,922
195,2020-06-22 12:30:00,2336.75,NSE,2340.95,2335.2,2340.95,DIVLAB,1652
196,2020-06-22 12:31:00,2337.35,NSE,2337.65,2335.2,2335.5,DIVLAB,193
197,2020-06-22 12:32:00,2339.95,NSE,2339.95,2336.85,2337.35,DIVLAB,337
198,2020-06-22 12:33:00,2339.05,NSE,2339.55,2337.55,2339.55,DIVLAB,516
199,2020-06-22 12:34:00,2338.05,NSE,2338.05,2335.8,2338.0,DIVLAB,829
200,2020-06-22 12:35:00,2335.7,NSE,2338.25,2333.15,2338.25,DIVLAB,1508
201,2020-06-22 12:36:00,2337.0,NSE,2337.0,2335.7,2335.7,DIVLAB,607
202,2020-06-22 12:37:00,2338.7,NSE,2338.7,2336.9,2337.4,DIVLAB,128
203,2020-06-22 12:38:00,2336.4,NSE,2338.7,2336.4,2337.25,DIVLAB,93
204,2020-06-22 12:39:00,2336.5,NSE,2337.65,2334.85,2337.5,DIVLAB,449
205,2020-06-22 12:40:00,2341.3,NSE,2341.3,2334.95,2337.8,DIVLAB,2673
206,2020-06-22 12:41:00,2340.55,NSE,2341.5,2340.5,2340.9,DIVLAB,131
207,2020-06-22 12:42:00,2339.0,NSE,2341.0,2337.15,2341.0,DIVLAB,134
208,2020-06-22 12:43:00,2341.5,NSE,2341.5,2339.0,2339.0,DIVLAB,932
209,2020-06-22 12:44:00,2342.0,NSE,2342.0,2340.25,2341.0,DIVLAB,357
210,2020-06-22 12:45:00,2342.0,NSE,2342.0,2341.0,2341.0,DIVLAB,436
211,2020-06-22 12:46:00,2341.2,NSE,2342.0,2340.0,2342.0,DIVLAB,182
212,2020-06-22 12:47:00,2344.65,NSE,2344.65,2341.0,2341.5,DIVLAB,1152
213,2020-06-22 12:48:00,2343.45,NSE,2344.8,2342.1,2344.65,DIVLAB,250
214,2020-06-22 12:49:00,2343.9,NSE,2344.0,2342.15,2342.15,DIVLAB,271
215,2020-06-22 12:50:00,2344.0,NSE,2344.0,2341.75,2342.0,DIVLAB,284
216,2020-06-22 12:51:00,2343.45,NSE,2344.0,2341.9,2344.0,DIVLAB,417
217,2020-06-22 12:52:00,2342.0,NSE,2342.8,2341.4,2342.8,DIVLAB,129
218,2020-06-22 12:53:00,2342.55,NSE,2342.55,2341.1,2342.0,DIVLAB,252
219,2020-06-22 12:54:00,2340.65,NSE,2342.05,2340.55,2341.85,DIVLAB,76
220,2020-06-22 12:55:00,2343.8,NSE,2344.0,2342.1,2342.8,DIVLAB,512
221,2020-06-22 12:56:00,2341.5,NSE,2344.0,2340.2,2343.8,DIVLAB,1248
222,2020-06-22 12:57:00,2343.75,NSE,2343.75,2342.4,2343.55,DIVLAB,298
223,2020-06-22 12:58:00,2343.8,NSE,2343.8,2343.0,2343.75,DIVLAB,157
224,2020-06-22 12:59:00,2342.05,NSE,2343.75,2342.0,2343.75,DIVLAB,229
225,2020-06-22 13:00:00,2341.55,NSE,2343.1,2339.6,2343.1,DIVLAB,253
226,2020-06-22 13:01:00,2340.45,NSE,2342.0,2340.45,2340.85,DIVLAB,116
227,2020-06-22 13:02:00,2341.85,NSE,2342.0,2341.0,2341.0,DIVLAB,132
228,2020-06-22 13:03:00,2340.7,NSE,2341.7,2340.0,2341.7,DIVLAB,141
229,2020-06-22 13:04:00,2340.0,NSE,2340.75,2339.05,2340.7,DIVLAB,359
230,2020-06-22 13:05:00,2340.0,NSE,2340.0,2339.1,2340.0,DIVLAB,212
231,2020-06-22 13:06:00,2340.0,NSE,2340.0,2339.0,2339.8,DIVLAB,243
232,2020-06-22 13:07:00,2341.15,NSE,2341.5,2340.0,2340.0,DIVLAB,304
233,2020-06-22 13:08:00,2337.4,NSE,2339.5,2337.4,2339.5,DIVLAB,156
234,2020-06-22 13:09:00,2340.0,NSE,2340.0,2337.5,2337.6,DIVLAB,691
235,2020-06-22 13:10:00,2339.5,NSE,2340.0,2338.7,2339.7,DIVLAB,168
236,2020-06-22 13:11:00,2341.4,NSE,2341.4,2337.5,2339.1,DIVLAB,549
237,2020-06-22 13:12:00,2340.15,NSE,2341.4,2339.7,2341.4,DIVLAB,190
238,2020-06-22 13:13:00,2341.35,NSE,2341.4,2339.8,2340.85,DIVLAB,106
239,2020-06-22 13:14:00,2339.75,NSE,2341.35,2339.45,2341.35,DIVLAB,113
240,2020-06-22 13:15:00,2340.0,NSE,2341.25,2339.55,2339.75,DIVLAB,427
241,2020-06-22 13:16:00,2343.8,NSE,2345.05,2339.55,2339.55,DIVLAB,1064
242,2020-06-22 13:17:00,2343.0,NSE,2344.85,2342.0,2344.75,DIVLAB,905
243,2020-06-22 13:18:00,2342.2,NSE,2343.65,2342.0,2343.65,DIVLAB,82
244,2020-06-22 13:19:00,2343.0,NSE,2343.75,2342.2,2343.45,DIVLAB,220
245,2020-06-22 13:20:00,2344.8,NSE,2345.3,2342.5,2343.1,DIVLAB,1022
246,2020-06-22 13:21:00,2344.85,NSE,2344.85,2343.35,2344.75,DIVLAB,583
247,2020-06-22 13:22:00,2344.8,NSE,2344.8,2344.0,2344.7,DIVLAB,387
248,2020-06-22 13:23:00,2346.3,NSE,2346.85,2344.0,2344.0,DIVLAB,293
249,2020-06-22 13:24:00,2348.8,NSE,2348.8,2346.0,2346.3,DIVLAB,1353
250,2020-06-22 13:25:00,2347.6,NSE,2348.8,2346.3,2347.85,DIVLAB,340
251,2020-06-22 13:26:00,2347.0,NSE,2347.5,2346.0,2347.0,DIVLAB,305
252,2020-06-22 13:27:00,2345.05,NSE,2346.6,2345.0,2346.5,DIVLAB,292
253,2020-06-22 13:28:00,2346.7,NSE,2346.8,2342.65,2345.0,DIVLAB,680
254,2020-06-22 13:29:00,2344.95,NSE,2346.65,2343.3,2346.65,DIVLAB,283
255,2020-06-22 13:30:00,2344.55,NSE,2344.9,2342.4,2344.9,DIVLAB,167
256,2020-06-22 13:31:00,2341.3,NSE,2344.55,2340.9,2344.55,DIVLAB,168
257,2020-06-22 13:32:00,2341.05,NSE,2342.85,2338.8,2342.85,DIVLAB,566
258,2020-06-22 13:33:00,2341.9,NSE,2342.35,2339.05,2339.9,DIVLAB,883
259,2020-06-22 13:34:00,2341.95,NSE,2343.25,2340.75,2341.9,DIVLAB,558
260,2020-06-22 13:35:00,2344.0,NSE,2345.0,2341.0,2341.75,DIVLAB,257
261,2020-06-22 13:36:00,2343.9,NSE,2343.9,2341.35,2343.5,DIVLAB,435
262,2020-06-22 13:37:00,2344.0,NSE,2344.0,2341.9,2342.5,DIVLAB,145
263,2020-06-22 13:38:00,2343.25,NSE,2343.7,2342.35,2343.65,DIVLAB,60
264,2020-06-22 13:39:00,2343.2,NSE,2343.55,2341.5,2342.3,DIVLAB,118
265,2020-06-22 13:40:00,2340.9,NSE,2342.9,2340.0,2342.75,DIVLAB,244
266,2020-06-22 13:41:00,2341.0,NSE,2341.95,2339.4,2340.75,DIVLAB,259
267,2020-06-22 13:42:00,2341.05,NSE,2342.45,2341.05,2341.7,DIVLAB,73
268,2020-06-22 13:43:00,2342.0,NSE,2342.2,2341.0,2341.05,DIVLAB,223
269,2020-06-22 13:44:00,2342.9,NSE,2343.0,2341.75,2342.0,DIVLAB,208
270,2020-06-22 13:45:00,2343.0,NSE,2343.0,2341.0,2342.95,DIVLAB,159
271,2020-06-22 13:46:00,2342.75,NSE,2342.8,2340.95,2342.35,DIVLAB,225
272,2020-06-22 13:47:00,2342.0,NSE,2342.95,2340.8,2342.0,DIVLAB,218
273,2020-06-22 13:48:00,2345.85,NSE,2345.85,2342.0,2342.25,DIVLAB,783
274,2020-06-22 13:49:00,2347.0,NSE,2347.0,2345.2,2345.55,DIVLAB,352
275,2020-06-22 13:50:00,2348.45,NSE,2348.9,2347.0,2347.0,DIVLAB,1069
276,2020-06-22 13:51:00,2347.85,NSE,2349.95,2346.85,2348.7,DIVLAB,754
277,2020-06-22 13:52:00,2347.0,NSE,2349.4,2346.3,2348.45,DIVLAB,774
278,2020-06-22 13:53:00,2347.0,NSE,2348.95,2346.8,2348.95,DIVLAB,387
279,2020-06-22 13:54:00,2347.0,NSE,2347.7,2345.45,2347.7,DIVLAB,339
280,2020-06-22 13:55:00,2346.0,NSE,2348.0,2346.0,2346.75,DIVLAB,405
281,2020-06-22 13:56:00,2345.0,NSE,2347.8,2345.0,2347.0,DIVLAB,318
282,2020-06-22 13:57:00,2343.4,NSE,2346.45,2343.4,2346.45,DIVLAB,339
283,2020-06-22 13:58:00,2344.1,NSE,2344.1,2343.15,2344.1,DIVLAB,599
284,2020-06-22 13:59:00,2343.4,NSE,2344.5,2342.35,2344.05,DIVLAB,237
285,2020-06-22 14:00:00,2346.0,NSE,2346.0,2343.4,2343.95,DIVLAB,443
286,2020-06-22 14:01:00,2345.5,NSE,2348.35,2345.5,2347.85,DIVLAB,1005
287,2020-06-22 14:02:00,2347.55,NSE,2347.55,2345.5,2345.75,DIVLAB,249
288,2020-06-22 14:03:00,2347.25,NSE,2347.75,2346.0,2347.0,DIVLAB,1078
289,2020-06-22 14:04:00,2347.25,NSE,2347.45,2346.3,2347.25,DIVLAB,281
290,2020-06-22 14:05:00,2347.1,NSE,2347.95,2346.7,2346.7,DIVLAB,357
291,2020-06-22 14:06:00,2347.65,NSE,2347.65,2346.1,2347.25,DIVLAB,550
292,2020-06-22 14:07:00,2346.5,NSE,2347.2,2346.05,2346.55,DIVLAB,469
293,2020-06-22 14:08:00,2346.5,NSE,2346.5,2345.5,2346.5,DIVLAB,828
294,2020-06-22 14:09:00,2347.7,NSE,2349.0,2347.0,2347.0,DIVLAB,647
295,2020-06-22 14:10:00,2348.0,NSE,2348.45,2346.5,2347.5,DIVLAB,1013
296,2020-06-22 14:11:00,2352.0,NSE,2353.0,2347.0,2348.0,DIVLAB,7159
297,2020-06-22 14:12:00,2352.15,NSE,2353.0,2351.95,2352.2,DIVLAB,794
298,2020-06-22 14:13:00,2353.2,NSE,2353.95,2350.65,2352.0,DIVLAB,1117
299,2020-06-22 14:14:00,2352.15,NSE,2353.0,2351.9,2352.0,DIVLAB,674
300,2020-06-22 14:15:00,2351.5,NSE,2352.8,2349.5,2352.5,DIVLAB,1022
301,2020-06-22 14:16:00,2350.0,NSE,2351.75,2349.5,2351.75,DIVLAB,596
302,2020-06-22 14:17:00,2350.75,NSE,2352.6,2348.8,2349.9,DIVLAB,902
303,2020-06-22 14:18:00,2351.95,NSE,2353.5,2350.75,2350.75,DIVLAB,985
304,2020-06-22 14:19:00,2353.9,NSE,2353.9,2351.95,2351.95,DIVLAB,761
305,2020-06-22 14:20:00,2352.1,NSE,2353.45,2352.1,2352.2,DIVLAB,392
306,2020-06-22 14:21:00,2352.1,NSE,2352.8,2352.0,2352.05,DIVLAB,1951
307,2020-06-22 14:22:00,2350.0,NSE,2352.45,2350.0,2352.45,DIVLAB,965
308,2020-06-22 14:23:00,2347.0,NSE,2350.0,2347.0,2350.0,DIVLAB,3620
309,2020-06-22 14:24:00,2350.25,NSE,2351.1,2347.05,2347.05,DIVLAB,818
310,2020-06-22 14:25:00,2351.0,NSE,2351.4,2348.85,2350.3,DIVLAB,392
311,2020-06-22 14:26:00,2351.55,NSE,2353.0,2351.0,2351.0,DIVLAB,1304
312,2020-06-22 14:27:00,2352.15,NSE,2354.0,2351.1,2351.6,DIVLAB,3657
313,2020-06-22 14:28:00,2350.3,NSE,2352.25,2350.3,2351.65,DIVLAB,1187
314,2020-06-22 14:29:00,2348.4,NSE,2352.05,2348.4,2352.05,DIVLAB,1475
315,2020-06-22 14:30:00,2349.0,NSE,2349.0,2348.0,2348.7,DIVLAB,462
316,2020-06-22 14:31:00,2347.05,NSE,2348.15,2347.0,2348.0,DIVLAB,248
317,2020-06-22 14:32:00,2347.55,NSE,2348.0,2347.05,2347.05,DIVLAB,487
318,2020-06-22 14:33:00,2347.45,NSE,2348.0,2347.05,2347.1,DIVLAB,1163
319,2020-06-22 14:34:00,2349.75,NSE,2349.75,2347.0,2348.0,DIVLAB,1516
320,2020-06-22 14:35:00,2350.55,NSE,2350.7,2348.95,2350.6,DIVLAB,1143
321,2020-06-22 14:36:00,2348.55,NSE,2351.2,2348.2,2350.0,DIVLAB,1033
322,2020-06-22 14:37:00,2348.1,NSE,2349.7,2347.5,2348.1,DIVLAB,385
323,2020-06-22 14:38:00,2349.1,NSE,2349.1,2347.5,2347.75,DIVLAB,714
324,2020-06-22 14:39:00,2348.55,NSE,2349.55,2347.05,2349.1,DIVLAB,883
325,2020-06-22 14:40:00,2349.8,NSE,2350.0,2347.0,2347.7,DIVLAB,1218
326,2020-06-22 14:41:00,2347.0,NSE,2350.0,2347.0,2348.05,DIVLAB,397
327,2020-06-22 14:42:00,2348.0,NSE,2349.35,2347.35,2349.2,DIVLAB,820
328,2020-06-22 14:43:00,2347.05,NSE,2349.75,2346.75,2347.5,DIVLAB,1089
329,2020-06-22 14:44:00,2347.35,NSE,2348.3,2347.3,2347.8,DIVLAB,586
330,2020-06-22 14:45:00,2343.8,NSE,2347.75,2343.8,2347.75,DIVLAB,1593
331,2020-06-22 14:46:00,2344.25,NSE,2344.95,2341.0,2343.45,DIVLAB,1670
332,2020-06-22 14:47:00,2341.8,NSE,2344.9,2340.0,2344.9,DIVLAB,1503
333,2020-06-22 14:48:00,2343.25,NSE,2345.75,2341.4,2341.8,DIVLAB,1240
334,2020-06-22 14:49:00,2343.0,NSE,2345.55,2342.0,2343.25,DIVLAB,889
335,2020-06-22 14:50:00,2348.05,NSE,2348.35,2341.35,2343.0,DIVLAB,1718
336,2020-06-22 14:51:00,2348.25,NSE,2350.0,2347.1,2347.15,DIVLAB,1360
337,2020-06-22 14:52:00,2346.0,NSE,2348.0,2346.0,2347.5,DIVLAB,741
338,2020-06-22 14:53:00,2346.65,NSE,2348.6,2344.85,2346.0,DIVLAB,1110
339,2020-06-22 14:54:00,2347.0,NSE,2348.75,2347.0,2348.75,DIVLAB,654
340,2020-06-22 14:55:00,2345.5,NSE,2348.0,2345.15,2347.4,DIVLAB,1636
341,2020-06-22 14:56:00,2348.0,NSE,2352.05,2344.75,2345.65,DIVLAB,2332
342,2020-06-22 14:57:00,2347.0,NSE,2348.4,2346.15,2348.0,DIVLAB,1406
343,2020-06-22 14:58:00,2352.5,NSE,2352.5,2346.25,2346.55,DIVLAB,2137
344,2020-06-22 14:59:00,2348.0,NSE,2351.85,2346.7,2351.85,DIVLAB,2105
345,2020-06-22 15:00:00,2349.0,NSE,2350.1,2348.0,2348.0,DIVLAB,1152
346,2020-06-22 15:01:00,2347.0,NSE,2348.7,2345.1,2347.1,DIVLAB,4655
347,2020-06-22 15:02:00,2346.3,NSE,2348.0,2346.3,2348.0,DIVLAB,1621
348,2020-06-22 15:03:00,2346.05,NSE,2347.5,2345.2,2346.3,DIVLAB,798
349,2020-06-22 15:04:00,2346.9,NSE,2347.15,2345.0,2346.05,DIVLAB,1459
350,2020-06-22 15:05:00,2346.0,NSE,2348.5,2346.0,2347.7,DIVLAB,1298
351,2020-06-22 15:06:00,2347.1,NSE,2348.95,2345.9,2346.0,DIVLAB,1490
352,2020-06-22 15:07:00,2348.25,NSE,2348.85,2347.15,2347.2,DIVLAB,1036
353,2020-06-22 15:08:00,2347.55,NSE,2348.8,2347.55,2347.55,DIVLAB,936
354,2020-06-22 15:09:00,2347.95,NSE,2348.8,2347.55,2348.45,DIVLAB,1069
355,2020-06-22 15:10:00,2348.5,NSE,2349.0,2347.6,2347.6,DIVLAB,887
356,2020-06-22 15:11:00,2348.0,NSE,2348.6,2348.0,2348.3,DIVLAB,774
357,2020-06-22 15:12:00,2351.7,NSE,2352.0,2348.0,2348.0,DIVLAB,1453
358,2020-06-22 15:13:00,2351.95,NSE,2352.05,2350.4,2351.7,DIVLAB,955
359,2020-06-22 15:14:00,2351.75,NSE,2352.85,2350.05,2351.9,DIVLAB,1412
360,2020-06-22 15:15:00,2351.15,NSE,2351.8,2350.2,2351.8,DIVLAB,1879
361,2020-06-22 15:16:00,2350.5,NSE,2352.0,2349.0,2351.1,DIVLAB,1661
362,2020-06-22 15:17:00,2351.05,NSE,2352.8,2350.15,2351.75,DIVLAB,2270
363,2020-06-22 15:18:00,2352.2,NSE,2353.0,2351.05,2351.05,DIVLAB,1480
364,2020-06-22 15:19:00,2351.9,NSE,2353.0,2351.5,2352.2,DIVLAB,927
365,2020-06-22 15:20:00,2352.8,NSE,2353.0,2352.75,2352.75,DIVLAB,1504
366,2020-06-22 15:21:00,2351.25,NSE,2353.0,2351.05,2352.8,DIVLAB,2158
367,2020-06-22 15:22:00,2353.0,NSE,2353.0,2351.2,2351.2,DIVLAB,1805
368,2020-06-22 15:23:00,2352.1,NSE,2353.0,2351.3,2353.0,DIVLAB,1276
369,2020-06-22 15:24:00,2352.6,NSE,2352.6,2350.75,2352.5,DIVLAB,1235
370,2020-06-22 15:25:00,2352.0,NSE,2352.7,2350.05,2352.55,DIVLAB,6327
371,2020-06-22 15:26:00,2350.5,NSE,2352.5,2350.2,2352.0,DIVLAB,1315
372,2020-06-22 15:27:00,2350.0,NSE,2351.9,2350.0,2351.9,DIVLAB,762
373,2020-06-22 15:28:00,2345.05,NSE,2350.0,2345.05,2350.0,DIVLAB,5213
374,2020-06-22 15:29:00,2347.0,NSE,2349.3,2345.1,2346.95,DIVLAB,2363
