,datetime,close,exchange_code,high,low,open,stock_code,volume
0,2020-12-17 09:15:00,5040.0,NSE,5050.0,5030.0,5050.0,DRREDD,12610
1,2020-12-17 09:16:00,5040.65,NSE,5043.9,5034.1,5038.3,DRREDD,4884
2,2020-12-17 09:17:00,5038.95,NSE,5043.0,5033.15,5040.65,DRREDD,5580
3,2020-12-17 09:18:00,5047.1,NSE,5049.45,5038.25,5040.0,DRREDD,5558
4,2020-12-17 09:19:00,5047.0,NSE,5048.0,5042.95,5047.1,DRREDD,2688
5,2020-12-17 09:20:00,5048.0,NSE,5049.0,5044.35,5044.35,DRREDD,3127
6,2020-12-17 09:21:00,5056.0,NSE,5058.0,5047.0,5048.0,DRREDD,7065
7,2020-12-17 09:22:00,5057.0,NSE,5059.6,5055.05,5057.5,DRREDD,5237
8,2020-12-17 09:23:00,5069.0,NSE,5070.0,5055.5,5055.7,DRREDD,11939
9,2020-12-17 09:24:00,5084.0,NSE,5084.0,5068.0,5069.0,DRREDD,17308
10,2020-12-17 09:25:00,5091.85,NSE,5091.85,5080.0,5084.0,DRREDD,20474
11,2020-12-17 09:26:00,5102.0,NSE,5106.5,5090.1,5091.85,DRREDD,29950
12,2020-12-17 09:27:00,5094.6,NSE,5104.65,5091.65,5101.2,DRREDD,21153
13,2020-12-17 09:28:00,5093.25,NSE,5096.35,5086.25,5091.45,DRREDD,14406
14,2020-12-17 09:29:00,5086.4,NSE,5093.95,5085.2,5093.0,DRREDD,9576
15,2020-12-17 09:30:00,5102.0,NSE,5102.0,5087.0,5088.45,DRREDD,15714
16,2020-12-17 09:31:00,5102.0,NSE,5102.95,5094.45,5100.1,DRREDD,10770
17,2020-12-17 09:32:00,5091.0,NSE,5104.95,5090.05,5101.95,DRREDD,11923
18,2020-12-17 09:33:00,5094.5,NSE,5094.5,5086.4,5092.4,DRREDD,6362
19,2020-12-17 09:34:00,5090.0,NSE,5094.4,5089.05,5092.05,DRREDD,4980
20,2020-12-17 09:35:00,5091.3,NSE,5091.3,5088.0,5089.15,DRREDD,3764
21,2020-12-17 09:36:00,5096.9,NSE,5097.0,5089.15,5091.0,DRREDD,4835
22,2020-12-17 09:37:00,5091.0,NSE,5097.0,5090.05,5095.5,DRREDD,3271
23,2020-12-17 09:38:00,5083.75,NSE,5091.0,5081.0,5091.0,DRREDD,9857
24,2020-12-17 09:39:00,5088.5,NSE,5090.0,5081.45,5081.45,DRREDD,5115
25,2020-12-17 09:40:00,5093.0,NSE,5093.0,5088.0,5090.0,DRREDD,5635
26,2020-12-17 09:41:00,5090.0,NSE,5094.5,5089.1,5093.45,DRREDD,3580
27,2020-12-17 09:42:00,5088.6,NSE,5090.75,5086.05,5090.75,DRREDD,2531
28,2020-12-17 09:43:00,5092.35,NSE,5094.0,5088.05,5088.05,DRREDD,3183
29,2020-12-17 09:44:00,5088.0,NSE,5093.0,5087.0,5093.0,DRREDD,2466
30,2020-12-17 09:45:00,5082.2,NSE,5087.0,5082.0,5087.0,DRREDD,6997
31,2020-12-17 09:46:00,5079.0,NSE,5082.9,5078.0,5082.2,DRREDD,18547
32,2020-12-17 09:47:00,5078.05,NSE,5079.95,5074.0,5079.0,DRREDD,5236
33,2020-12-17 09:48:00,5079.0,NSE,5080.0,5075.55,5079.85,DRREDD,2268
34,2020-12-17 09:49:00,5077.3,NSE,5079.5,5077.0,5077.55,DRREDD,2545
35,2020-12-17 09:50:00,5071.0,NSE,5078.8,5070.0,5077.3,DRREDD,7443
36,2020-12-17 09:51:00,5081.55,NSE,5084.55,5066.0,5066.35,DRREDD,9848
37,2020-12-17 09:52:00,5087.0,NSE,5087.0,5080.0,5080.55,DRREDD,4875
38,2020-12-17 09:53:00,5086.35,NSE,5088.5,5083.75,5086.2,DRREDD,4745
39,2020-12-17 09:54:00,5087.0,NSE,5090.0,5086.0,5086.35,DRREDD,2765
40,2020-12-17 09:55:00,5091.0,NSE,5092.0,5088.0,5088.0,DRREDD,4472
41,2020-12-17 09:56:00,5095.0,NSE,5095.0,5090.1,5090.25,DRREDD,5604
42,2020-12-17 09:57:00,5094.0,NSE,5099.95,5093.1,5095.0,DRREDD,12805
43,2020-12-17 09:58:00,5090.75,NSE,5095.0,5087.1,5095.0,DRREDD,3275
44,2020-12-17 09:59:00,5089.0,NSE,5091.8,5088.25,5090.75,DRREDD,1517
45,2020-12-17 10:00:00,5088.9,NSE,5092.0,5088.9,5088.95,DRREDD,1309
46,2020-12-17 10:01:00,5091.0,NSE,5094.0,5088.45,5088.9,DRREDD,2866
47,2020-12-17 10:02:00,5092.0,NSE,5094.0,5090.0,5092.5,DRREDD,1607
48,2020-12-17 10:03:00,5090.0,NSE,5092.0,5090.0,5092.0,DRREDD,2341
49,2020-12-17 10:04:00,5084.0,NSE,5090.2,5083.0,5090.0,DRREDD,2692
50,2020-12-17 10:05:00,5087.5,NSE,5088.6,5085.1,5085.1,DRREDD,1478
51,2020-12-17 10:06:00,5090.95,NSE,5091.2,5087.0,5087.15,DRREDD,1349
52,2020-12-17 10:07:00,5091.15,NSE,5092.0,5088.55,5088.55,DRREDD,1674
53,2020-12-17 10:08:00,5078.0,NSE,5091.1,5078.0,5091.1,DRREDD,6622
54,2020-12-17 10:09:00,5082.75,NSE,5085.4,5078.0,5080.0,DRREDD,1311
55,2020-12-17 10:10:00,5082.4,NSE,5085.3,5080.0,5083.85,DRREDD,1548
56,2020-12-17 10:11:00,5087.7,NSE,5090.9,5080.65,5082.4,DRREDD,2123
57,2020-12-17 10:12:00,5087.4,NSE,5089.05,5083.55,5087.7,DRREDD,1305
58,2020-12-17 10:13:00,5092.0,NSE,5093.9,5087.4,5087.4,DRREDD,4557
59,2020-12-17 10:14:00,5097.85,NSE,5098.0,5090.8,5091.0,DRREDD,6740
60,2020-12-17 10:15:00,5099.85,NSE,5100.0,5095.55,5097.35,DRREDD,7548
61,2020-12-17 10:16:00,5108.45,NSE,5115.0,5097.6,5097.6,DRREDD,35933
62,2020-12-17 10:17:00,5107.2,NSE,5113.8,5107.0,5109.95,DRREDD,13231
63,2020-12-17 10:18:00,5110.0,NSE,5112.2,5107.0,5107.85,DRREDD,7304
64,2020-12-17 10:19:00,5112.0,NSE,5114.0,5109.0,5111.0,DRREDD,8393
65,2020-12-17 10:20:00,5112.0,NSE,5113.4,5110.0,5112.0,DRREDD,5747
66,2020-12-17 10:21:00,5110.0,NSE,5113.0,5110.0,5111.05,DRREDD,4563
67,2020-12-17 10:22:00,5109.0,NSE,5112.2,5105.15,5111.05,DRREDD,7306
68,2020-12-17 10:23:00,5111.45,NSE,5114.0,5109.25,5110.25,DRREDD,6545
69,2020-12-17 10:24:00,5117.3,NSE,5119.9,5111.55,5113.5,DRREDD,10403
70,2020-12-17 10:25:00,5116.0,NSE,5120.0,5113.0,5119.0,DRREDD,8821
71,2020-12-17 10:26:00,5113.1,NSE,5119.0,5112.0,5115.5,DRREDD,4643
72,2020-12-17 10:27:00,5113.0,NSE,5117.75,5111.2,5114.0,DRREDD,5746
73,2020-12-17 10:28:00,5117.0,NSE,5118.0,5111.1,5112.0,DRREDD,5968
74,2020-12-17 10:29:00,5118.0,NSE,5119.0,5114.05,5117.0,DRREDD,5718
75,2020-12-17 10:30:00,5118.25,NSE,5119.0,5116.0,5117.0,DRREDD,5672
76,2020-12-17 10:31:00,5123.0,NSE,5125.0,5118.0,5119.0,DRREDD,20812
77,2020-12-17 10:32:00,5125.0,NSE,5125.0,5122.0,5123.75,DRREDD,6527
78,2020-12-17 10:33:00,5124.45,NSE,5127.0,5122.05,5125.0,DRREDD,8086
79,2020-12-17 10:34:00,5129.05,NSE,5129.95,5124.2,5124.45,DRREDD,9221
80,2020-12-17 10:35:00,5125.85,NSE,5129.95,5122.05,5129.0,DRREDD,12130
81,2020-12-17 10:36:00,5131.85,NSE,5134.5,5122.45,5125.0,DRREDD,14058
82,2020-12-17 10:37:00,5129.05,NSE,5132.0,5125.45,5131.95,DRREDD,7107
83,2020-12-17 10:38:00,5127.15,NSE,5131.25,5127.05,5130.0,DRREDD,3450
84,2020-12-17 10:39:00,5123.4,NSE,5129.0,5122.7,5129.0,DRREDD,4649
85,2020-12-17 10:40:00,5122.0,NSE,5125.0,5118.2,5124.0,DRREDD,7884
86,2020-12-17 10:41:00,5120.0,NSE,5122.5,5119.5,5121.95,DRREDD,4350
87,2020-12-17 10:42:00,5118.0,NSE,5122.0,5118.0,5121.0,DRREDD,2234
88,2020-12-17 10:43:00,5116.2,NSE,5118.8,5115.0,5118.0,DRREDD,4743
89,2020-12-17 10:44:00,5112.0,NSE,5116.2,5107.15,5116.2,DRREDD,12220
90,2020-12-17 10:45:00,5112.55,NSE,5115.0,5110.5,5112.0,DRREDD,4141
91,2020-12-17 10:46:00,5118.35,NSE,5120.0,5112.35,5114.1,DRREDD,4169
92,2020-12-17 10:47:00,5119.7,NSE,5120.0,5117.0,5118.35,DRREDD,1144
93,2020-12-17 10:48:00,5117.0,NSE,5119.9,5115.35,5119.7,DRREDD,1809
94,2020-12-17 10:49:00,5119.0,NSE,5119.0,5115.45,5115.45,DRREDD,2461
95,2020-12-17 10:50:00,5116.0,NSE,5119.0,5115.5,5119.0,DRREDD,1383
96,2020-12-17 10:51:00,5115.1,NSE,5118.0,5115.0,5115.5,DRREDD,2443
97,2020-12-17 10:52:00,5112.45,NSE,5117.0,5111.0,5115.05,DRREDD,3555
98,2020-12-17 10:53:00,5111.0,NSE,5114.0,5110.0,5112.0,DRREDD,2731
99,2020-12-17 10:54:00,5111.0,NSE,5112.0,5110.0,5111.0,DRREDD,2073
100,2020-12-17 10:55:00,5110.4,NSE,5111.0,5110.0,5111.0,DRREDD,1849
101,2020-12-17 10:56:00,5112.0,NSE,5113.0,5110.0,5110.4,DRREDD,3808
102,2020-12-17 10:57:00,5112.35,NSE,5115.15,5112.0,5113.0,DRREDD,2227
103,2020-12-17 10:58:00,5112.95,NSE,5113.55,5110.5,5113.55,DRREDD,2059
104,2020-12-17 10:59:00,5102.0,NSE,5113.2,5100.2,5113.2,DRREDD,9570
105,2020-12-17 11:00:00,5106.75,NSE,5109.2,5100.85,5102.0,DRREDD,3714
106,2020-12-17 11:01:00,5109.55,NSE,5110.0,5107.05,5108.95,DRREDD,1827
107,2020-12-17 11:02:00,5108.25,NSE,5110.0,5107.75,5109.65,DRREDD,1804
108,2020-12-17 11:03:00,5109.95,NSE,5110.0,5108.25,5109.05,DRREDD,3440
109,2020-12-17 11:04:00,5109.15,NSE,5112.25,5108.0,5109.95,DRREDD,3933
110,2020-12-17 11:05:00,5105.0,NSE,5111.7,5105.0,5111.7,DRREDD,3483
111,2020-12-17 11:06:00,5105.6,NSE,5107.25,5102.0,5105.0,DRREDD,5202
112,2020-12-17 11:07:00,5106.0,NSE,5106.65,5104.45,5105.6,DRREDD,1096
113,2020-12-17 11:08:00,5107.0,NSE,5107.3,5105.0,5106.0,DRREDD,837
114,2020-12-17 11:09:00,5105.7,NSE,5107.0,5105.1,5107.0,DRREDD,1506
115,2020-12-17 11:10:00,5106.9,NSE,5108.9,5105.45,5105.7,DRREDD,1203
116,2020-12-17 11:11:00,5105.0,NSE,5110.0,5105.0,5108.8,DRREDD,2419
117,2020-12-17 11:12:00,5103.35,NSE,5105.75,5103.35,5105.3,DRREDD,1702
118,2020-12-17 11:13:00,5100.3,NSE,5104.6,5100.3,5103.05,DRREDD,3651
119,2020-12-17 11:14:00,5100.5,NSE,5102.0,5095.1,5101.0,DRREDD,7357
120,2020-12-17 11:15:00,5099.65,NSE,5102.05,5098.0,5102.05,DRREDD,2461
121,2020-12-17 11:16:00,5104.0,NSE,5104.95,5099.65,5099.65,DRREDD,1464
122,2020-12-17 11:17:00,5102.0,NSE,5104.0,5101.95,5104.0,DRREDD,999
123,2020-12-17 11:18:00,5103.0,NSE,5103.0,5100.45,5102.0,DRREDD,2148
124,2020-12-17 11:19:00,5100.95,NSE,5103.0,5100.0,5103.0,DRREDD,1207
125,2020-12-17 11:20:00,5102.45,NSE,5103.65,5100.1,5100.95,DRREDD,1457
126,2020-12-17 11:21:00,5101.7,NSE,5103.7,5101.7,5103.0,DRREDD,827
127,2020-12-17 11:22:00,5102.55,NSE,5103.0,5101.55,5101.7,DRREDD,2379
128,2020-12-17 11:23:00,5107.0,NSE,5108.95,5103.5,5103.5,DRREDD,1978
129,2020-12-17 11:24:00,5108.85,NSE,5110.0,5106.65,5108.6,DRREDD,2633
130,2020-12-17 11:25:00,5107.8,NSE,5108.85,5105.4,5108.85,DRREDD,1529
131,2020-12-17 11:26:00,5105.65,NSE,5107.7,5105.35,5107.45,DRREDD,1030
132,2020-12-17 11:27:00,5104.8,NSE,5106.35,5103.0,5106.05,DRREDD,965
133,2020-12-17 11:28:00,5106.0,NSE,5106.0,5103.0,5103.0,DRREDD,985
134,2020-12-17 11:29:00,5107.0,NSE,5107.5,5104.1,5105.95,DRREDD,920
135,2020-12-17 11:30:00,5109.0,NSE,5109.0,5104.65,5106.9,DRREDD,1371
136,2020-12-17 11:31:00,5108.5,NSE,5109.0,5106.3,5109.0,DRREDD,1297
137,2020-12-17 11:32:00,5107.0,NSE,5110.0,5107.0,5108.5,DRREDD,3873
138,2020-12-17 11:33:00,5113.7,NSE,5114.7,5107.1,5108.5,DRREDD,4590
139,2020-12-17 11:34:00,5113.0,NSE,5115.0,5111.5,5113.7,DRREDD,4135
140,2020-12-17 11:35:00,5112.5,NSE,5113.45,5110.0,5112.0,DRREDD,2585
141,2020-12-17 11:36:00,5112.75,NSE,5113.0,5110.4,5112.5,DRREDD,1350
142,2020-12-17 11:37:00,5111.55,NSE,5113.0,5110.0,5113.0,DRREDD,1258
143,2020-12-17 11:38:00,5112.0,NSE,5114.0,5110.1,5110.9,DRREDD,1870
144,2020-12-17 11:39:00,5112.0,NSE,5114.9,5111.6,5114.25,DRREDD,1450
145,2020-12-17 11:40:00,5118.6,NSE,5119.7,5111.15,5112.0,DRREDD,5965
146,2020-12-17 11:41:00,5117.3,NSE,5119.0,5115.0,5116.6,DRREDD,1760
147,2020-12-17 11:42:00,5116.0,NSE,5117.8,5115.15,5117.25,DRREDD,768
148,2020-12-17 11:43:00,5115.5,NSE,5117.45,5115.2,5115.5,DRREDD,1231
149,2020-12-17 11:44:00,5114.5,NSE,5117.35,5113.3,5117.0,DRREDD,2132
150,2020-12-17 11:45:00,5109.85,NSE,5114.5,5106.0,5114.5,DRREDD,4832
151,2020-12-17 11:46:00,5111.95,NSE,5111.95,5107.5,5111.9,DRREDD,1770
152,2020-12-17 11:47:00,5109.6,NSE,5111.85,5108.25,5109.65,DRREDD,544
153,2020-12-17 11:48:00,5112.85,NSE,5112.85,5108.2,5109.6,DRREDD,1165
154,2020-12-17 11:49:00,5112.7,NSE,5113.95,5111.0,5113.0,DRREDD,558
155,2020-12-17 11:50:00,5111.45,NSE,5113.35,5109.0,5113.35,DRREDD,1258
156,2020-12-17 11:51:00,5112.0,NSE,5113.0,5109.45,5111.85,DRREDD,613
157,2020-12-17 11:52:00,5111.5,NSE,5112.95,5109.25,5112.95,DRREDD,542
158,2020-12-17 11:53:00,5109.25,NSE,5112.5,5108.25,5112.5,DRREDD,1152
159,2020-12-17 11:54:00,5110.0,NSE,5112.0,5108.9,5109.25,DRREDD,862
160,2020-12-17 11:55:00,5108.0,NSE,5111.0,5108.0,5111.0,DRREDD,761
161,2020-12-17 11:56:00,5104.55,NSE,5110.3,5102.2,5110.3,DRREDD,2244
162,2020-12-17 11:57:00,5105.75,NSE,5106.65,5102.5,5104.45,DRREDD,1297
163,2020-12-17 11:58:00,5107.7,NSE,5109.5,5104.55,5107.9,DRREDD,1000
164,2020-12-17 11:59:00,5107.95,NSE,5109.0,5106.05,5107.7,DRREDD,1045
165,2020-12-17 12:00:00,5106.6,NSE,5108.6,5106.35,5108.6,DRREDD,780
166,2020-12-17 12:01:00,5110.0,NSE,5110.0,5106.4,5108.6,DRREDD,3190
167,2020-12-17 12:02:00,5113.45,NSE,5113.9,5109.95,5109.95,DRREDD,2235
168,2020-12-17 12:03:00,5114.0,NSE,5114.0,5110.5,5113.5,DRREDD,1388
169,2020-12-17 12:04:00,5111.45,NSE,5114.5,5111.45,5114.5,DRREDD,793
170,2020-12-17 12:05:00,5111.0,NSE,5113.95,5111.0,5111.8,DRREDD,1012
171,2020-12-17 12:06:00,5111.0,NSE,5113.9,5111.0,5111.05,DRREDD,776
172,2020-12-17 12:07:00,5111.0,NSE,5113.8,5111.0,5111.95,DRREDD,662
173,2020-12-17 12:08:00,5112.2,NSE,5113.9,5111.0,5111.6,DRREDD,978
174,2020-12-17 12:09:00,5113.95,NSE,5113.95,5111.5,5113.75,DRREDD,1135
175,2020-12-17 12:10:00,5111.35,NSE,5113.95,5111.0,5111.9,DRREDD,1063
176,2020-12-17 12:11:00,5110.0,NSE,5113.35,5110.0,5111.0,DRREDD,931
177,2020-12-17 12:12:00,5111.0,NSE,5113.55,5109.45,5110.0,DRREDD,884
178,2020-12-17 12:13:00,5112.35,NSE,5112.95,5109.95,5112.6,DRREDD,717
179,2020-12-17 12:14:00,5110.4,NSE,5112.35,5109.9,5109.95,DRREDD,434
180,2020-12-17 12:15:00,5109.7,NSE,5112.25,5109.4,5110.4,DRREDD,701
181,2020-12-17 12:16:00,5109.45,NSE,5111.5,5109.45,5109.6,DRREDD,688
182,2020-12-17 12:17:00,5105.0,NSE,5111.0,5105.0,5111.0,DRREDD,1539
183,2020-12-17 12:18:00,5108.95,NSE,5108.95,5105.0,5105.85,DRREDD,1124
184,2020-12-17 12:19:00,5107.0,NSE,5110.0,5106.8,5108.9,DRREDD,1218
185,2020-12-17 12:20:00,5108.0,NSE,5108.0,5106.0,5108.0,DRREDD,613
186,2020-12-17 12:21:00,5104.0,NSE,5108.0,5104.0,5108.0,DRREDD,1513
187,2020-12-17 12:22:00,5104.4,NSE,5106.95,5103.5,5104.85,DRREDD,1188
188,2020-12-17 12:23:00,5105.9,NSE,5107.15,5104.15,5106.9,DRREDD,474
189,2020-12-17 12:24:00,5106.2,NSE,5108.0,5105.95,5108.0,DRREDD,673
190,2020-12-17 12:25:00,5104.2,NSE,5108.0,5104.15,5108.0,DRREDD,2038
191,2020-12-17 12:26:00,5104.6,NSE,5106.65,5104.3,5106.6,DRREDD,672
192,2020-12-17 12:27:00,5104.95,NSE,5106.0,5103.05,5106.0,DRREDD,3729
193,2020-12-17 12:28:00,5100.0,NSE,5104.95,5097.45,5104.95,DRREDD,8067
194,2020-12-17 12:29:00,5102.7,NSE,5103.0,5098.8,5100.0,DRREDD,2506
195,2020-12-17 12:30:00,5100.5,NSE,5102.7,5100.05,5102.7,DRREDD,695
196,2020-12-17 12:31:00,5099.0,NSE,5102.0,5098.0,5102.0,DRREDD,1524
197,2020-12-17 12:32:00,5100.0,NSE,5100.0,5098.0,5100.0,DRREDD,1365
198,2020-12-17 12:33:00,5100.0,NSE,5100.0,5098.0,5100.0,DRREDD,1105
199,2020-12-17 12:34:00,5098.1,NSE,5100.0,5098.1,5100.0,DRREDD,792
200,2020-12-17 12:35:00,5098.05,NSE,5100.0,5098.05,5099.0,DRREDD,694
201,2020-12-17 12:36:00,5094.8,NSE,5099.0,5091.75,5099.0,DRREDD,9317
202,2020-12-17 12:37:00,5096.05,NSE,5099.0,5094.8,5094.9,DRREDD,2183
203,2020-12-17 12:38:00,5097.6,NSE,5098.3,5095.4,5098.3,DRREDD,1250
204,2020-12-17 12:39:00,5097.0,NSE,5098.0,5095.45,5097.6,DRREDD,872
205,2020-12-17 12:40:00,5095.0,NSE,5098.0,5095.0,5096.2,DRREDD,1234
206,2020-12-17 12:41:00,5095.75,NSE,5098.0,5095.0,5096.5,DRREDD,1577
207,2020-12-17 12:42:00,5096.1,NSE,5098.0,5095.3,5097.95,DRREDD,973
208,2020-12-17 12:43:00,5096.35,NSE,5098.0,5095.0,5096.0,DRREDD,1698
209,2020-12-17 12:44:00,5096.55,NSE,5098.95,5096.05,5096.2,DRREDD,1635
210,2020-12-17 12:45:00,5098.95,NSE,5099.0,5096.55,5098.2,DRREDD,632
211,2020-12-17 12:46:00,5098.7,NSE,5099.0,5097.0,5098.95,DRREDD,606
212,2020-12-17 12:47:00,5098.6,NSE,5099.0,5096.5,5097.0,DRREDD,1058
213,2020-12-17 12:48:00,5096.55,NSE,5099.0,5096.05,5098.6,DRREDD,940
214,2020-12-17 12:49:00,5099.0,NSE,5099.0,5097.0,5099.0,DRREDD,1463
215,2020-12-17 12:50:00,5100.0,NSE,5100.0,5097.8,5098.8,DRREDD,3150
216,2020-12-17 12:51:00,5101.5,NSE,5103.0,5099.0,5100.0,DRREDD,4055
217,2020-12-17 12:52:00,5103.0,NSE,5105.0,5101.05,5101.75,DRREDD,1109
218,2020-12-17 12:53:00,5107.9,NSE,5107.9,5103.05,5103.7,DRREDD,3059
219,2020-12-17 12:54:00,5105.2,NSE,5107.95,5105.2,5107.9,DRREDD,2534
220,2020-12-17 12:55:00,5106.0,NSE,5107.5,5105.0,5107.15,DRREDD,1526
221,2020-12-17 12:56:00,5106.0,NSE,5106.0,5105.0,5106.0,DRREDD,762
222,2020-12-17 12:57:00,5104.1,NSE,5106.0,5104.1,5106.0,DRREDD,1648
223,2020-12-17 12:58:00,5101.5,NSE,5106.0,5101.5,5106.0,DRREDD,1074
224,2020-12-17 12:59:00,5105.0,NSE,5105.9,5101.0,5103.85,DRREDD,478
225,2020-12-17 13:00:00,5103.55,NSE,5105.9,5103.55,5105.9,DRREDD,775
226,2020-12-17 13:01:00,5103.9,NSE,5105.9,5103.4,5103.55,DRREDD,1197
227,2020-12-17 13:02:00,5103.9,NSE,5105.8,5103.9,5105.7,DRREDD,528
228,2020-12-17 13:03:00,5103.8,NSE,5105.8,5103.8,5105.8,DRREDD,514
229,2020-12-17 13:04:00,5105.65,NSE,5105.65,5103.75,5105.45,DRREDD,637
230,2020-12-17 13:05:00,5103.0,NSE,5105.7,5103.0,5105.7,DRREDD,3155
231,2020-12-17 13:06:00,5102.0,NSE,5103.8,5101.95,5103.8,DRREDD,869
232,2020-12-17 13:07:00,5101.0,NSE,5103.0,5101.0,5103.0,DRREDD,1156
233,2020-12-17 13:08:00,5101.0,NSE,5102.0,5098.5,5102.0,DRREDD,2362
234,2020-12-17 13:09:00,5099.0,NSE,5101.0,5098.1,5100.95,DRREDD,743
235,2020-12-17 13:10:00,5097.25,NSE,5100.0,5097.25,5100.0,DRREDD,1348
236,2020-12-17 13:11:00,5098.0,NSE,5099.35,5097.0,5098.9,DRREDD,899
237,2020-12-17 13:12:00,5099.0,NSE,5099.7,5097.0,5099.0,DRREDD,952
238,2020-12-17 13:13:00,5097.0,NSE,5099.0,5097.0,5097.0,DRREDD,943
239,2020-12-17 13:14:00,5098.7,NSE,5098.75,5097.0,5098.0,DRREDD,548
240,2020-12-17 13:15:00,5099.0,NSE,5099.0,5097.1,5098.0,DRREDD,882
241,2020-12-17 13:16:00,5101.9,NSE,5102.0,5098.0,5099.75,DRREDD,980
242,2020-12-17 13:17:00,5100.95,NSE,5104.3,5099.0,5101.9,DRREDD,2569
243,2020-12-17 13:18:00,5102.0,NSE,5104.3,5100.0,5101.0,DRREDD,887
244,2020-12-17 13:19:00,5103.9,NSE,5104.0,5101.05,5102.0,DRREDD,1060
245,2020-12-17 13:20:00,5104.8,NSE,5104.8,5102.5,5103.95,DRREDD,874
246,2020-12-17 13:21:00,5108.0,NSE,5110.0,5102.15,5104.0,DRREDD,5950
247,2020-12-17 13:22:00,5109.0,NSE,5110.0,5108.0,5110.0,DRREDD,1070
248,2020-12-17 13:23:00,5110.0,NSE,5110.0,5109.0,5109.95,DRREDD,2013
249,2020-12-17 13:24:00,5107.5,NSE,5110.0,5107.5,5110.0,DRREDD,1578
250,2020-12-17 13:25:00,5107.0,NSE,5109.0,5105.6,5109.0,DRREDD,1596
251,2020-12-17 13:26:00,5114.8,NSE,5114.8,5106.3,5108.25,DRREDD,7443
252,2020-12-17 13:27:00,5111.05,NSE,5113.25,5111.0,5111.15,DRREDD,1512
253,2020-12-17 13:28:00,5108.6,NSE,5112.2,5108.3,5111.05,DRREDD,1178
254,2020-12-17 13:29:00,5110.25,NSE,5111.0,5108.6,5110.0,DRREDD,1009
255,2020-12-17 13:30:00,5111.9,NSE,5112.0,5110.0,5111.0,DRREDD,1242
256,2020-12-17 13:31:00,5110.8,NSE,5113.0,5110.1,5111.9,DRREDD,1291
257,2020-12-17 13:32:00,5110.6,NSE,5112.9,5110.05,5110.8,DRREDD,925
258,2020-12-17 13:33:00,5114.0,NSE,5114.0,5110.05,5111.95,DRREDD,2000
259,2020-12-17 13:34:00,5116.15,NSE,5117.0,5113.2,5114.5,DRREDD,5582
260,2020-12-17 13:35:00,5116.45,NSE,5118.5,5113.9,5113.9,DRREDD,3713
261,2020-12-17 13:36:00,5117.5,NSE,5119.5,5116.0,5118.45,DRREDD,5378
262,2020-12-17 13:37:00,5120.0,NSE,5120.0,5117.0,5118.0,DRREDD,6887
263,2020-12-17 13:38:00,5119.0,NSE,5119.9,5117.05,5119.0,DRREDD,1535
264,2020-12-17 13:39:00,5119.4,NSE,5119.8,5119.0,5119.5,DRREDD,2329
265,2020-12-17 13:40:00,5117.2,NSE,5119.95,5117.2,5119.35,DRREDD,2319
266,2020-12-17 13:41:00,5114.0,NSE,5118.0,5113.0,5118.0,DRREDD,1854
267,2020-12-17 13:42:00,5108.0,NSE,5115.6,5108.0,5114.95,DRREDD,3163
268,2020-12-17 13:43:00,5108.0,NSE,5109.6,5105.0,5108.0,DRREDD,3482
269,2020-12-17 13:44:00,5110.0,NSE,5111.2,5108.45,5108.45,DRREDD,1742
270,2020-12-17 13:45:00,5111.3,NSE,5113.45,5109.2,5110.95,DRREDD,1574
271,2020-12-17 13:46:00,5113.05,NSE,5115.95,5110.65,5110.65,DRREDD,1497
272,2020-12-17 13:47:00,5115.9,NSE,5115.9,5112.05,5114.75,DRREDD,1196
273,2020-12-17 13:48:00,5114.85,NSE,5115.0,5113.0,5113.65,DRREDD,743
274,2020-12-17 13:49:00,5113.95,NSE,5114.85,5111.75,5114.8,DRREDD,812
275,2020-12-17 13:50:00,5111.85,NSE,5115.0,5111.85,5112.25,DRREDD,1576
276,2020-12-17 13:51:00,5112.0,NSE,5114.95,5111.05,5111.45,DRREDD,749
277,2020-12-17 13:52:00,5108.45,NSE,5111.95,5108.05,5111.95,DRREDD,2155
278,2020-12-17 13:53:00,5108.65,NSE,5111.5,5108.3,5108.6,DRREDD,639
279,2020-12-17 13:54:00,5108.45,NSE,5110.0,5106.25,5108.15,DRREDD,1572
280,2020-12-17 13:55:00,5111.8,NSE,5111.85,5106.0,5108.8,DRREDD,1217
281,2020-12-17 13:56:00,5110.0,NSE,5111.7,5108.15,5111.7,DRREDD,717
282,2020-12-17 13:57:00,5109.3,NSE,5109.95,5109.3,5109.5,DRREDD,418
283,2020-12-17 13:58:00,5108.75,NSE,5110.0,5107.05,5109.3,DRREDD,1951
284,2020-12-17 13:59:00,5108.65,NSE,5108.7,5107.2,5108.7,DRREDD,331
285,2020-12-17 14:00:00,5108.6,NSE,5108.7,5107.4,5108.7,DRREDD,822
286,2020-12-17 14:01:00,5109.95,NSE,5110.0,5107.5,5108.65,DRREDD,790
287,2020-12-17 14:02:00,5109.3,NSE,5110.0,5108.25,5109.95,DRREDD,702
288,2020-12-17 14:03:00,5109.85,NSE,5111.0,5107.0,5108.55,DRREDD,2080
289,2020-12-17 14:04:00,5111.5,NSE,5112.0,5108.85,5111.0,DRREDD,1212
290,2020-12-17 14:05:00,5112.75,NSE,5114.45,5109.35,5111.45,DRREDD,1533
291,2020-12-17 14:06:00,5111.85,NSE,5112.6,5111.0,5112.6,DRREDD,501
292,2020-12-17 14:07:00,5112.35,NSE,5112.6,5110.35,5111.7,DRREDD,600
293,2020-12-17 14:08:00,5110.95,NSE,5112.0,5109.05,5110.0,DRREDD,859
294,2020-12-17 14:09:00,5109.15,NSE,5111.8,5109.1,5110.95,DRREDD,710
295,2020-12-17 14:10:00,5109.15,NSE,5111.5,5109.15,5109.15,DRREDD,537
296,2020-12-17 14:11:00,5106.35,NSE,5110.0,5102.3,5110.0,DRREDD,3668
297,2020-12-17 14:12:00,5105.7,NSE,5106.75,5102.95,5106.3,DRREDD,1075
298,2020-12-17 14:13:00,5105.2,NSE,5109.05,5103.6,5103.6,DRREDD,1271
299,2020-12-17 14:14:00,5106.5,NSE,5108.0,5105.0,5105.2,DRREDD,651
300,2020-12-17 14:15:00,5107.95,NSE,5108.9,5105.3,5107.2,DRREDD,979
301,2020-12-17 14:16:00,5108.95,NSE,5109.0,5105.0,5106.0,DRREDD,1110
302,2020-12-17 14:17:00,5106.05,NSE,5108.9,5106.05,5106.75,DRREDD,468
303,2020-12-17 14:18:00,5108.75,NSE,5108.75,5106.0,5106.05,DRREDD,1598
304,2020-12-17 14:19:00,5105.55,NSE,5108.9,5105.3,5108.75,DRREDD,1050
305,2020-12-17 14:20:00,5105.45,NSE,5108.0,5105.0,5105.55,DRREDD,640
306,2020-12-17 14:21:00,5104.4,NSE,5107.75,5104.0,5105.2,DRREDD,3464
307,2020-12-17 14:22:00,5105.0,NSE,5106.9,5101.15,5104.5,DRREDD,2430
308,2020-12-17 14:23:00,5103.95,NSE,5105.0,5102.0,5104.4,DRREDD,1803
309,2020-12-17 14:24:00,5102.35,NSE,5103.95,5100.0,5103.0,DRREDD,4355
310,2020-12-17 14:25:00,5098.7,NSE,5102.0,5098.0,5102.0,DRREDD,5022
311,2020-12-17 14:26:00,5099.2,NSE,5101.55,5098.75,5098.75,DRREDD,1917
312,2020-12-17 14:27:00,5097.4,NSE,5100.15,5092.5,5099.2,DRREDD,12295
313,2020-12-17 14:28:00,5099.8,NSE,5100.6,5096.0,5099.25,DRREDD,2183
314,2020-12-17 14:29:00,5098.1,NSE,5100.0,5096.0,5098.8,DRREDD,4359
315,2020-12-17 14:30:00,5099.0,NSE,5099.6,5095.75,5098.35,DRREDD,1669
316,2020-12-17 14:31:00,5108.25,NSE,5108.25,5101.8,5102.0,DRREDD,4498
317,2020-12-17 14:32:00,5107.0,NSE,5110.0,5106.0,5106.15,DRREDD,2242
318,2020-12-17 14:33:00,5105.2,NSE,5109.35,5105.2,5107.2,DRREDD,969
319,2020-12-17 14:34:00,5108.4,NSE,5109.0,5105.0,5105.2,DRREDD,1332
320,2020-12-17 14:35:00,5107.6,NSE,5109.0,5105.1,5106.9,DRREDD,984
321,2020-12-17 14:36:00,5105.05,NSE,5107.8,5105.05,5107.6,DRREDD,522
322,2020-12-17 14:37:00,5103.4,NSE,5105.7,5102.85,5105.05,DRREDD,1713
323,2020-12-17 14:38:00,5106.3,NSE,5106.5,5103.5,5104.6,DRREDD,810
324,2020-12-17 14:39:00,5104.15,NSE,5107.0,5104.05,5106.4,DRREDD,621
325,2020-12-17 14:40:00,5103.4,NSE,5106.0,5101.75,5106.0,DRREDD,919
326,2020-12-17 14:41:00,5102.4,NSE,5103.4,5100.3,5103.4,DRREDD,1040
327,2020-12-17 14:42:00,5100.4,NSE,5102.55,5100.1,5100.5,DRREDD,1419
328,2020-12-17 14:43:00,5100.5,NSE,5103.0,5100.4,5101.95,DRREDD,863
329,2020-12-17 14:44:00,5100.5,NSE,5102.9,5100.5,5100.5,DRREDD,860
330,2020-12-17 14:45:00,5096.45,NSE,5100.55,5096.0,5100.5,DRREDD,3625
331,2020-12-17 14:46:00,5098.0,NSE,5098.9,5096.0,5096.7,DRREDD,1523
332,2020-12-17 14:47:00,5096.8,NSE,5098.35,5096.0,5096.5,DRREDD,2435
333,2020-12-17 14:48:00,5094.5,NSE,5096.95,5094.0,5094.45,DRREDD,1365
334,2020-12-17 14:49:00,5087.15,NSE,5094.5,5087.0,5094.5,DRREDD,8093
335,2020-12-17 14:50:00,5088.45,NSE,5089.15,5086.1,5087.15,DRREDD,3151
336,2020-12-17 14:51:00,5086.0,NSE,5088.35,5081.0,5086.0,DRREDD,7397
337,2020-12-17 14:52:00,5085.0,NSE,5088.0,5083.4,5086.0,DRREDD,3200
338,2020-12-17 14:53:00,5083.4,NSE,5085.0,5083.4,5084.4,DRREDD,2920
339,2020-12-17 14:54:00,5073.0,NSE,5083.05,5073.0,5083.05,DRREDD,14690
340,2020-12-17 14:55:00,5077.15,NSE,5080.0,5073.1,5073.9,DRREDD,5026
341,2020-12-17 14:56:00,5077.4,NSE,5080.0,5077.0,5079.0,DRREDD,1936
342,2020-12-17 14:57:00,5079.5,NSE,5079.5,5077.4,5077.4,DRREDD,1568
343,2020-12-17 14:58:00,5077.0,NSE,5079.9,5075.0,5079.0,DRREDD,2953
344,2020-12-17 14:59:00,5073.9,NSE,5077.0,5072.0,5075.3,DRREDD,3523
345,2020-12-17 15:00:00,5073.5,NSE,5074.95,5070.0,5073.9,DRREDD,6345
346,2020-12-17 15:01:00,5079.3,NSE,5079.5,5074.0,5074.6,DRREDD,5683
347,2020-12-17 15:02:00,5074.0,NSE,5079.1,5073.1,5079.1,DRREDD,4278
348,2020-12-17 15:03:00,5077.0,NSE,5079.2,5074.0,5074.0,DRREDD,4922
349,2020-12-17 15:04:00,5077.4,NSE,5078.95,5074.0,5077.6,DRREDD,7418
350,2020-12-17 15:05:00,5078.55,NSE,5079.5,5075.0,5079.5,DRREDD,5987
351,2020-12-17 15:06:00,5077.3,NSE,5079.5,5076.8,5078.6,DRREDD,3539
352,2020-12-17 15:07:00,5077.0,NSE,5078.15,5077.0,5077.55,DRREDD,2686
353,2020-12-17 15:08:00,5076.3,NSE,5077.0,5075.05,5075.7,DRREDD,4682
354,2020-12-17 15:09:00,5075.0,NSE,5076.6,5075.0,5076.3,DRREDD,4449
355,2020-12-17 15:10:00,5071.0,NSE,5075.4,5070.15,5075.0,DRREDD,8681
356,2020-12-17 15:11:00,5071.75,NSE,5073.55,5070.25,5072.0,DRREDD,5625
357,2020-12-17 15:12:00,5075.0,NSE,5077.15,5071.25,5071.25,DRREDD,5297
358,2020-12-17 15:13:00,5073.55,NSE,5074.95,5071.55,5074.7,DRREDD,5015
359,2020-12-17 15:14:00,5076.0,NSE,5077.1,5073.6,5073.65,DRREDD,7852
360,2020-12-17 15:15:00,5071.25,NSE,5075.95,5070.0,5074.95,DRREDD,7474
361,2020-12-17 15:16:00,5074.5,NSE,5075.0,5069.75,5070.0,DRREDD,12242
362,2020-12-17 15:17:00,5071.55,NSE,5075.0,5070.5,5075.0,DRREDD,7174
363,2020-12-17 15:18:00,5073.0,NSE,5074.0,5071.6,5071.6,DRREDD,6416
364,2020-12-17 15:19:00,5072.5,NSE,5074.0,5071.5,5073.8,DRREDD,6692
365,2020-12-17 15:20:00,5068.1,NSE,5072.55,5068.05,5072.55,DRREDD,8603
366,2020-12-17 15:21:00,5070.15,NSE,5072.0,5060.75,5068.05,DRREDD,21878
367,2020-12-17 15:22:00,5073.45,NSE,5074.0,5068.4,5069.4,DRREDD,5986
368,2020-12-17 15:23:00,5071.05,NSE,5073.35,5068.45,5073.3,DRREDD,3974
369,2020-12-17 15:24:00,5072.55,NSE,5073.0,5071.9,5071.9,DRREDD,3749
370,2020-12-17 15:25:00,5072.65,NSE,5075.0,5072.55,5072.55,DRREDD,5770
371,2020-12-17 15:26:00,5072.7,NSE,5074.8,5071.9,5072.6,DRREDD,4226
372,2020-12-17 15:27:00,5072.0,NSE,5072.75,5072.0,5072.7,DRREDD,4151
373,2020-12-17 15:28:00,5072.05,NSE,5074.4,5071.0,5072.05,DRREDD,4365
374,2020-12-17 15:29:00,5074.45,NSE,5076.0,5071.15,5072.05,DRREDD,2295
