,datetime,close,exchange_code,high,low,open,stock_code,volume
0,2020-04-01 09:15:00,16306.65,NSE,16375.25,16272.95,16300.25,NESIND,2047
1,2020-04-01 09:16:00,16233.7,NSE,16316.7,16219.2,16306.65,NESIND,954
2,2020-04-01 09:17:00,16292.45,NSE,16293.9,16226.4,16249.6,NESIND,689
3,2020-04-01 09:18:00,16293.15,NSE,16301.3,16281.0,16296.2,NESIND,686
4,2020-04-01 09:19:00,16341.05,NSE,16349.0,16281.75,16290.0,NESIND,525
5,2020-04-01 09:20:00,16318.0,NSE,16341.0,16281.0,16341.0,NESIND,860
6,2020-04-01 09:21:00,16332.25,NSE,16343.85,16310.05,16343.7,NESIND,565
7,2020-04-01 09:22:00,16331.75,NSE,16337.05,16320.1,16332.15,NESIND,205
8,2020-04-01 09:23:00,16422.5,NSE,16423.25,16330.0,16332.15,NESIND,1094
9,2020-04-01 09:24:00,16423.0,NSE,16424.0,16401.35,16406.65,NESIND,1173
10,2020-04-01 09:25:00,16440.0,NSE,16454.75,16433.95,16440.0,NESIND,754
11,2020-04-01 09:26:00,16442.35,NSE,16456.0,16424.0,16444.85,NESIND,530
12,2020-04-01 09:27:00,16442.7,NSE,16456.0,16431.95,16452.5,NESIND,453
13,2020-04-01 09:28:00,16355.0,NSE,16448.65,16350.9,16443.1,NESIND,1441
14,2020-04-01 09:29:00,16417.45,NSE,16428.35,16360.0,16362.6,NESIND,461
15,2020-04-01 09:30:00,16388.7,NSE,16428.1,16372.1,16424.45,NESIND,465
16,2020-04-01 09:31:00,16366.8,NSE,16388.7,16351.75,16388.7,NESIND,447
17,2020-04-01 09:32:00,16390.0,NSE,16406.4,16358.75,16358.75,NESIND,279
18,2020-04-01 09:33:00,16380.05,NSE,16398.35,16378.05,16398.35,NESIND,155
19,2020-04-01 09:34:00,16373.55,NSE,16380.0,16366.1,16380.0,NESIND,207
20,2020-04-01 09:35:00,16324.2,NSE,16374.0,16315.25,16374.0,NESIND,631
21,2020-04-01 09:36:00,16310.45,NSE,16330.2,16300.0,16324.2,NESIND,631
22,2020-04-01 09:37:00,16327.15,NSE,16347.35,16300.0,16302.25,NESIND,537
23,2020-04-01 09:38:00,16332.95,NSE,16332.95,16311.05,16320.55,NESIND,172
24,2020-04-01 09:39:00,16332.6,NSE,16375.3,16325.15,16325.15,NESIND,377
25,2020-04-01 09:40:00,16271.35,NSE,16332.65,16262.05,16332.65,NESIND,1058
26,2020-04-01 09:41:00,16271.05,NSE,16284.95,16262.45,16271.8,NESIND,284
27,2020-04-01 09:42:00,16274.95,NSE,16288.35,16265.0,16271.0,NESIND,285
28,2020-04-01 09:43:00,16243.0,NSE,16275.0,16240.15,16271.1,NESIND,654
29,2020-04-01 09:44:00,16205.65,NSE,16257.45,16205.65,16247.1,NESIND,543
30,2020-04-01 09:45:00,16180.0,NSE,16212.4,16155.65,16208.5,NESIND,825
31,2020-04-01 09:46:00,16182.95,NSE,16195.0,16171.25,16180.0,NESIND,324
32,2020-04-01 09:47:00,16170.0,NSE,16185.0,16162.05,16181.1,NESIND,356
33,2020-04-01 09:48:00,16185.95,NSE,16200.0,16165.0,16178.45,NESIND,401
34,2020-04-01 09:49:00,16177.0,NSE,16192.25,16175.7,16185.95,NESIND,187
35,2020-04-01 09:50:00,16200.4,NSE,16215.0,16180.05,16193.25,NESIND,167
36,2020-04-01 09:51:00,16184.55,NSE,16209.7,16182.0,16200.0,NESIND,204
37,2020-04-01 09:52:00,16130.3,NSE,16185.0,16130.3,16184.45,NESIND,526
38,2020-04-01 09:53:00,16140.5,NSE,16150.0,16121.25,16140.0,NESIND,311
39,2020-04-01 09:54:00,16133.5,NSE,16163.3,16130.65,16146.95,NESIND,344
40,2020-04-01 09:55:00,16150.0,NSE,16158.05,16135.0,16142.55,NESIND,281
41,2020-04-01 09:56:00,16152.5,NSE,16159.9,16145.1,16150.05,NESIND,159
42,2020-04-01 09:57:00,16180.0,NSE,16196.85,16155.35,16155.35,NESIND,549
43,2020-04-01 09:58:00,16160.05,NSE,16180.0,16157.85,16180.0,NESIND,229
44,2020-04-01 09:59:00,16170.35,NSE,16176.35,16160.75,16170.0,NESIND,191
45,2020-04-01 10:00:00,16163.0,NSE,16183.25,16162.5,16162.5,NESIND,328
46,2020-04-01 10:01:00,16111.7,NSE,16169.9,16111.65,16169.9,NESIND,442
47,2020-04-01 10:02:00,16056.35,NSE,16111.0,16053.8,16111.0,NESIND,673
48,2020-04-01 10:03:00,16054.15,NSE,16075.1,16009.3,16068.95,NESIND,969
49,2020-04-01 10:04:00,16018.0,NSE,16069.95,16012.4,16056.9,NESIND,672
50,2020-04-01 10:05:00,16037.9,NSE,16049.15,16019.0,16019.15,NESIND,369
51,2020-04-01 10:06:00,16027.2,NSE,16068.7,16010.15,16038.45,NESIND,591
52,2020-04-01 10:07:00,16005.75,NSE,16047.0,16000.0,16023.9,NESIND,545
53,2020-04-01 10:08:00,15947.15,NSE,16019.95,15927.75,16005.65,NESIND,857
54,2020-04-01 10:09:00,15954.75,NSE,15970.7,15929.65,15949.2,NESIND,733
55,2020-04-01 10:10:00,15934.3,NSE,15963.8,15870.05,15963.8,NESIND,1494
56,2020-04-01 10:11:00,15914.2,NSE,15942.25,15900.05,15934.25,NESIND,520
57,2020-04-01 10:12:00,15925.0,NSE,15925.1,15895.5,15900.0,NESIND,486
58,2020-04-01 10:13:00,15980.0,NSE,15980.0,15920.45,15920.45,NESIND,404
59,2020-04-01 10:14:00,16025.5,NSE,16048.25,15982.8,15991.5,NESIND,578
60,2020-04-01 10:15:00,15999.05,NSE,16029.7,15985.0,16029.65,NESIND,293
61,2020-04-01 10:16:00,15985.0,NSE,15998.85,15967.4,15996.25,NESIND,205
62,2020-04-01 10:17:00,16000.0,NSE,16010.0,15984.45,15985.0,NESIND,195
63,2020-04-01 10:18:00,15984.85,NSE,16002.5,15984.35,16000.0,NESIND,368
64,2020-04-01 10:19:00,16031.25,NSE,16042.4,15986.05,15986.05,NESIND,388
65,2020-04-01 10:20:00,16047.3,NSE,16049.55,16022.8,16039.15,NESIND,296
66,2020-04-01 10:21:00,15990.0,NSE,16048.95,15990.0,16041.0,NESIND,296
67,2020-04-01 10:22:00,15997.75,NSE,15998.95,15984.35,15996.75,NESIND,149
68,2020-04-01 10:23:00,16011.35,NSE,16021.25,15999.4,15999.4,NESIND,155
69,2020-04-01 10:24:00,16002.0,NSE,16020.0,16000.0,16020.0,NESIND,175
70,2020-04-01 10:25:00,16021.0,NSE,16021.0,16000.0,16005.3,NESIND,305
71,2020-04-01 10:26:00,16030.0,NSE,16030.0,16006.75,16016.15,NESIND,142
72,2020-04-01 10:27:00,16010.0,NSE,16035.65,15984.35,16030.0,NESIND,3301
73,2020-04-01 10:28:00,16021.0,NSE,16024.3,16003.85,16010.45,NESIND,65
74,2020-04-01 10:29:00,16019.55,NSE,16021.0,16005.9,16014.55,NESIND,125
75,2020-04-01 10:30:00,15992.5,NSE,16019.8,15992.5,16006.3,NESIND,102
76,2020-04-01 10:31:00,16012.25,NSE,16020.45,15990.55,15990.55,NESIND,140
77,2020-04-01 10:32:00,15998.35,NSE,16009.1,15998.2,16008.95,NESIND,280
78,2020-04-01 10:33:00,16012.7,NSE,16027.65,16005.95,16005.95,NESIND,146
79,2020-04-01 10:34:00,16000.05,NSE,16021.4,16000.0,16020.0,NESIND,95
80,2020-04-01 10:35:00,16019.85,NSE,16021.9,16005.5,16018.7,NESIND,137
81,2020-04-01 10:36:00,16037.0,NSE,16039.8,16025.0,16025.0,NESIND,88
82,2020-04-01 10:37:00,16000.0,NSE,16037.0,16000.0,16032.0,NESIND,401
83,2020-04-01 10:38:00,15990.0,NSE,16008.95,15990.0,16008.35,NESIND,287
84,2020-04-01 10:39:00,15968.5,NSE,15996.15,15957.25,15995.7,NESIND,474
85,2020-04-01 10:40:00,15984.55,NSE,15984.55,15960.0,15960.0,NESIND,214
86,2020-04-01 10:41:00,15976.65,NSE,15996.0,15969.9,15990.0,NESIND,343
87,2020-04-01 10:42:00,15950.0,NSE,15988.65,15941.6,15985.15,NESIND,381
88,2020-04-01 10:43:00,15925.2,NSE,15972.7,15910.35,15950.35,NESIND,152
89,2020-04-01 10:44:00,15939.9,NSE,15949.35,15915.05,15925.2,NESIND,236
90,2020-04-01 10:45:00,15897.45,NSE,15941.15,15870.7,15939.9,NESIND,1188
91,2020-04-01 10:46:00,15890.0,NSE,15897.45,15883.5,15890.65,NESIND,140
92,2020-04-01 10:47:00,15893.55,NSE,15905.95,15885.3,15885.3,NESIND,224
93,2020-04-01 10:48:00,15908.8,NSE,15945.0,15904.6,15904.95,NESIND,302
94,2020-04-01 10:49:00,15895.0,NSE,15908.6,15895.0,15908.6,NESIND,207
95,2020-04-01 10:50:00,15855.0,NSE,15902.5,15855.0,15881.1,NESIND,967
96,2020-04-01 10:51:00,15870.55,NSE,15879.05,15850.0,15855.0,NESIND,231
97,2020-04-01 10:52:00,15878.5,NSE,15895.4,15866.0,15870.55,NESIND,106
98,2020-04-01 10:53:00,15883.6,NSE,15887.7,15865.25,15865.25,NESIND,370
99,2020-04-01 10:54:00,15883.6,NSE,15892.75,15878.0,15878.0,NESIND,76
100,2020-04-01 10:55:00,15855.1,NSE,15897.9,15855.1,15885.05,NESIND,199
101,2020-04-01 10:56:00,15873.05,NSE,15885.6,15860.2,15860.2,NESIND,214
102,2020-04-01 10:57:00,15871.0,NSE,15884.8,15871.0,15874.6,NESIND,117
103,2020-04-01 10:58:00,15855.0,NSE,15872.1,15855.0,15872.1,NESIND,196
104,2020-04-01 10:59:00,15763.15,NSE,15855.0,15763.15,15854.0,NESIND,1410
105,2020-04-01 11:00:00,15750.05,NSE,15796.0,15750.0,15763.15,NESIND,1054
106,2020-04-01 11:01:00,15676.5,NSE,15759.7,15673.35,15759.7,NESIND,1369
107,2020-04-01 11:02:00,15689.75,NSE,15694.65,15671.85,15676.25,NESIND,480
108,2020-04-01 11:03:00,15765.4,NSE,15765.4,15680.0,15693.5,NESIND,536
109,2020-04-01 11:04:00,15776.25,NSE,15786.7,15730.9,15760.0,NESIND,507
110,2020-04-01 11:05:00,15755.15,NSE,15788.05,15751.9,15788.05,NESIND,371
111,2020-04-01 11:06:00,15765.0,NSE,15790.0,15761.15,15763.1,NESIND,270
112,2020-04-01 11:07:00,15782.8,NSE,15783.35,15760.05,15773.4,NESIND,261
113,2020-04-01 11:08:00,15769.6,NSE,15781.0,15769.6,15772.75,NESIND,232
114,2020-04-01 11:09:00,15715.2,NSE,15769.85,15715.2,15769.85,NESIND,282
115,2020-04-01 11:10:00,15735.05,NSE,15743.5,15710.05,15714.55,NESIND,302
116,2020-04-01 11:11:00,15750.0,NSE,15750.0,15725.65,15735.0,NESIND,294
117,2020-04-01 11:12:00,15756.9,NSE,15795.15,15727.25,15750.0,NESIND,611
118,2020-04-01 11:13:00,15761.9,NSE,15799.95,15749.6,15756.9,NESIND,391
119,2020-04-01 11:14:00,15771.45,NSE,15793.25,15750.85,15759.45,NESIND,491
120,2020-04-01 11:15:00,15787.5,NSE,15789.95,15750.0,15758.75,NESIND,603
121,2020-04-01 11:16:00,15756.55,NSE,15778.1,15754.0,15777.35,NESIND,390
122,2020-04-01 11:17:00,15740.05,NSE,15764.05,15730.05,15763.25,NESIND,314
123,2020-04-01 11:18:00,15687.6,NSE,15748.95,15687.6,15744.95,NESIND,818
124,2020-04-01 11:19:00,15699.95,NSE,15739.0,15687.9,15691.95,NESIND,354
125,2020-04-01 11:20:00,15696.35,NSE,15700.4,15681.8,15699.75,NESIND,435
126,2020-04-01 11:21:00,15719.9,NSE,15719.9,15700.35,15706.0,NESIND,95
127,2020-04-01 11:22:00,15700.0,NSE,15718.5,15700.0,15716.15,NESIND,104
128,2020-04-01 11:23:00,15700.85,NSE,15719.0,15690.0,15700.05,NESIND,489
129,2020-04-01 11:24:00,15717.1,NSE,15717.1,15695.0,15700.75,NESIND,141
130,2020-04-01 11:25:00,15716.85,NSE,15719.6,15700.3,15719.6,NESIND,102
131,2020-04-01 11:26:00,15710.0,NSE,15710.0,15702.4,15703.9,NESIND,104
132,2020-04-01 11:27:00,15730.5,NSE,15730.5,15705.45,15705.45,NESIND,222
133,2020-04-01 11:28:00,15703.5,NSE,15780.0,15700.0,15730.9,NESIND,788
134,2020-04-01 11:29:00,15719.5,NSE,15771.0,15700.0,15700.0,NESIND,411
135,2020-04-01 11:30:00,15713.6,NSE,15725.0,15711.55,15711.65,NESIND,50
136,2020-04-01 11:31:00,15715.0,NSE,15725.4,15713.25,15725.1,NESIND,134
137,2020-04-01 11:32:00,15724.75,NSE,15737.55,15714.6,15720.0,NESIND,94
138,2020-04-01 11:33:00,15693.7,NSE,15728.9,15690.0,15723.85,NESIND,677
139,2020-04-01 11:34:00,15697.75,NSE,15704.0,15693.7,15700.0,NESIND,123
140,2020-04-01 11:35:00,15670.75,NSE,15700.0,15660.0,15697.9,NESIND,387
141,2020-04-01 11:36:00,15673.75,NSE,15690.0,15670.75,15670.75,NESIND,137
142,2020-04-01 11:37:00,15657.0,NSE,15673.3,15657.0,15665.0,NESIND,142
143,2020-04-01 11:38:00,15670.0,NSE,15686.5,15660.0,15660.0,NESIND,237
144,2020-04-01 11:39:00,15688.0,NSE,15709.45,15670.05,15670.05,NESIND,173
145,2020-04-01 11:40:00,15707.0,NSE,15716.45,15674.8,15674.8,NESIND,155
146,2020-04-01 11:41:00,15713.0,NSE,15715.0,15700.6,15707.3,NESIND,106
147,2020-04-01 11:42:00,15708.3,NSE,15720.0,15699.65,15720.0,NESIND,147
148,2020-04-01 11:43:00,15704.05,NSE,15708.65,15700.0,15708.3,NESIND,129
149,2020-04-01 11:44:00,15699.95,NSE,15707.1,15682.0,15704.45,NESIND,126
150,2020-04-01 11:45:00,15709.0,NSE,15709.0,15683.85,15707.0,NESIND,142
151,2020-04-01 11:46:00,15709.0,NSE,15709.0,15688.75,15696.85,NESIND,46
152,2020-04-01 11:47:00,15700.0,NSE,15709.0,15691.25,15709.0,NESIND,134
153,2020-04-01 11:48:00,15699.95,NSE,15700.65,15692.9,15700.0,NESIND,132
154,2020-04-01 11:49:00,15706.55,NSE,15708.3,15700.25,15700.4,NESIND,57
155,2020-04-01 11:50:00,15725.0,NSE,15725.4,15709.0,15709.0,NESIND,277
156,2020-04-01 11:51:00,15706.15,NSE,15730.0,15705.9,15725.4,NESIND,186
157,2020-04-01 11:52:00,15692.0,NSE,15706.15,15692.0,15706.1,NESIND,265
158,2020-04-01 11:53:00,15699.95,NSE,15700.0,15692.25,15692.25,NESIND,13
159,2020-04-01 11:54:00,15700.2,NSE,15715.0,15693.0,15706.1,NESIND,267
160,2020-04-01 11:55:00,15696.65,NSE,15728.25,15696.65,15700.1,NESIND,260
161,2020-04-01 11:56:00,15700.0,NSE,15709.5,15670.0,15709.5,NESIND,359
162,2020-04-01 11:57:00,15699.0,NSE,15700.2,15693.0,15700.2,NESIND,39
163,2020-04-01 11:58:00,15699.2,NSE,15699.2,15696.1,15696.1,NESIND,44
164,2020-04-01 11:59:00,15710.0,NSE,15710.0,15696.1,15696.1,NESIND,117
165,2020-04-01 12:00:00,15718.15,NSE,15725.0,15705.25,15710.0,NESIND,325
166,2020-04-01 12:01:00,15719.35,NSE,15723.65,15696.15,15713.6,NESIND,123
167,2020-04-01 12:02:00,15703.6,NSE,15721.2,15703.15,15710.55,NESIND,135
168,2020-04-01 12:03:00,15707.05,NSE,15717.95,15700.0,15703.1,NESIND,91
169,2020-04-01 12:04:00,15709.1,NSE,15720.0,15705.05,15706.65,NESIND,102
170,2020-04-01 12:05:00,15713.05,NSE,15720.0,15709.0,15710.75,NESIND,54
171,2020-04-01 12:06:00,15722.55,NSE,15724.5,15708.0,15713.5,NESIND,100
172,2020-04-01 12:07:00,15717.0,NSE,15725.0,15716.1,15722.85,NESIND,82
173,2020-04-01 12:08:00,15708.05,NSE,15722.5,15708.05,15717.05,NESIND,97
174,2020-04-01 12:09:00,15710.1,NSE,15721.0,15705.0,15710.0,NESIND,71
175,2020-04-01 12:10:00,15720.0,NSE,15720.0,15710.1,15710.45,NESIND,75
176,2020-04-01 12:11:00,15705.0,NSE,15720.1,15705.0,15711.65,NESIND,110
177,2020-04-01 12:12:00,15692.55,NSE,15712.3,15687.0,15705.05,NESIND,349
178,2020-04-01 12:13:00,15680.0,NSE,15703.3,15680.0,15692.95,NESIND,173
179,2020-04-01 12:14:00,15700.0,NSE,15700.0,15640.0,15687.15,NESIND,863
180,2020-04-01 12:15:00,15687.75,NSE,15693.4,15676.05,15693.4,NESIND,123
181,2020-04-01 12:16:00,15688.0,NSE,15700.0,15679.75,15698.1,NESIND,128
182,2020-04-01 12:17:00,15711.6,NSE,15719.95,15688.0,15688.0,NESIND,171
183,2020-04-01 12:18:00,15727.45,NSE,15730.0,15712.15,15712.15,NESIND,254
184,2020-04-01 12:19:00,15713.55,NSE,15735.65,15690.2,15729.55,NESIND,518
185,2020-04-01 12:20:00,15730.95,NSE,15750.0,15703.95,15713.6,NESIND,288
186,2020-04-01 12:21:00,15725.45,NSE,15748.0,15725.45,15730.35,NESIND,212
187,2020-04-01 12:22:00,15715.0,NSE,15738.65,15715.0,15738.65,NESIND,95
188,2020-04-01 12:23:00,15720.0,NSE,15722.5,15700.0,15715.4,NESIND,187
189,2020-04-01 12:24:00,15716.75,NSE,15732.0,15714.1,15720.0,NESIND,110
190,2020-04-01 12:25:00,15719.75,NSE,15730.0,15710.0,15715.0,NESIND,65
191,2020-04-01 12:26:00,15722.85,NSE,15729.0,15713.75,15727.0,NESIND,57
192,2020-04-01 12:27:00,15711.2,NSE,15722.85,15711.2,15722.85,NESIND,39
193,2020-04-01 12:28:00,15727.75,NSE,15733.6,15714.4,15714.4,NESIND,261
194,2020-04-01 12:29:00,15717.0,NSE,15735.0,15717.0,15727.8,NESIND,230
195,2020-04-01 12:30:00,15736.15,NSE,15745.0,15725.7,15725.7,NESIND,117
196,2020-04-01 12:31:00,15722.95,NSE,15736.2,15722.95,15736.15,NESIND,131
197,2020-04-01 12:32:00,15690.0,NSE,15721.95,15690.0,15715.0,NESIND,302
198,2020-04-01 12:33:00,15700.0,NSE,15725.0,15690.0,15690.0,NESIND,326
199,2020-04-01 12:34:00,15710.95,NSE,15722.5,15700.0,15707.35,NESIND,165
200,2020-04-01 12:35:00,15716.85,NSE,15724.55,15710.95,15710.95,NESIND,65
201,2020-04-01 12:36:00,15710.5,NSE,15724.0,15700.0,15711.0,NESIND,262
202,2020-04-01 12:37:00,15690.0,NSE,15712.65,15690.0,15702.15,NESIND,417
203,2020-04-01 12:38:00,15699.0,NSE,15699.55,15690.0,15690.0,NESIND,74
204,2020-04-01 12:39:00,15700.0,NSE,15700.0,15680.0,15695.0,NESIND,162
205,2020-04-01 12:40:00,15700.05,NSE,15714.3,15700.0,15704.95,NESIND,83
206,2020-04-01 12:41:00,15699.7,NSE,15711.05,15699.7,15707.9,NESIND,79
207,2020-04-01 12:42:00,15703.05,NSE,15714.4,15700.0,15700.0,NESIND,115
208,2020-04-01 12:43:00,15715.7,NSE,15724.0,15703.05,15703.05,NESIND,55
209,2020-04-01 12:44:00,15710.45,NSE,15729.0,15710.0,15724.0,NESIND,225
210,2020-04-01 12:45:00,15712.6,NSE,15725.0,15700.1,15710.65,NESIND,169
211,2020-04-01 12:46:00,15716.15,NSE,15725.0,15702.7,15705.15,NESIND,87
212,2020-04-01 12:47:00,15720.0,NSE,15720.0,15711.1,15715.45,NESIND,43
213,2020-04-01 12:48:00,15714.75,NSE,15725.0,15711.05,15725.0,NESIND,141
214,2020-04-01 12:49:00,15725.0,NSE,15725.0,15715.25,15724.75,NESIND,65
215,2020-04-01 12:50:00,15730.0,NSE,15730.0,15717.8,15725.0,NESIND,122
216,2020-04-01 12:51:00,15716.45,NSE,15730.0,15716.0,15730.0,NESIND,103
217,2020-04-01 12:52:00,15733.0,NSE,15740.0,15718.0,15729.7,NESIND,440
218,2020-04-01 12:53:00,15730.5,NSE,15745.0,15728.0,15745.0,NESIND,336
219,2020-04-01 12:54:00,15731.85,NSE,15735.0,15728.0,15735.0,NESIND,121
220,2020-04-01 12:55:00,15730.05,NSE,15757.8,15730.0,15732.35,NESIND,273
221,2020-04-01 12:56:00,15735.65,NSE,15750.0,15732.0,15732.55,NESIND,111
222,2020-04-01 12:57:00,15750.0,NSE,15750.0,15733.3,15733.3,NESIND,128
223,2020-04-01 12:58:00,15748.75,NSE,15755.4,15739.0,15750.0,NESIND,187
224,2020-04-01 12:59:00,15743.15,NSE,15763.1,15735.0,15750.15,NESIND,243
225,2020-04-01 13:00:00,15682.75,NSE,15739.75,15663.75,15739.75,NESIND,1292
226,2020-04-01 13:01:00,15691.25,NSE,15697.0,15681.2,15689.45,NESIND,84
227,2020-04-01 13:02:00,15682.0,NSE,15686.25,15664.5,15680.0,NESIND,630
228,2020-04-01 13:03:00,15663.45,NSE,15699.75,15649.45,15699.75,NESIND,439
229,2020-04-01 13:04:00,15658.75,NSE,15659.7,15648.7,15659.7,NESIND,138
230,2020-04-01 13:05:00,15654.95,NSE,15665.0,15643.0,15653.95,NESIND,367
231,2020-04-01 13:06:00,15649.6,NSE,15664.9,15644.55,15654.25,NESIND,116
232,2020-04-01 13:07:00,15651.35,NSE,15659.55,15649.6,15649.6,NESIND,127
233,2020-04-01 13:08:00,15644.1,NSE,15659.15,15644.1,15651.0,NESIND,293
234,2020-04-01 13:09:00,15659.05,NSE,15665.0,15650.25,15650.25,NESIND,132
235,2020-04-01 13:10:00,15659.4,NSE,15661.9,15655.95,15655.95,NESIND,14
236,2020-04-01 13:11:00,15670.6,NSE,15690.0,15649.1,15649.1,NESIND,282
237,2020-04-01 13:12:00,15666.7,NSE,15680.5,15663.2,15663.2,NESIND,34
238,2020-04-01 13:13:00,15640.0,NSE,15678.5,15640.0,15678.5,NESIND,287
239,2020-04-01 13:14:00,15659.25,NSE,15659.25,15650.0,15650.0,NESIND,50
240,2020-04-01 13:15:00,15658.5,NSE,15669.25,15650.0,15659.0,NESIND,79
241,2020-04-01 13:16:00,15613.0,NSE,15658.9,15605.95,15650.65,NESIND,700
242,2020-04-01 13:17:00,15610.0,NSE,15618.45,15602.8,15613.0,NESIND,138
243,2020-04-01 13:18:00,15613.25,NSE,15613.6,15609.6,15609.6,NESIND,143
244,2020-04-01 13:19:00,15582.0,NSE,15613.15,15582.0,15610.65,NESIND,421
245,2020-04-01 13:20:00,15551.0,NSE,15580.0,15551.0,15580.0,NESIND,481
246,2020-04-01 13:21:00,15580.0,NSE,15589.8,15550.0,15551.0,NESIND,168
247,2020-04-01 13:22:00,15590.0,NSE,15590.0,15579.2,15588.1,NESIND,120
248,2020-04-01 13:23:00,15596.0,NSE,15599.6,15583.1,15583.1,NESIND,73
249,2020-04-01 13:24:00,15634.25,NSE,15650.0,15590.35,15596.4,NESIND,315
250,2020-04-01 13:25:00,15656.5,NSE,15665.9,15633.3,15648.4,NESIND,164
251,2020-04-01 13:26:00,15678.0,NSE,15681.75,15657.5,15661.2,NESIND,120
252,2020-04-01 13:27:00,15650.05,NSE,15684.5,15635.6,15670.3,NESIND,153
253,2020-04-01 13:28:00,15656.0,NSE,15665.1,15652.1,15665.0,NESIND,82
254,2020-04-01 13:29:00,15650.0,NSE,15670.0,15650.0,15655.6,NESIND,132
255,2020-04-01 13:30:00,15627.5,NSE,15649.75,15620.0,15640.0,NESIND,171
256,2020-04-01 13:31:00,15630.0,NSE,15639.0,15620.0,15627.4,NESIND,48
257,2020-04-01 13:32:00,15628.75,NSE,15636.5,15620.0,15636.0,NESIND,121
258,2020-04-01 13:33:00,15620.0,NSE,15636.7,15619.6,15636.7,NESIND,88
259,2020-04-01 13:34:00,15617.3,NSE,15625.0,15606.0,15618.8,NESIND,70
260,2020-04-01 13:35:00,15607.25,NSE,15617.3,15600.0,15617.3,NESIND,147
261,2020-04-01 13:36:00,15600.0,NSE,15609.8,15600.0,15607.1,NESIND,185
262,2020-04-01 13:37:00,15602.8,NSE,15609.55,15600.0,15600.05,NESIND,59
263,2020-04-01 13:38:00,15605.6,NSE,15610.0,15602.35,15610.0,NESIND,38
264,2020-04-01 13:39:00,15612.8,NSE,15624.35,15612.8,15615.65,NESIND,316
265,2020-04-01 13:40:00,15609.2,NSE,15615.65,15605.95,15612.8,NESIND,46
266,2020-04-01 13:41:00,15610.0,NSE,15615.55,15606.55,15609.2,NESIND,39
267,2020-04-01 13:42:00,15621.05,NSE,15623.0,15613.55,15613.55,NESIND,86
268,2020-04-01 13:43:00,15625.45,NSE,15625.45,15615.05,15615.1,NESIND,86
269,2020-04-01 13:44:00,15625.05,NSE,15630.0,15616.7,15616.7,NESIND,67
270,2020-04-01 13:45:00,15635.65,NSE,15646.45,15625.8,15630.4,NESIND,167
271,2020-04-01 13:46:00,15622.6,NSE,15635.0,15622.0,15635.0,NESIND,81
272,2020-04-01 13:47:00,15600.75,NSE,15615.55,15580.0,15615.0,NESIND,389
273,2020-04-01 13:48:00,15576.3,NSE,15600.75,15566.25,15600.75,NESIND,184
274,2020-04-01 13:49:00,15584.15,NSE,15609.2,15580.0,15594.45,NESIND,519
275,2020-04-01 13:50:00,15580.3,NSE,15619.5,15576.35,15580.2,NESIND,565
276,2020-04-01 13:51:00,15582.65,NSE,15597.0,15580.75,15588.7,NESIND,113
277,2020-04-01 13:52:00,15575.0,NSE,15594.95,15575.0,15582.65,NESIND,193
278,2020-04-01 13:53:00,15583.0,NSE,15592.0,15575.75,15592.0,NESIND,67
279,2020-04-01 13:54:00,15581.0,NSE,15604.8,15580.0,15583.2,NESIND,376
280,2020-04-01 13:55:00,15585.85,NSE,15606.35,15581.0,15591.5,NESIND,165
281,2020-04-01 13:56:00,15596.2,NSE,15596.2,15586.25,15586.25,NESIND,33
282,2020-04-01 13:57:00,15591.3,NSE,15613.8,15577.55,15596.2,NESIND,440
283,2020-04-01 13:58:00,15580.85,NSE,15591.95,15570.0,15591.3,NESIND,282
284,2020-04-01 13:59:00,15586.5,NSE,15600.0,15559.9,15570.2,NESIND,362
285,2020-04-01 14:00:00,15596.4,NSE,15596.4,15575.05,15586.5,NESIND,102
286,2020-04-01 14:01:00,15569.05,NSE,15589.15,15568.75,15589.15,NESIND,98
287,2020-04-01 14:02:00,15616.35,NSE,15623.05,15576.4,15576.4,NESIND,421
288,2020-04-01 14:03:00,15571.7,NSE,15616.35,15570.0,15616.35,NESIND,200
289,2020-04-01 14:04:00,15608.85,NSE,15608.85,15571.7,15572.1,NESIND,165
290,2020-04-01 14:05:00,15587.1,NSE,15599.65,15570.0,15599.5,NESIND,205
291,2020-04-01 14:06:00,15561.0,NSE,15595.45,15560.0,15588.3,NESIND,291
292,2020-04-01 14:07:00,15550.75,NSE,15575.3,15518.65,15575.3,NESIND,654
293,2020-04-01 14:08:00,15544.0,NSE,15566.05,15535.1,15560.75,NESIND,261
294,2020-04-01 14:09:00,15560.6,NSE,15566.0,15541.0,15541.0,NESIND,139
295,2020-04-01 14:10:00,15554.85,NSE,15566.45,15554.85,15560.6,NESIND,88
296,2020-04-01 14:11:00,15564.05,NSE,15571.0,15555.1,15561.1,NESIND,161
297,2020-04-01 14:12:00,15582.45,NSE,15590.0,15564.25,15570.0,NESIND,145
298,2020-04-01 14:13:00,15574.9,NSE,15585.05,15565.0,15582.05,NESIND,75
299,2020-04-01 14:14:00,15576.3,NSE,15577.0,15565.0,15572.8,NESIND,115
300,2020-04-01 14:15:00,15574.55,NSE,15582.75,15570.95,15576.3,NESIND,59
301,2020-04-01 14:16:00,15550.0,NSE,15582.4,15550.0,15573.65,NESIND,166
302,2020-04-01 14:17:00,15550.3,NSE,15555.05,15536.5,15548.0,NESIND,209
303,2020-04-01 14:18:00,15561.55,NSE,15577.85,15549.6,15550.15,NESIND,175
304,2020-04-01 14:19:00,15554.7,NSE,15576.15,15554.7,15576.15,NESIND,151
305,2020-04-01 14:20:00,15568.95,NSE,15578.95,15553.05,15560.35,NESIND,221
306,2020-04-01 14:21:00,15545.0,NSE,15560.05,15539.35,15560.05,NESIND,274
307,2020-04-01 14:22:00,15513.0,NSE,15546.0,15513.0,15545.0,NESIND,474
308,2020-04-01 14:23:00,15528.3,NSE,15532.5,15510.0,15528.15,NESIND,238
309,2020-04-01 14:24:00,15525.0,NSE,15535.0,15520.4,15528.35,NESIND,122
310,2020-04-01 14:25:00,15525.7,NSE,15535.0,15523.6,15525.0,NESIND,118
311,2020-04-01 14:26:00,15502.15,NSE,15533.55,15500.0,15532.55,NESIND,487
312,2020-04-01 14:27:00,15515.25,NSE,15515.25,15500.0,15507.6,NESIND,198
313,2020-04-01 14:28:00,15525.45,NSE,15539.75,15502.0,15519.95,NESIND,395
314,2020-04-01 14:29:00,15514.0,NSE,15533.0,15514.0,15528.25,NESIND,125
315,2020-04-01 14:30:00,15551.35,NSE,15555.0,15509.05,15519.75,NESIND,549
316,2020-04-01 14:31:00,15513.55,NSE,15541.75,15511.65,15540.35,NESIND,280
317,2020-04-01 14:32:00,15545.2,NSE,15555.0,15513.5,15513.55,NESIND,366
318,2020-04-01 14:33:00,15580.5,NSE,15593.3,15545.6,15553.45,NESIND,512
319,2020-04-01 14:34:00,15586.6,NSE,15592.85,15556.6,15580.45,NESIND,446
320,2020-04-01 14:35:00,15588.15,NSE,15589.95,15575.0,15586.6,NESIND,344
321,2020-04-01 14:36:00,15561.6,NSE,15586.25,15561.05,15582.6,NESIND,235
322,2020-04-01 14:37:00,15570.3,NSE,15578.15,15561.15,15571.9,NESIND,184
323,2020-04-01 14:38:00,15615.25,NSE,15628.0,15570.1,15570.1,NESIND,743
324,2020-04-01 14:39:00,15621.05,NSE,15637.75,15614.85,15619.3,NESIND,611
325,2020-04-01 14:40:00,15643.45,NSE,15696.9,15622.95,15628.6,NESIND,531
326,2020-04-01 14:41:00,15620.55,NSE,15646.2,15620.55,15630.0,NESIND,322
327,2020-04-01 14:42:00,15584.95,NSE,15626.95,15573.35,15620.5,NESIND,694
328,2020-04-01 14:43:00,15595.0,NSE,15615.6,15581.6,15598.2,NESIND,286
329,2020-04-01 14:44:00,15600.0,NSE,15602.5,15580.0,15602.45,NESIND,157
330,2020-04-01 14:45:00,15573.85,NSE,15598.9,15561.0,15592.65,NESIND,402
331,2020-04-01 14:46:00,15568.5,NSE,15590.0,15564.25,15564.25,NESIND,191
332,2020-04-01 14:47:00,15572.0,NSE,15577.0,15566.6,15576.2,NESIND,96
333,2020-04-01 14:48:00,15562.0,NSE,15577.0,15561.05,15577.0,NESIND,122
334,2020-04-01 14:49:00,15545.0,NSE,15561.6,15545.0,15561.6,NESIND,233
335,2020-04-01 14:50:00,15555.8,NSE,15597.8,15550.15,15590.0,NESIND,440
336,2020-04-01 14:51:00,15560.5,NSE,15577.75,15545.65,15562.35,NESIND,183
337,2020-04-01 14:52:00,15561.9,NSE,15569.5,15550.0,15564.95,NESIND,97
338,2020-04-01 14:53:00,15569.25,NSE,15590.0,15559.65,15561.9,NESIND,199
339,2020-04-01 14:54:00,15587.4,NSE,15590.0,15562.15,15573.7,NESIND,259
340,2020-04-01 14:55:00,15575.7,NSE,15587.75,15567.1,15587.4,NESIND,155
341,2020-04-01 14:56:00,15579.3,NSE,15599.4,15570.9,15575.65,NESIND,272
342,2020-04-01 14:57:00,15584.8,NSE,15593.5,15568.65,15585.3,NESIND,408
343,2020-04-01 14:58:00,15589.75,NSE,15592.0,15571.1,15579.0,NESIND,146
344,2020-04-01 14:59:00,15593.3,NSE,15597.8,15575.0,15589.8,NESIND,228
345,2020-04-01 15:00:00,15639.85,NSE,15644.95,15593.45,15595.0,NESIND,781
346,2020-04-01 15:01:00,15661.2,NSE,15670.0,15642.3,15661.3,NESIND,616
347,2020-04-01 15:02:00,15631.65,NSE,15668.0,15613.75,15668.0,NESIND,769
348,2020-04-01 15:03:00,15627.65,NSE,15638.7,15608.45,15638.7,NESIND,375
349,2020-04-01 15:04:00,15641.35,NSE,15643.65,15612.75,15613.5,NESIND,563
350,2020-04-01 15:05:00,15630.0,NSE,15659.85,15630.0,15641.4,NESIND,712
351,2020-04-01 15:06:00,15625.35,NSE,15632.95,15605.5,15632.95,NESIND,567
352,2020-04-01 15:07:00,15628.95,NSE,15632.9,15610.55,15629.95,NESIND,362
353,2020-04-01 15:08:00,15633.1,NSE,15633.25,15619.35,15628.95,NESIND,492
354,2020-04-01 15:09:00,15629.15,NSE,15635.0,15612.2,15633.25,NESIND,421
355,2020-04-01 15:10:00,15630.9,NSE,15645.8,15628.75,15628.75,NESIND,578
356,2020-04-01 15:11:00,15608.45,NSE,15628.15,15600.65,15627.95,NESIND,690
357,2020-04-01 15:12:00,15604.05,NSE,15615.35,15602.6,15608.55,NESIND,507
358,2020-04-01 15:13:00,15639.9,NSE,15640.0,15606.3,15606.3,NESIND,926
359,2020-04-01 15:14:00,15640.75,NSE,15650.0,15620.7,15639.95,NESIND,736
360,2020-04-01 15:15:00,15650.25,NSE,15664.5,15641.95,15650.95,NESIND,1019
361,2020-04-01 15:16:00,15690.0,NSE,15705.0,15649.95,15655.5,NESIND,2008
362,2020-04-01 15:17:00,15692.8,NSE,15732.55,15689.0,15689.95,NESIND,1289
363,2020-04-01 15:18:00,15699.85,NSE,15705.9,15684.05,15692.85,NESIND,754
364,2020-04-01 15:19:00,15673.45,NSE,15704.35,15669.85,15700.8,NESIND,548
365,2020-04-01 15:20:00,15700.0,NSE,15700.0,15673.45,15673.55,NESIND,554
366,2020-04-01 15:21:00,15674.0,NSE,15700.0,15670.05,15699.95,NESIND,687
367,2020-04-01 15:22:00,15675.7,NSE,15690.0,15651.0,15677.25,NESIND,857
368,2020-04-01 15:23:00,15674.8,NSE,15675.7,15665.0,15675.7,NESIND,394
369,2020-04-01 15:24:00,15651.4,NSE,15674.8,15650.05,15674.8,NESIND,489
370,2020-04-01 15:25:00,15634.5,NSE,15651.4,15629.55,15651.0,NESIND,421
371,2020-04-01 15:26:00,15636.8,NSE,15640.0,15632.25,15634.5,NESIND,373
372,2020-04-01 15:27:00,15653.6,NSE,15672.95,15621.0,15636.8,NESIND,613
373,2020-04-01 15:28:00,15659.65,NSE,15675.0,15636.8,15672.95,NESIND,363
374,2020-04-01 15:29:00,15650.0,NSE,15675.0,15631.0,15663.95,NESIND,284
