,datetime,close,exchange_code,high,low,open,stock_code,volume
0,2020-10-15 09:30:00,894.2,NSE,898.0,893.1,893.7,GODPRO,13537
1,2020-10-15 09:31:00,890.85,NSE,896.25,890.15,895.6,GODPRO,9794
2,2020-10-15 09:32:00,892.65,NSE,892.7,889.55,890.8,GODPRO,9098
3,2020-10-15 09:33:00,893.95,NSE,893.95,891.6,892.65,GODPRO,8733
4,2020-10-15 09:34:00,892.9,NSE,894.0,886.85,893.9,GODPRO,17950
5,2020-10-15 09:35:00,891.55,NSE,894.4,890.1,892.0,GODPRO,12592
6,2020-10-15 09:36:00,892.1,NSE,893.15,891.1,891.55,GODPRO,3894
7,2020-10-15 09:37:00,897.1,NSE,897.2,892.1,892.1,GODPRO,10984
8,2020-10-15 09:38:00,895.0,NSE,898.0,895.0,897.1,GODPRO,11663
9,2020-10-15 09:39:00,898.0,NSE,898.0,895.0,895.0,GODPRO,8036
10,2020-10-15 09:40:00,897.05,NSE,899.65,895.55,897.8,GODPRO,18979
11,2020-10-15 09:41:00,898.65,NSE,898.85,896.1,897.0,GODPRO,8112
12,2020-10-15 09:42:00,898.6,NSE,898.95,897.35,898.65,GODPRO,10908
13,2020-10-15 09:43:00,897.8,NSE,898.5,897.05,898.4,GODPRO,6458
14,2020-10-15 09:44:00,896.3,NSE,898.05,896.3,898.0,GODPRO,8819
15,2020-10-15 09:45:00,896.85,NSE,897.0,896.6,896.85,GODPRO,3409
16,2020-10-15 09:46:00,899.25,NSE,899.45,897.85,897.85,GODPRO,11038
17,2020-10-15 09:47:00,902.75,NSE,903.2,899.0,899.2,GODPRO,21772
18,2020-10-15 09:48:00,902.0,NSE,903.3,901.55,902.75,GODPRO,18561
19,2020-10-15 09:49:00,897.95,NSE,901.55,897.95,901.55,GODPRO,16313
20,2020-10-15 09:50:00,897.25,NSE,898.75,896.0,898.35,GODPRO,12732
21,2020-10-15 09:51:00,899.8,NSE,900.15,896.5,896.65,GODPRO,5470
22,2020-10-15 09:52:00,900.6,NSE,903.0,899.8,899.8,GODPRO,14581
23,2020-10-15 09:53:00,902.0,NSE,902.0,900.25,900.6,GODPRO,6250
24,2020-10-15 09:54:00,901.65,NSE,902.0,900.3,901.9,GODPRO,9586
25,2020-10-15 09:55:00,898.8,NSE,901.95,897.75,901.65,GODPRO,6319
26,2020-10-15 09:56:00,898.3,NSE,899.55,897.95,898.15,GODPRO,5543
27,2020-10-15 09:57:00,898.5,NSE,898.5,897.5,898.25,GODPRO,4786
28,2020-10-15 09:58:00,901.95,NSE,902.0,898.3,898.95,GODPRO,5603
29,2020-10-15 09:59:00,901.7,NSE,902.0,900.35,901.95,GODPRO,4473
30,2020-10-15 10:00:00,901.4,NSE,901.85,900.5,901.25,GODPRO,5382
31,2020-10-15 10:01:00,900.3,NSE,901.5,899.55,900.95,GODPRO,5163
32,2020-10-15 10:02:00,899.5,NSE,900.3,899.15,900.3,GODPRO,2219
33,2020-10-15 10:03:00,899.3,NSE,899.95,898.25,899.45,GODPRO,3431
34,2020-10-15 10:04:00,900.5,NSE,901.0,899.0,899.0,GODPRO,4814
35,2020-10-15 10:05:00,901.9,NSE,902.0,900.5,900.5,GODPRO,11227
36,2020-10-15 10:06:00,901.85,NSE,903.0,901.6,902.0,GODPRO,11108
37,2020-10-15 10:07:00,902.55,NSE,902.9,901.95,902.5,GODPRO,4310
38,2020-10-15 10:08:00,901.75,NSE,902.4,901.0,902.0,GODPRO,6238
39,2020-10-15 10:09:00,901.95,NSE,902.5,901.45,901.7,GODPRO,3300
40,2020-10-15 10:10:00,901.8,NSE,902.3,901.2,902.3,GODPRO,2736
41,2020-10-15 10:11:00,904.35,NSE,905.0,901.2,901.8,GODPRO,19962
42,2020-10-15 10:12:00,905.0,NSE,905.0,903.1,904.0,GODPRO,10819
43,2020-10-15 10:13:00,905.0,NSE,905.0,904.35,905.0,GODPRO,10799
44,2020-10-15 10:14:00,908.0,NSE,908.0,904.55,905.0,GODPRO,24009
45,2020-10-15 10:15:00,909.0,NSE,909.0,906.45,908.0,GODPRO,35165
46,2020-10-15 10:16:00,910.0,NSE,910.0,908.15,908.15,GODPRO,28145
47,2020-10-15 10:17:00,909.2,NSE,911.0,909.0,909.4,GODPRO,33039
48,2020-10-15 10:18:00,910.0,NSE,910.0,907.3,908.9,GODPRO,25914
49,2020-10-15 10:19:00,910.0,NSE,910.45,909.1,909.85,GODPRO,10471
50,2020-10-15 10:20:00,908.0,NSE,910.4,907.85,910.0,GODPRO,12152
51,2020-10-15 10:21:00,908.0,NSE,908.4,907.3,908.0,GODPRO,7813
52,2020-10-15 10:22:00,907.6,NSE,908.45,907.6,908.2,GODPRO,4960
53,2020-10-15 10:23:00,907.65,NSE,908.4,907.5,907.6,GODPRO,9930
54,2020-10-15 10:24:00,904.0,NSE,908.0,903.95,908.0,GODPRO,27666
55,2020-10-15 10:25:00,904.4,NSE,904.85,904.0,904.1,GODPRO,12256
56,2020-10-15 10:26:00,906.8,NSE,907.35,904.25,904.95,GODPRO,6809
57,2020-10-15 10:27:00,905.1,NSE,907.0,904.65,906.6,GODPRO,6001
58,2020-10-15 10:28:00,904.4,NSE,905.0,904.4,905.0,GODPRO,3897
59,2020-10-15 10:29:00,901.9,NSE,904.7,900.8,904.1,GODPRO,15814
60,2020-10-15 10:30:00,890.8,NSE,901.85,887.5,901.5,GODPRO,77942
61,2020-10-15 10:31:00,895.1,NSE,895.1,890.0,890.15,GODPRO,14951
62,2020-10-15 10:32:00,892.4,NSE,895.15,891.0,895.15,GODPRO,14896
63,2020-10-15 10:33:00,892.7,NSE,893.55,891.1,892.45,GODPRO,9410
64,2020-10-15 10:34:00,888.9,NSE,894.0,888.9,892.7,GODPRO,16974
65,2020-10-15 10:35:00,888.05,NSE,890.35,887.1,889.95,GODPRO,13448
66,2020-10-15 10:36:00,887.8,NSE,889.4,887.1,888.1,GODPRO,10982
67,2020-10-15 10:37:00,885.4,NSE,888.25,885.0,887.55,GODPRO,12190
68,2020-10-15 10:38:00,884.95,NSE,886.0,880.55,885.0,GODPRO,23172
69,2020-10-15 10:39:00,888.0,NSE,888.0,884.15,884.95,GODPRO,8698
70,2020-10-15 10:40:00,886.0,NSE,888.8,886.0,887.9,GODPRO,9276
71,2020-10-15 10:41:00,884.9,NSE,886.1,884.1,885.95,GODPRO,3430
72,2020-10-15 10:42:00,885.7,NSE,886.0,884.85,884.85,GODPRO,1263
73,2020-10-15 10:43:00,886.6,NSE,888.0,886.3,886.4,GODPRO,5346
74,2020-10-15 10:44:00,886.9,NSE,887.35,886.6,886.95,GODPRO,965
75,2020-10-15 10:45:00,887.0,NSE,887.1,886.15,886.6,GODPRO,1887
76,2020-10-15 10:46:00,886.25,NSE,887.25,886.25,887.1,GODPRO,1559
77,2020-10-15 10:47:00,886.2,NSE,887.0,886.2,886.45,GODPRO,1820
78,2020-10-15 10:48:00,886.95,NSE,887.0,886.0,886.95,GODPRO,1530
79,2020-10-15 10:49:00,885.15,NSE,887.0,885.15,887.0,GODPRO,2604
80,2020-10-15 10:50:00,883.1,NSE,885.95,883.1,885.5,GODPRO,6291
81,2020-10-15 10:51:00,879.8,NSE,882.75,878.55,882.1,GODPRO,21166
82,2020-10-15 10:52:00,877.35,NSE,878.85,876.2,878.3,GODPRO,16969
83,2020-10-15 10:53:00,877.2,NSE,880.8,877.0,877.0,GODPRO,10624
84,2020-10-15 10:54:00,877.3,NSE,878.8,877.0,877.2,GODPRO,6182
85,2020-10-15 10:55:00,878.0,NSE,878.55,876.0,877.2,GODPRO,12290
86,2020-10-15 10:56:00,880.4,NSE,880.6,878.0,878.8,GODPRO,9150
87,2020-10-15 10:57:00,881.9,NSE,881.9,880.15,880.15,GODPRO,4254
88,2020-10-15 10:58:00,881.7,NSE,882.0,881.05,881.75,GODPRO,1403
89,2020-10-15 10:59:00,883.0,NSE,883.0,881.0,881.1,GODPRO,3768
90,2020-10-15 11:00:00,880.05,NSE,883.1,880.0,882.95,GODPRO,6775
91,2020-10-15 11:01:00,878.25,NSE,880.05,877.5,880.05,GODPRO,6167
92,2020-10-15 11:02:00,879.9,NSE,879.95,878.25,878.25,GODPRO,2943
93,2020-10-15 11:03:00,880.95,NSE,881.0,879.8,880.0,GODPRO,1440
94,2020-10-15 11:04:00,881.2,NSE,881.75,880.35,881.0,GODPRO,2045
95,2020-10-15 11:05:00,882.0,NSE,882.25,881.2,881.9,GODPRO,1878
96,2020-10-15 11:06:00,882.05,NSE,882.95,881.4,882.0,GODPRO,2136
97,2020-10-15 11:07:00,879.15,NSE,882.1,878.45,882.0,GODPRO,5885
98,2020-10-15 11:08:00,879.25,NSE,880.25,878.2,878.7,GODPRO,2139
99,2020-10-15 11:09:00,880.4,NSE,881.6,879.3,880.05,GODPRO,1422
100,2020-10-15 11:10:00,881.55,NSE,881.75,881.1,881.1,GODPRO,495
101,2020-10-15 11:11:00,881.0,NSE,881.75,880.45,881.55,GODPRO,1800
102,2020-10-15 11:12:00,881.4,NSE,881.4,880.5,880.5,GODPRO,1219
103,2020-10-15 11:13:00,881.45,NSE,882.5,880.85,881.75,GODPRO,3342
104,2020-10-15 11:14:00,882.6,NSE,882.6,882.0,882.0,GODPRO,1131
105,2020-10-15 11:15:00,881.25,NSE,882.6,881.05,882.6,GODPRO,1731
106,2020-10-15 11:16:00,881.25,NSE,881.9,881.25,881.25,GODPRO,470
107,2020-10-15 11:17:00,880.35,NSE,881.65,880.35,881.55,GODPRO,3313
108,2020-10-15 11:18:00,879.3,NSE,879.95,878.0,879.95,GODPRO,5135
109,2020-10-15 11:19:00,881.0,NSE,881.0,879.0,879.0,GODPRO,2174
110,2020-10-15 11:20:00,881.45,NSE,881.5,880.6,881.0,GODPRO,1702
111,2020-10-15 11:21:00,882.0,NSE,882.0,881.45,881.45,GODPRO,577
112,2020-10-15 11:22:00,881.85,NSE,882.0,880.95,882.0,GODPRO,2544
113,2020-10-15 11:23:00,881.5,NSE,881.85,881.0,881.85,GODPRO,218
114,2020-10-15 11:24:00,879.95,NSE,881.75,879.65,881.0,GODPRO,3380
115,2020-10-15 11:25:00,880.05,NSE,880.6,878.35,879.7,GODPRO,3365
116,2020-10-15 11:26:00,880.6,NSE,880.6,879.3,880.0,GODPRO,626
117,2020-10-15 11:27:00,880.05,NSE,880.7,879.65,880.0,GODPRO,1147
118,2020-10-15 11:28:00,880.0,NSE,880.6,880.0,880.6,GODPRO,313
119,2020-10-15 11:29:00,880.75,NSE,880.85,880.2,880.6,GODPRO,314
120,2020-10-15 11:30:00,879.45,NSE,880.8,879.45,879.9,GODPRO,1007
121,2020-10-15 11:31:00,880.0,NSE,880.15,879.5,880.15,GODPRO,686
122,2020-10-15 11:32:00,879.5,NSE,880.0,879.5,879.55,GODPRO,953
123,2020-10-15 11:33:00,878.45,NSE,879.75,878.45,879.5,GODPRO,2678
124,2020-10-15 11:34:00,877.9,NSE,878.8,877.05,878.4,GODPRO,4420
125,2020-10-15 11:35:00,877.9,NSE,877.95,877.05,877.4,GODPRO,1176
126,2020-10-15 11:36:00,878.7,NSE,878.7,876.5,877.5,GODPRO,7465
127,2020-10-15 11:37:00,879.8,NSE,880.0,878.65,878.65,GODPRO,3736
128,2020-10-15 11:38:00,879.0,NSE,879.7,878.7,878.7,GODPRO,1496
129,2020-10-15 11:39:00,879.75,NSE,879.75,878.9,878.9,GODPRO,972
130,2020-10-15 11:40:00,879.05,NSE,879.7,878.9,879.7,GODPRO,804
131,2020-10-15 11:41:00,876.7,NSE,879.05,876.7,879.05,GODPRO,4050
132,2020-10-15 11:42:00,877.4,NSE,877.85,875.3,876.55,GODPRO,11846
133,2020-10-15 11:43:00,876.7,NSE,877.7,876.55,877.2,GODPRO,742
134,2020-10-15 11:44:00,876.9,NSE,877.9,876.0,877.25,GODPRO,1993
135,2020-10-15 11:45:00,876.95,NSE,877.0,876.0,876.85,GODPRO,541
136,2020-10-15 11:46:00,876.4,NSE,877.0,876.35,877.0,GODPRO,1395
137,2020-10-15 11:47:00,876.7,NSE,876.8,875.5,875.5,GODPRO,2528
138,2020-10-15 11:48:00,877.5,NSE,877.75,876.1,876.65,GODPRO,3730
139,2020-10-15 11:49:00,877.0,NSE,878.0,876.7,877.5,GODPRO,1016
140,2020-10-15 11:50:00,877.55,NSE,877.85,876.8,877.6,GODPRO,637
141,2020-10-15 11:51:00,877.65,NSE,877.8,876.95,877.8,GODPRO,1233
142,2020-10-15 11:52:00,874.0,NSE,877.75,872.6,876.85,GODPRO,18917
143,2020-10-15 11:53:00,872.8,NSE,874.65,872.6,873.55,GODPRO,4713
144,2020-10-15 11:54:00,874.2,NSE,874.95,872.65,872.65,GODPRO,3229
145,2020-10-15 11:55:00,874.25,NSE,874.9,873.25,874.4,GODPRO,4226
146,2020-10-15 11:56:00,874.1,NSE,875.0,874.1,874.6,GODPRO,5522
147,2020-10-15 11:57:00,871.4,NSE,875.0,870.95,874.9,GODPRO,11365
148,2020-10-15 11:58:00,872.1,NSE,872.15,870.5,871.75,GODPRO,5039
149,2020-10-15 11:59:00,871.5,NSE,872.0,870.95,871.0,GODPRO,3544
150,2020-10-15 12:00:00,871.35,NSE,872.0,870.65,871.2,GODPRO,9166
151,2020-10-15 12:01:00,868.8,NSE,871.25,867.75,871.25,GODPRO,13029
152,2020-10-15 12:02:00,868.75,NSE,868.95,868.0,868.15,GODPRO,3741
153,2020-10-15 12:03:00,866.1,NSE,869.45,865.55,868.7,GODPRO,9620
154,2020-10-15 12:04:00,862.05,NSE,866.0,862.05,865.55,GODPRO,17880
155,2020-10-15 12:05:00,863.85,NSE,863.85,860.0,862.05,GODPRO,14201
156,2020-10-15 12:06:00,863.25,NSE,866.3,862.75,864.6,GODPRO,13343
157,2020-10-15 12:07:00,864.6,NSE,864.8,862.75,863.25,GODPRO,1970
158,2020-10-15 12:08:00,867.55,NSE,867.55,864.05,864.05,GODPRO,5030
159,2020-10-15 12:09:00,868.75,NSE,868.9,866.2,866.2,GODPRO,4079
160,2020-10-15 12:10:00,868.25,NSE,870.0,867.6,868.4,GODPRO,3678
161,2020-10-15 12:11:00,867.75,NSE,867.85,865.35,866.9,GODPRO,4612
162,2020-10-15 12:12:00,868.85,NSE,869.35,867.05,867.55,GODPRO,1376
163,2020-10-15 12:13:00,868.25,NSE,870.0,867.95,868.9,GODPRO,5499
164,2020-10-15 12:14:00,869.45,NSE,869.45,867.1,868.15,GODPRO,1994
165,2020-10-15 12:15:00,869.55,NSE,869.7,868.55,868.55,GODPRO,966
166,2020-10-15 12:16:00,868.05,NSE,869.55,866.55,869.55,GODPRO,5615
167,2020-10-15 12:17:00,867.55,NSE,868.7,866.95,868.0,GODPRO,1478
168,2020-10-15 12:18:00,869.2,NSE,869.2,867.0,867.0,GODPRO,831
169,2020-10-15 12:19:00,869.0,NSE,869.2,868.4,868.7,GODPRO,957
170,2020-10-15 12:20:00,869.15,NSE,869.95,869.0,869.0,GODPRO,1588
171,2020-10-15 12:21:00,870.05,NSE,871.2,869.8,870.45,GODPRO,3661
172,2020-10-15 12:22:00,871.0,NSE,871.0,870.0,870.05,GODPRO,1048
173,2020-10-15 12:23:00,868.25,NSE,869.5,867.3,869.5,GODPRO,5238
174,2020-10-15 12:24:00,867.6,NSE,868.35,867.3,867.3,GODPRO,466
175,2020-10-15 12:25:00,868.7,NSE,868.7,867.65,868.35,GODPRO,382
176,2020-10-15 12:26:00,870.0,NSE,870.0,868.7,868.7,GODPRO,1904
177,2020-10-15 12:27:00,870.4,NSE,870.6,869.45,870.0,GODPRO,1400
178,2020-10-15 12:28:00,869.8,NSE,871.5,869.65,869.65,GODPRO,3582
179,2020-10-15 12:29:00,870.0,NSE,870.0,868.9,869.7,GODPRO,920
180,2020-10-15 12:30:00,868.75,NSE,870.4,868.75,870.0,GODPRO,1201
181,2020-10-15 12:31:00,869.0,NSE,869.2,868.2,869.0,GODPRO,874
182,2020-10-15 12:32:00,868.85,NSE,868.95,868.3,868.95,GODPRO,443
183,2020-10-15 12:33:00,869.25,NSE,869.25,867.85,868.3,GODPRO,946
184,2020-10-15 12:34:00,870.15,NSE,870.15,869.25,869.25,GODPRO,103
185,2020-10-15 12:35:00,870.1,NSE,870.35,869.55,870.05,GODPRO,503
186,2020-10-15 12:36:00,869.75,NSE,870.3,869.2,869.55,GODPRO,793
187,2020-10-15 12:37:00,871.25,NSE,871.25,869.4,870.0,GODPRO,1952
188,2020-10-15 12:38:00,871.75,NSE,872.0,870.55,871.2,GODPRO,4432
189,2020-10-15 12:39:00,871.9,NSE,871.95,870.85,871.9,GODPRO,1892
190,2020-10-15 12:40:00,870.15,NSE,871.9,869.55,871.85,GODPRO,2454
191,2020-10-15 12:41:00,869.6,NSE,870.45,869.5,870.2,GODPRO,974
192,2020-10-15 12:42:00,870.95,NSE,870.95,870.0,870.3,GODPRO,709
193,2020-10-15 12:43:00,869.1,NSE,871.45,868.3,871.0,GODPRO,3262
194,2020-10-15 12:44:00,868.0,NSE,869.0,867.3,869.0,GODPRO,941
195,2020-10-15 12:45:00,866.5,NSE,867.4,865.6,867.3,GODPRO,5787
196,2020-10-15 12:46:00,866.95,NSE,866.95,865.95,865.95,GODPRO,1052
197,2020-10-15 12:47:00,868.45,NSE,868.45,866.95,866.95,GODPRO,1844
198,2020-10-15 12:48:00,868.55,NSE,869.15,867.85,867.95,GODPRO,1028
199,2020-10-15 12:49:00,870.0,NSE,870.0,868.8,869.6,GODPRO,2258
200,2020-10-15 12:50:00,869.55,NSE,870.5,869.2,869.65,GODPRO,885
201,2020-10-15 12:51:00,869.25,NSE,870.0,868.55,869.85,GODPRO,701
202,2020-10-15 12:52:00,870.0,NSE,870.0,869.25,869.6,GODPRO,825
203,2020-10-15 12:53:00,869.55,NSE,870.0,868.8,869.95,GODPRO,436
204,2020-10-15 12:54:00,869.5,NSE,869.95,869.05,869.8,GODPRO,430
205,2020-10-15 12:55:00,869.8,NSE,869.8,868.5,868.95,GODPRO,414
206,2020-10-15 12:56:00,869.9,NSE,870.0,869.2,869.75,GODPRO,743
207,2020-10-15 12:57:00,870.0,NSE,870.0,869.1,869.1,GODPRO,532
208,2020-10-15 12:58:00,869.75,NSE,870.0,869.05,869.05,GODPRO,299
209,2020-10-15 12:59:00,869.95,NSE,869.95,869.25,869.95,GODPRO,298
210,2020-10-15 13:00:00,870.3,NSE,870.3,869.65,869.95,GODPRO,457
211,2020-10-15 13:01:00,869.05,NSE,869.5,868.3,869.5,GODPRO,4263
212,2020-10-15 13:02:00,867.0,NSE,868.5,866.4,868.5,GODPRO,1764
213,2020-10-15 13:03:00,865.05,NSE,867.0,865.0,866.95,GODPRO,3901
214,2020-10-15 13:04:00,867.0,NSE,867.0,865.0,865.0,GODPRO,903
215,2020-10-15 13:05:00,866.3,NSE,866.55,865.65,866.55,GODPRO,659
216,2020-10-15 13:06:00,866.5,NSE,866.5,865.8,866.35,GODPRO,350
217,2020-10-15 13:07:00,866.8,NSE,866.8,865.65,866.6,GODPRO,920
218,2020-10-15 13:08:00,866.75,NSE,866.75,866.0,866.1,GODPRO,368
219,2020-10-15 13:09:00,867.0,NSE,867.0,866.0,866.75,GODPRO,980
220,2020-10-15 13:10:00,866.5,NSE,867.0,865.55,866.85,GODPRO,1059
221,2020-10-15 13:11:00,866.95,NSE,867.0,866.0,866.5,GODPRO,821
222,2020-10-15 13:12:00,867.6,NSE,867.65,866.7,866.75,GODPRO,696
223,2020-10-15 13:13:00,866.65,NSE,867.9,866.3,867.85,GODPRO,649
224,2020-10-15 13:14:00,866.65,NSE,867.0,866.25,866.25,GODPRO,401
225,2020-10-15 13:15:00,864.2,NSE,866.9,864.0,866.25,GODPRO,4338
226,2020-10-15 13:16:00,866.15,NSE,866.15,864.0,864.0,GODPRO,3964
227,2020-10-15 13:17:00,866.8,NSE,866.9,865.0,865.25,GODPRO,949
228,2020-10-15 13:18:00,864.45,NSE,866.75,864.0,866.0,GODPRO,1754
229,2020-10-15 13:19:00,864.5,NSE,865.0,863.8,864.45,GODPRO,1738
230,2020-10-15 13:20:00,867.0,NSE,867.0,864.0,865.1,GODPRO,2568
231,2020-10-15 13:21:00,866.5,NSE,867.05,865.3,866.45,GODPRO,2905
232,2020-10-15 13:22:00,868.65,NSE,868.65,865.25,865.8,GODPRO,2432
233,2020-10-15 13:23:00,868.4,NSE,869.5,867.65,868.7,GODPRO,2125
234,2020-10-15 13:24:00,866.8,NSE,868.5,866.0,867.35,GODPRO,865
235,2020-10-15 13:25:00,867.15,NSE,867.35,866.3,866.5,GODPRO,519
236,2020-10-15 13:26:00,867.7,NSE,868.15,866.55,867.15,GODPRO,509
237,2020-10-15 13:27:00,868.1,NSE,868.1,866.6,866.6,GODPRO,479
238,2020-10-15 13:28:00,868.55,NSE,868.55,867.05,868.1,GODPRO,834
239,2020-10-15 13:29:00,868.6,NSE,868.6,867.65,868.5,GODPRO,665
240,2020-10-15 13:30:00,867.25,NSE,868.55,867.25,868.55,GODPRO,461
241,2020-10-15 13:31:00,868.45,NSE,868.45,867.4,867.4,GODPRO,584
242,2020-10-15 13:32:00,868.65,NSE,868.7,868.0,868.0,GODPRO,669
243,2020-10-15 13:33:00,866.5,NSE,868.6,866.0,868.6,GODPRO,1373
244,2020-10-15 13:34:00,866.8,NSE,866.8,866.0,866.5,GODPRO,809
245,2020-10-15 13:35:00,866.85,NSE,866.85,866.05,866.1,GODPRO,443
246,2020-10-15 13:36:00,867.35,NSE,867.35,866.65,866.9,GODPRO,339
247,2020-10-15 13:37:00,865.3,NSE,866.9,865.3,866.2,GODPRO,996
248,2020-10-15 13:38:00,865.0,NSE,866.0,865.0,866.0,GODPRO,371
249,2020-10-15 13:39:00,865.7,NSE,865.9,865.0,865.05,GODPRO,855
250,2020-10-15 13:40:00,865.6,NSE,865.65,865.0,865.65,GODPRO,537
251,2020-10-15 13:41:00,865.55,NSE,865.55,865.0,865.0,GODPRO,509
252,2020-10-15 13:42:00,865.15,NSE,865.55,865.15,865.5,GODPRO,554
253,2020-10-15 13:43:00,866.35,NSE,866.35,865.0,865.5,GODPRO,3264
254,2020-10-15 13:44:00,866.1,NSE,866.75,865.25,866.05,GODPRO,1456
255,2020-10-15 13:45:00,863.5,NSE,865.65,862.55,865.65,GODPRO,6246
256,2020-10-15 13:46:00,862.85,NSE,863.75,862.55,863.4,GODPRO,1376
257,2020-10-15 13:47:00,862.9,NSE,864.05,861.55,862.65,GODPRO,4345
258,2020-10-15 13:48:00,861.85,NSE,863.3,861.5,863.3,GODPRO,2694
259,2020-10-15 13:49:00,862.45,NSE,863.1,861.65,861.65,GODPRO,648
260,2020-10-15 13:50:00,861.55,NSE,862.7,861.3,861.8,GODPRO,1582
261,2020-10-15 13:51:00,861.5,NSE,862.0,861.0,861.5,GODPRO,2865
262,2020-10-15 13:52:00,860.7,NSE,861.05,860.55,861.05,GODPRO,2669
263,2020-10-15 13:53:00,863.0,NSE,863.0,861.0,861.0,GODPRO,930
264,2020-10-15 13:54:00,863.95,NSE,864.0,862.4,862.55,GODPRO,2287
265,2020-10-15 13:55:00,861.9,NSE,863.0,861.2,863.0,GODPRO,1488
266,2020-10-15 13:56:00,860.6,NSE,861.95,860.45,861.95,GODPRO,2466
267,2020-10-15 13:57:00,863.3,NSE,863.3,860.5,860.6,GODPRO,2925
268,2020-10-15 13:58:00,862.9,NSE,863.55,861.75,863.55,GODPRO,1372
269,2020-10-15 13:59:00,862.25,NSE,862.9,861.45,862.7,GODPRO,2020
270,2020-10-15 14:00:00,861.2,NSE,862.15,860.5,862.15,GODPRO,1711
271,2020-10-15 14:01:00,861.9,NSE,861.9,860.65,860.65,GODPRO,591
272,2020-10-15 14:02:00,861.0,NSE,861.95,860.85,861.8,GODPRO,817
273,2020-10-15 14:03:00,861.0,NSE,861.0,860.4,861.0,GODPRO,803
274,2020-10-15 14:04:00,861.9,NSE,861.9,860.1,860.1,GODPRO,4937
275,2020-10-15 14:05:00,862.4,NSE,862.7,861.5,862.0,GODPRO,2000
276,2020-10-15 14:06:00,860.8,NSE,862.75,860.2,862.55,GODPRO,1862
277,2020-10-15 14:07:00,857.1,NSE,860.75,855.2,860.25,GODPRO,26184
278,2020-10-15 14:08:00,855.3,NSE,857.15,855.25,856.0,GODPRO,7543
279,2020-10-15 14:09:00,852.85,NSE,856.35,852.4,855.55,GODPRO,11674
280,2020-10-15 14:10:00,853.4,NSE,854.9,852.4,854.3,GODPRO,6674
281,2020-10-15 14:11:00,853.55,NSE,854.65,852.85,853.45,GODPRO,2038
282,2020-10-15 14:12:00,853.1,NSE,854.0,852.35,853.6,GODPRO,4182
283,2020-10-15 14:13:00,851.0,NSE,852.95,851.0,852.25,GODPRO,4496
284,2020-10-15 14:14:00,851.55,NSE,852.3,851.0,851.85,GODPRO,2922
285,2020-10-15 14:15:00,855.4,NSE,855.65,850.5,850.7,GODPRO,6520
286,2020-10-15 14:16:00,856.8,NSE,857.35,855.3,855.35,GODPRO,4023
287,2020-10-15 14:17:00,858.4,NSE,858.95,855.6,856.45,GODPRO,4048
288,2020-10-15 14:18:00,854.65,NSE,858.9,854.65,858.9,GODPRO,4071
289,2020-10-15 14:19:00,855.05,NSE,855.2,852.25,855.2,GODPRO,4214
290,2020-10-15 14:20:00,855.1,NSE,856.45,854.75,855.15,GODPRO,2332
291,2020-10-15 14:21:00,855.55,NSE,855.95,855.0,855.1,GODPRO,1380
292,2020-10-15 14:22:00,854.65,NSE,856.65,854.65,855.5,GODPRO,2274
293,2020-10-15 14:23:00,855.25,NSE,855.9,854.75,854.85,GODPRO,1938
294,2020-10-15 14:24:00,854.0,NSE,855.4,853.8,855.3,GODPRO,1517
295,2020-10-15 14:25:00,853.9,NSE,853.95,852.75,853.65,GODPRO,2040
296,2020-10-15 14:26:00,854.9,NSE,855.0,853.15,853.15,GODPRO,4119
297,2020-10-15 14:27:00,855.0,NSE,855.4,854.35,854.9,GODPRO,782
298,2020-10-15 14:28:00,854.1,NSE,855.0,852.55,854.5,GODPRO,4530
299,2020-10-15 14:29:00,855.85,NSE,856.0,854.2,854.25,GODPRO,4378
300,2020-10-15 14:30:00,853.35,NSE,855.8,852.0,855.35,GODPRO,4331
301,2020-10-15 14:31:00,854.3,NSE,854.3,852.55,853.4,GODPRO,1649
302,2020-10-15 14:32:00,854.05,NSE,854.3,852.9,854.25,GODPRO,1152
303,2020-10-15 14:33:00,852.9,NSE,854.0,852.5,853.65,GODPRO,1219
304,2020-10-15 14:34:00,853.2,NSE,853.9,852.5,853.05,GODPRO,2265
305,2020-10-15 14:35:00,853.0,NSE,853.9,852.5,852.55,GODPRO,722
306,2020-10-15 14:36:00,853.0,NSE,853.0,852.45,853.0,GODPRO,1321
307,2020-10-15 14:37:00,853.95,NSE,853.95,852.85,853.0,GODPRO,576
308,2020-10-15 14:38:00,854.1,NSE,855.0,853.45,853.45,GODPRO,4035
309,2020-10-15 14:39:00,854.45,NSE,855.0,853.7,853.95,GODPRO,3697
310,2020-10-15 14:40:00,856.0,NSE,856.0,854.45,854.45,GODPRO,3186
311,2020-10-15 14:41:00,855.95,NSE,856.35,855.15,856.0,GODPRO,1707
312,2020-10-15 14:42:00,852.55,NSE,855.9,852.2,855.9,GODPRO,4068
313,2020-10-15 14:43:00,852.25,NSE,853.55,852.05,853.05,GODPRO,2553
314,2020-10-15 14:44:00,852.2,NSE,853.5,852.05,852.25,GODPRO,1693
315,2020-10-15 14:45:00,853.45,NSE,854.55,852.2,852.2,GODPRO,3049
316,2020-10-15 14:46:00,853.4,NSE,853.95,852.65,853.4,GODPRO,1182
317,2020-10-15 14:47:00,853.4,NSE,853.4,852.55,853.1,GODPRO,789
318,2020-10-15 14:48:00,853.2,NSE,853.5,852.7,853.5,GODPRO,1167
319,2020-10-15 14:49:00,852.6,NSE,853.5,852.25,853.0,GODPRO,2739
320,2020-10-15 14:50:00,853.7,NSE,854.0,852.3,852.3,GODPRO,1913
321,2020-10-15 14:51:00,853.0,NSE,853.75,852.4,853.75,GODPRO,2230
322,2020-10-15 14:52:00,852.1,NSE,852.95,852.0,852.95,GODPRO,1701
323,2020-10-15 14:53:00,853.0,NSE,853.0,852.0,852.0,GODPRO,1572
324,2020-10-15 14:54:00,852.45,NSE,852.95,852.35,852.75,GODPRO,343
325,2020-10-15 14:55:00,853.0,NSE,853.05,852.35,852.75,GODPRO,893
326,2020-10-15 14:56:00,851.95,NSE,852.85,851.95,852.5,GODPRO,1715
327,2020-10-15 14:57:00,852.5,NSE,852.5,851.35,851.65,GODPRO,3545
328,2020-10-15 14:58:00,852.45,NSE,852.45,851.45,851.75,GODPRO,1579
329,2020-10-15 14:59:00,854.1,NSE,854.1,852.0,852.7,GODPRO,3681
330,2020-10-15 15:00:00,853.65,NSE,855.95,853.35,853.35,GODPRO,7763
331,2020-10-15 15:01:00,854.2,NSE,854.75,852.5,853.4,GODPRO,1518
332,2020-10-15 15:02:00,855.0,NSE,855.0,853.4,854.5,GODPRO,842
333,2020-10-15 15:03:00,855.0,NSE,855.0,853.6,854.9,GODPRO,2970
334,2020-10-15 15:04:00,854.95,NSE,855.0,854.0,854.3,GODPRO,1615
335,2020-10-15 15:05:00,853.55,NSE,855.5,853.0,855.5,GODPRO,3021
336,2020-10-15 15:06:00,852.5,NSE,853.4,852.0,853.4,GODPRO,3561
337,2020-10-15 15:07:00,852.45,NSE,852.9,852.0,852.5,GODPRO,8614
338,2020-10-15 15:08:00,852.1,NSE,853.0,851.2,852.5,GODPRO,5995
339,2020-10-15 15:09:00,851.0,NSE,852.1,850.75,851.5,GODPRO,4912
340,2020-10-15 15:10:00,850.6,NSE,851.0,850.0,851.0,GODPRO,5504
341,2020-10-15 15:11:00,853.4,NSE,853.5,850.0,850.05,GODPRO,11360
342,2020-10-15 15:12:00,853.25,NSE,854.2,852.4,852.6,GODPRO,3972
343,2020-10-15 15:13:00,852.2,NSE,854.0,851.4,852.75,GODPRO,6281
344,2020-10-15 15:14:00,851.9,NSE,853.45,851.75,853.45,GODPRO,2836
345,2020-10-15 15:15:00,851.0,NSE,852.15,850.2,851.7,GODPRO,10864
346,2020-10-15 15:16:00,850.55,NSE,850.85,850.0,850.25,GODPRO,11526
347,2020-10-15 15:17:00,848.2,NSE,850.7,848.2,850.6,GODPRO,8472
348,2020-10-15 15:18:00,847.0,NSE,849.65,846.5,848.2,GODPRO,4548
349,2020-10-15 15:19:00,847.0,NSE,847.85,846.0,847.0,GODPRO,3762
350,2020-10-15 15:20:00,843.8,NSE,847.0,843.8,847.0,GODPRO,8941
351,2020-10-15 15:21:00,840.0,NSE,843.85,840.0,843.85,GODPRO,12590
352,2020-10-15 15:22:00,843.45,NSE,843.85,840.45,840.95,GODPRO,6988
353,2020-10-15 15:23:00,843.4,NSE,844.05,841.3,842.5,GODPRO,5836
354,2020-10-15 15:24:00,844.95,NSE,845.25,843.3,844.55,GODPRO,3800
355,2020-10-15 15:25:00,845.95,NSE,846.25,844.8,845.0,GODPRO,2972
356,2020-10-15 15:26:00,846.0,NSE,846.0,844.0,845.95,GODPRO,3361
357,2020-10-15 15:27:00,846.0,NSE,846.05,845.25,845.25,GODPRO,1267
358,2020-10-15 15:28:00,844.95,NSE,846.2,844.95,846.0,GODPRO,2438
359,2020-10-15 15:29:00,846.0,NSE,846.0,844.05,844.95,GODPRO,1946
