,datetime,close,exchange_code,high,low,open,stock_code,volume
0,2021-08-09 09:07:00,1031.0,NSE,1031.0,1031.0,1031.0,INDBA,3983
1,2021-08-09 09:15:00,1033.65,NSE,1035.0,1028.05,1031.0,INDBA,57708
2,2021-08-09 09:16:00,1036.6,NSE,1037.15,1034.0,1034.0,INDBA,66752
3,2021-08-09 09:17:00,1037.3,NSE,1038.05,1035.3,1035.3,INDBA,47671
4,2021-08-09 09:18:00,1036.75,NSE,1037.85,1036.5,1037.3,INDBA,56225
5,2021-08-09 09:19:00,1035.15,NSE,1037.1,1035.15,1037.0,INDBA,24852
6,2021-08-09 09:20:00,1037.45,NSE,1037.45,1035.0,1035.95,INDBA,23991
7,2021-08-09 09:21:00,1039.9,NSE,1040.0,1037.7,1037.7,INDBA,62424
8,2021-08-09 09:22:00,1042.0,NSE,1043.0,1039.4,1039.4,INDBA,69754
9,2021-08-09 09:23:00,1041.15,NSE,1042.8,1040.5,1042.8,INDBA,37359
10,2021-08-09 09:24:00,1042.5,NSE,1043.0,1040.0,1041.05,INDBA,46381
11,2021-08-09 09:25:00,1041.5,NSE,1042.9,1041.1,1042.9,INDBA,19754
12,2021-08-09 09:26:00,1042.1,NSE,1042.7,1041.5,1041.5,INDBA,27561
13,2021-08-09 09:27:00,1041.25,NSE,1042.25,1040.5,1042.0,INDBA,29253
14,2021-08-09 09:28:00,1041.4,NSE,1041.95,1040.65,1041.8,INDBA,15829
15,2021-08-09 09:29:00,1040.7,NSE,1041.95,1040.55,1041.4,INDBA,9689
16,2021-08-09 09:30:00,1041.0,NSE,1041.65,1040.4,1040.55,INDBA,24518
17,2021-08-09 09:31:00,1041.9,NSE,1042.0,1041.0,1041.0,INDBA,14551
18,2021-08-09 09:32:00,1042.45,NSE,1042.6,1041.75,1042.4,INDBA,23908
19,2021-08-09 09:33:00,1044.2,NSE,1044.9,1041.95,1042.0,INDBA,86711
20,2021-08-09 09:34:00,1044.25,NSE,1045.0,1044.0,1044.7,INDBA,42580
21,2021-08-09 09:35:00,1043.8,NSE,1044.3,1043.8,1044.3,INDBA,51128
22,2021-08-09 09:36:00,1044.8,NSE,1046.0,1043.8,1043.9,INDBA,74982
23,2021-08-09 09:37:00,1045.0,NSE,1046.0,1044.3,1044.75,INDBA,22403
24,2021-08-09 09:38:00,1045.75,NSE,1045.95,1044.0,1044.45,INDBA,25783
25,2021-08-09 09:39:00,1044.4,NSE,1045.95,1044.4,1045.75,INDBA,23575
26,2021-08-09 09:40:00,1045.0,NSE,1045.95,1044.35,1045.0,INDBA,20252
27,2021-08-09 09:41:00,1046.75,NSE,1047.0,1045.15,1045.2,INDBA,34962
28,2021-08-09 09:42:00,1045.5,NSE,1046.8,1045.2,1046.3,INDBA,19493
29,2021-08-09 09:43:00,1046.35,NSE,1046.75,1045.4,1045.8,INDBA,17483
30,2021-08-09 09:44:00,1046.1,NSE,1046.55,1045.65,1046.55,INDBA,12496
31,2021-08-09 09:45:00,1045.45,NSE,1046.1,1044.8,1046.1,INDBA,30604
32,2021-08-09 09:46:00,1043.25,NSE,1045.0,1042.05,1045.0,INDBA,27601
33,2021-08-09 09:47:00,1042.7,NSE,1043.6,1042.0,1042.8,INDBA,14702
34,2021-08-09 09:48:00,1042.5,NSE,1043.25,1042.1,1042.1,INDBA,9735
35,2021-08-09 09:49:00,1042.55,NSE,1043.2,1042.3,1042.35,INDBA,5528
36,2021-08-09 09:50:00,1042.0,NSE,1043.0,1042.0,1043.0,INDBA,11910
37,2021-08-09 09:51:00,1040.0,NSE,1042.0,1040.0,1042.0,INDBA,43322
38,2021-08-09 09:52:00,1043.3,NSE,1044.0,1040.0,1040.35,INDBA,34236
39,2021-08-09 09:53:00,1043.5,NSE,1044.3,1043.0,1043.3,INDBA,10005
40,2021-08-09 09:54:00,1043.0,NSE,1044.5,1043.0,1043.65,INDBA,11848
41,2021-08-09 09:55:00,1044.75,NSE,1044.95,1042.5,1043.0,INDBA,20864
42,2021-08-09 09:56:00,1043.0,NSE,1044.9,1043.0,1044.9,INDBA,11135
43,2021-08-09 09:57:00,1041.5,NSE,1042.8,1040.85,1042.25,INDBA,9149
44,2021-08-09 09:58:00,1040.2,NSE,1041.6,1040.0,1041.1,INDBA,12345
45,2021-08-09 09:59:00,1041.0,NSE,1041.0,1040.0,1040.4,INDBA,8900
46,2021-08-09 10:00:00,1040.2,NSE,1041.3,1040.05,1041.0,INDBA,33731
47,2021-08-09 10:01:00,1040.75,NSE,1041.2,1040.3,1040.6,INDBA,5116
48,2021-08-09 10:02:00,1041.3,NSE,1041.45,1040.55,1041.0,INDBA,6939
49,2021-08-09 10:03:00,1041.55,NSE,1042.0,1040.8,1041.3,INDBA,4931
50,2021-08-09 10:04:00,1041.5,NSE,1041.85,1041.0,1041.2,INDBA,3495
51,2021-08-09 10:05:00,1041.4,NSE,1042.0,1041.3,1041.5,INDBA,3703
52,2021-08-09 10:06:00,1041.05,NSE,1041.8,1041.0,1041.75,INDBA,3628
53,2021-08-09 10:07:00,1040.55,NSE,1041.5,1040.0,1041.05,INDBA,8526
54,2021-08-09 10:08:00,1040.05,NSE,1040.55,1038.15,1040.0,INDBA,44427
55,2021-08-09 10:09:00,1040.0,NSE,1040.8,1040.0,1040.45,INDBA,9851
56,2021-08-09 10:10:00,1039.5,NSE,1040.35,1038.25,1040.0,INDBA,62300
57,2021-08-09 10:11:00,1037.55,NSE,1039.1,1037.2,1038.8,INDBA,17889
58,2021-08-09 10:12:00,1037.15,NSE,1037.75,1036.3,1037.5,INDBA,17953
59,2021-08-09 10:13:00,1040.0,NSE,1040.45,1037.05,1037.05,INDBA,27736
60,2021-08-09 10:14:00,1040.0,NSE,1041.2,1039.5,1040.0,INDBA,56177
61,2021-08-09 10:15:00,1039.95,NSE,1040.35,1039.5,1040.0,INDBA,34313
62,2021-08-09 10:16:00,1040.8,NSE,1041.3,1039.7,1040.0,INDBA,14697
63,2021-08-09 10:17:00,1040.3,NSE,1041.2,1040.2,1041.2,INDBA,5151
64,2021-08-09 10:18:00,1040.45,NSE,1040.65,1040.0,1040.65,INDBA,3322
65,2021-08-09 10:19:00,1040.4,NSE,1041.2,1040.35,1040.5,INDBA,4753
66,2021-08-09 10:20:00,1042.7,NSE,1042.95,1040.3,1040.3,INDBA,14262
67,2021-08-09 10:21:00,1042.95,NSE,1043.0,1042.5,1042.7,INDBA,7916
68,2021-08-09 10:22:00,1042.6,NSE,1043.0,1042.55,1042.65,INDBA,2158
69,2021-08-09 10:23:00,1042.5,NSE,1042.9,1042.0,1042.6,INDBA,5757
70,2021-08-09 10:24:00,1044.4,NSE,1044.75,1042.05,1042.5,INDBA,18232
71,2021-08-09 10:25:00,1044.0,NSE,1044.7,1043.8,1044.2,INDBA,6047
72,2021-08-09 10:26:00,1044.15,NSE,1044.5,1043.75,1043.8,INDBA,11591
73,2021-08-09 10:27:00,1043.8,NSE,1044.8,1043.8,1044.1,INDBA,10679
74,2021-08-09 10:28:00,1044.5,NSE,1045.0,1043.75,1043.75,INDBA,11348
75,2021-08-09 10:29:00,1044.85,NSE,1045.0,1044.3,1044.75,INDBA,11746
76,2021-08-09 10:30:00,1044.0,NSE,1044.85,1044.0,1044.35,INDBA,5485
77,2021-08-09 10:31:00,1044.3,NSE,1044.95,1043.6,1043.9,INDBA,8828
78,2021-08-09 10:32:00,1044.25,NSE,1044.7,1044.0,1044.3,INDBA,6969
79,2021-08-09 10:33:00,1043.9,NSE,1044.9,1043.9,1044.1,INDBA,8141
80,2021-08-09 10:34:00,1042.55,NSE,1044.3,1042.55,1044.0,INDBA,9562
81,2021-08-09 10:35:00,1042.15,NSE,1042.75,1042.15,1042.55,INDBA,3903
82,2021-08-09 10:36:00,1042.5,NSE,1042.5,1042.0,1042.15,INDBA,2812
83,2021-08-09 10:37:00,1042.25,NSE,1042.7,1042.0,1042.35,INDBA,3816
84,2021-08-09 10:38:00,1041.75,NSE,1042.25,1041.75,1042.25,INDBA,4218
85,2021-08-09 10:39:00,1040.75,NSE,1041.95,1040.65,1041.75,INDBA,4182
86,2021-08-09 10:40:00,1041.9,NSE,1041.95,1040.65,1041.0,INDBA,4479
87,2021-08-09 10:41:00,1041.6,NSE,1041.95,1041.4,1041.9,INDBA,4195
88,2021-08-09 10:42:00,1041.5,NSE,1041.9,1041.45,1041.6,INDBA,1447
89,2021-08-09 10:43:00,1041.05,NSE,1041.6,1041.0,1041.6,INDBA,3281
90,2021-08-09 10:44:00,1041.6,NSE,1042.0,1040.8,1040.85,INDBA,3303
91,2021-08-09 10:45:00,1041.75,NSE,1042.7,1041.5,1042.0,INDBA,4496
92,2021-08-09 10:46:00,1042.25,NSE,1042.7,1041.8,1042.05,INDBA,1199
93,2021-08-09 10:47:00,1041.75,NSE,1042.5,1041.75,1042.0,INDBA,1550
94,2021-08-09 10:48:00,1041.45,NSE,1042.0,1041.1,1041.8,INDBA,3372
95,2021-08-09 10:49:00,1041.5,NSE,1042.0,1041.2,1041.95,INDBA,3758
96,2021-08-09 10:50:00,1040.1,NSE,1041.0,1040.1,1041.0,INDBA,7304
97,2021-08-09 10:51:00,1040.75,NSE,1041.0,1040.05,1040.5,INDBA,6924
98,2021-08-09 10:52:00,1040.15,NSE,1041.45,1040.0,1041.0,INDBA,8756
99,2021-08-09 10:53:00,1040.3,NSE,1041.05,1040.0,1040.6,INDBA,13169
100,2021-08-09 10:54:00,1040.2,NSE,1041.0,1040.1,1040.7,INDBA,2722
101,2021-08-09 10:55:00,1040.25,NSE,1040.95,1040.0,1040.2,INDBA,7955
102,2021-08-09 10:56:00,1040.6,NSE,1041.3,1040.2,1040.2,INDBA,4364
103,2021-08-09 10:57:00,1040.05,NSE,1041.0,1040.05,1040.6,INDBA,2857
104,2021-08-09 10:58:00,1040.2,NSE,1040.75,1040.05,1040.1,INDBA,2113
105,2021-08-09 10:59:00,1040.2,NSE,1040.55,1040.0,1040.4,INDBA,2597
106,2021-08-09 11:00:00,1040.2,NSE,1040.2,1040.0,1040.05,INDBA,2125
107,2021-08-09 11:01:00,1040.2,NSE,1040.5,1040.0,1040.2,INDBA,1659
108,2021-08-09 11:02:00,1041.0,NSE,1041.0,1040.0,1040.0,INDBA,2704
109,2021-08-09 11:03:00,1040.5,NSE,1041.0,1040.5,1040.6,INDBA,1115
110,2021-08-09 11:04:00,1040.5,NSE,1040.95,1040.5,1040.6,INDBA,459
111,2021-08-09 11:05:00,1040.3,NSE,1041.0,1040.2,1040.9,INDBA,1629
112,2021-08-09 11:06:00,1040.05,NSE,1040.75,1040.0,1040.2,INDBA,4224
113,2021-08-09 11:07:00,1039.8,NSE,1040.4,1039.8,1040.1,INDBA,13706
114,2021-08-09 11:08:00,1040.05,NSE,1040.45,1040.0,1040.0,INDBA,4022
115,2021-08-09 11:09:00,1040.0,NSE,1040.4,1040.0,1040.0,INDBA,4070
116,2021-08-09 11:10:00,1040.4,NSE,1040.7,1039.8,1040.0,INDBA,10535
117,2021-08-09 11:11:00,1040.15,NSE,1040.7,1040.15,1040.45,INDBA,2365
118,2021-08-09 11:12:00,1040.8,NSE,1040.8,1039.8,1040.2,INDBA,27071
119,2021-08-09 11:13:00,1040.5,NSE,1041.05,1040.45,1040.65,INDBA,2693
120,2021-08-09 11:14:00,1040.0,NSE,1040.6,1039.9,1040.2,INDBA,4575
121,2021-08-09 11:15:00,1039.9,NSE,1040.0,1039.5,1040.0,INDBA,10215
122,2021-08-09 11:16:00,1041.25,NSE,1041.25,1039.7,1039.7,INDBA,3676
123,2021-08-09 11:17:00,1041.5,NSE,1041.6,1040.8,1041.25,INDBA,4314
124,2021-08-09 11:18:00,1040.75,NSE,1041.5,1040.7,1041.5,INDBA,2431
125,2021-08-09 11:19:00,1040.8,NSE,1041.0,1039.9,1041.0,INDBA,16273
126,2021-08-09 11:20:00,1040.7,NSE,1040.85,1040.0,1040.8,INDBA,2414
127,2021-08-09 11:21:00,1040.75,NSE,1040.9,1040.1,1040.8,INDBA,1420
128,2021-08-09 11:22:00,1040.1,NSE,1040.75,1040.05,1040.75,INDBA,1272
129,2021-08-09 11:23:00,1041.0,NSE,1041.0,1040.25,1040.65,INDBA,1881
130,2021-08-09 11:24:00,1041.0,NSE,1041.1,1040.45,1041.0,INDBA,2133
131,2021-08-09 11:25:00,1041.3,NSE,1041.3,1040.65,1041.0,INDBA,1882
132,2021-08-09 11:26:00,1041.5,NSE,1042.0,1041.0,1041.3,INDBA,5845
133,2021-08-09 11:27:00,1042.0,NSE,1042.85,1041.8,1041.9,INDBA,4558
134,2021-08-09 11:28:00,1040.85,NSE,1042.4,1040.85,1041.85,INDBA,5082
135,2021-08-09 11:29:00,1041.25,NSE,1041.45,1040.85,1041.45,INDBA,933
136,2021-08-09 11:30:00,1041.15,NSE,1041.4,1040.85,1041.25,INDBA,1236
137,2021-08-09 11:31:00,1042.1,NSE,1042.75,1040.2,1041.15,INDBA,15030
138,2021-08-09 11:32:00,1040.05,NSE,1042.65,1040.0,1042.65,INDBA,10658
139,2021-08-09 11:33:00,1040.0,NSE,1040.5,1040.0,1040.2,INDBA,10755
140,2021-08-09 11:34:00,1040.0,NSE,1040.15,1039.6,1040.15,INDBA,16498
141,2021-08-09 11:35:00,1041.95,NSE,1041.95,1040.15,1040.15,INDBA,1325
142,2021-08-09 11:36:00,1041.0,NSE,1041.95,1040.45,1041.95,INDBA,2277
143,2021-08-09 11:37:00,1040.55,NSE,1041.5,1040.3,1041.2,INDBA,1728
144,2021-08-09 11:38:00,1040.7,NSE,1041.0,1040.3,1040.8,INDBA,1868
145,2021-08-09 11:39:00,1041.0,NSE,1041.0,1040.2,1040.7,INDBA,2243
146,2021-08-09 11:40:00,1041.0,NSE,1041.0,1040.6,1040.6,INDBA,916
147,2021-08-09 11:41:00,1040.75,NSE,1041.0,1040.75,1041.0,INDBA,597
148,2021-08-09 11:42:00,1041.0,NSE,1041.0,1040.55,1041.0,INDBA,1874
149,2021-08-09 11:43:00,1040.55,NSE,1041.0,1040.55,1041.0,INDBA,590
150,2021-08-09 11:44:00,1040.3,NSE,1040.6,1040.3,1040.6,INDBA,1551
151,2021-08-09 11:45:00,1039.8,NSE,1040.6,1039.8,1040.4,INDBA,8426
152,2021-08-09 11:46:00,1039.75,NSE,1040.0,1039.6,1039.8,INDBA,8776
153,2021-08-09 11:47:00,1040.2,NSE,1040.3,1039.6,1039.75,INDBA,10968
154,2021-08-09 11:48:00,1040.0,NSE,1040.45,1040.0,1040.0,INDBA,1491
155,2021-08-09 11:49:00,1040.25,NSE,1040.4,1040.0,1040.4,INDBA,5845
156,2021-08-09 11:50:00,1040.05,NSE,1040.25,1040.0,1040.25,INDBA,8705
157,2021-08-09 11:51:00,1040.0,NSE,1040.25,1040.0,1040.05,INDBA,3531
158,2021-08-09 11:52:00,1040.0,NSE,1040.05,1040.0,1040.0,INDBA,3320
159,2021-08-09 11:53:00,1039.55,NSE,1040.05,1038.05,1040.05,INDBA,24550
160,2021-08-09 11:54:00,1040.15,NSE,1040.5,1039.55,1040.0,INDBA,8320
161,2021-08-09 11:55:00,1039.5,NSE,1040.25,1039.5,1040.25,INDBA,11516
162,2021-08-09 11:56:00,1040.1,NSE,1040.25,1039.5,1039.5,INDBA,14479
163,2021-08-09 11:57:00,1040.8,NSE,1041.0,1040.0,1040.25,INDBA,2851
164,2021-08-09 11:58:00,1040.75,NSE,1040.8,1040.0,1040.5,INDBA,4020
165,2021-08-09 11:59:00,1040.4,NSE,1040.85,1040.15,1040.85,INDBA,1059
166,2021-08-09 12:00:00,1040.7,NSE,1040.95,1040.15,1040.5,INDBA,1230
167,2021-08-09 12:01:00,1040.1,NSE,1040.5,1040.0,1040.5,INDBA,2315
168,2021-08-09 12:02:00,1040.2,NSE,1040.45,1040.0,1040.45,INDBA,2527
169,2021-08-09 12:03:00,1040.0,NSE,1040.4,1040.0,1040.2,INDBA,3524
170,2021-08-09 12:04:00,1040.0,NSE,1040.3,1039.65,1040.0,INDBA,8432
171,2021-08-09 12:05:00,1040.05,NSE,1040.3,1040.0,1040.05,INDBA,3831
172,2021-08-09 12:06:00,1040.0,NSE,1040.5,1040.0,1040.2,INDBA,10072
173,2021-08-09 12:07:00,1039.6,NSE,1040.25,1039.5,1040.15,INDBA,14167
174,2021-08-09 12:08:00,1040.2,NSE,1040.25,1039.5,1039.95,INDBA,9251
175,2021-08-09 12:09:00,1040.1,NSE,1040.2,1039.75,1040.2,INDBA,5404
176,2021-08-09 12:10:00,1040.0,NSE,1040.2,1039.75,1039.75,INDBA,17245
177,2021-08-09 12:11:00,1040.6,NSE,1040.6,1039.9,1040.15,INDBA,14968
178,2021-08-09 12:12:00,1040.95,NSE,1041.0,1040.55,1040.55,INDBA,3206
179,2021-08-09 12:13:00,1040.55,NSE,1040.95,1040.55,1040.95,INDBA,1330
180,2021-08-09 12:14:00,1040.25,NSE,1040.85,1040.0,1040.85,INDBA,2881
181,2021-08-09 12:15:00,1040.3,NSE,1040.85,1040.0,1040.3,INDBA,2978
182,2021-08-09 12:16:00,1039.75,NSE,1040.65,1039.75,1040.65,INDBA,12425
183,2021-08-09 12:17:00,1040.4,NSE,1040.8,1040.0,1040.0,INDBA,6393
184,2021-08-09 12:18:00,1040.0,NSE,1040.5,1040.0,1040.5,INDBA,4305
185,2021-08-09 12:19:00,1038.2,NSE,1040.2,1038.15,1040.0,INDBA,32476
186,2021-08-09 12:20:00,1037.7,NSE,1039.0,1037.6,1038.55,INDBA,18340
187,2021-08-09 12:21:00,1040.0,NSE,1040.25,1037.7,1037.7,INDBA,49711
188,2021-08-09 12:22:00,1039.3,NSE,1040.0,1037.8,1040.0,INDBA,44151
189,2021-08-09 12:23:00,1038.65,NSE,1039.8,1038.25,1039.4,INDBA,7903
190,2021-08-09 12:24:00,1040.5,NSE,1040.8,1038.35,1038.65,INDBA,18043
191,2021-08-09 12:25:00,1041.8,NSE,1041.8,1040.2,1040.7,INDBA,7938
192,2021-08-09 12:26:00,1041.25,NSE,1042.0,1041.05,1041.8,INDBA,6834
193,2021-08-09 12:27:00,1042.0,NSE,1042.0,1040.9,1041.25,INDBA,5086
194,2021-08-09 12:28:00,1041.85,NSE,1042.0,1041.2,1041.75,INDBA,4735
195,2021-08-09 12:29:00,1042.35,NSE,1043.0,1041.6,1041.8,INDBA,21114
196,2021-08-09 12:30:00,1043.4,NSE,1043.6,1042.1,1042.35,INDBA,10656
197,2021-08-09 12:31:00,1044.8,NSE,1044.8,1043.5,1044.35,INDBA,37505
198,2021-08-09 12:32:00,1043.65,NSE,1045.0,1043.65,1044.75,INDBA,34988
199,2021-08-09 12:33:00,1043.65,NSE,1044.0,1043.45,1044.0,INDBA,10853
200,2021-08-09 12:34:00,1044.5,NSE,1044.8,1043.8,1043.85,INDBA,13494
201,2021-08-09 12:35:00,1044.45,NSE,1044.75,1044.0,1044.5,INDBA,10221
202,2021-08-09 12:36:00,1044.95,NSE,1045.0,1044.25,1044.25,INDBA,11085
203,2021-08-09 12:37:00,1044.65,NSE,1045.0,1044.5,1044.6,INDBA,8638
204,2021-08-09 12:38:00,1044.6,NSE,1045.0,1044.5,1044.65,INDBA,6056
205,2021-08-09 12:39:00,1044.35,NSE,1045.0,1044.15,1044.95,INDBA,12081
206,2021-08-09 12:40:00,1044.65,NSE,1044.9,1044.0,1044.15,INDBA,7911
207,2021-08-09 12:41:00,1044.2,NSE,1044.9,1044.2,1044.65,INDBA,6764
208,2021-08-09 12:42:00,1044.4,NSE,1044.6,1044.05,1044.6,INDBA,3843
209,2021-08-09 12:43:00,1044.5,NSE,1044.9,1044.5,1044.6,INDBA,7268
210,2021-08-09 12:44:00,1045.0,NSE,1045.0,1044.55,1044.9,INDBA,4561
211,2021-08-09 12:45:00,1044.5,NSE,1045.0,1044.2,1044.85,INDBA,4484
212,2021-08-09 12:46:00,1041.0,NSE,1044.55,1040.5,1044.5,INDBA,37935
213,2021-08-09 12:47:00,1041.3,NSE,1042.4,1040.8,1041.0,INDBA,4252
214,2021-08-09 12:48:00,1041.75,NSE,1041.8,1041.3,1041.7,INDBA,1564
215,2021-08-09 12:49:00,1042.3,NSE,1042.35,1041.35,1041.75,INDBA,3823
216,2021-08-09 12:50:00,1040.2,NSE,1042.45,1040.0,1042.15,INDBA,18492
217,2021-08-09 12:51:00,1041.0,NSE,1041.3,1040.15,1040.15,INDBA,6613
218,2021-08-09 12:52:00,1041.75,NSE,1042.0,1040.7,1040.75,INDBA,7126
219,2021-08-09 12:53:00,1041.5,NSE,1041.9,1041.35,1041.9,INDBA,592
220,2021-08-09 12:54:00,1041.0,NSE,1041.5,1041.0,1041.5,INDBA,2253
221,2021-08-09 12:55:00,1040.85,NSE,1041.05,1040.5,1041.05,INDBA,3097
222,2021-08-09 12:56:00,1040.15,NSE,1040.85,1040.0,1040.85,INDBA,7425
223,2021-08-09 12:57:00,1040.35,NSE,1040.65,1040.0,1040.45,INDBA,24530
224,2021-08-09 12:58:00,1040.4,NSE,1040.6,1040.0,1040.05,INDBA,3796
225,2021-08-09 12:59:00,1040.15,NSE,1040.5,1040.1,1040.4,INDBA,1351
226,2021-08-09 13:00:00,1040.15,NSE,1040.45,1038.95,1040.45,INDBA,40331
227,2021-08-09 13:01:00,1041.95,NSE,1041.95,1040.1,1040.15,INDBA,8533
228,2021-08-09 13:02:00,1041.9,NSE,1042.05,1041.5,1041.95,INDBA,2562
229,2021-08-09 13:03:00,1041.5,NSE,1041.9,1041.4,1041.5,INDBA,3025
230,2021-08-09 13:04:00,1041.6,NSE,1041.7,1041.05,1041.5,INDBA,1467
231,2021-08-09 13:05:00,1041.8,NSE,1041.85,1041.3,1041.6,INDBA,814
232,2021-08-09 13:06:00,1041.5,NSE,1041.85,1041.0,1041.8,INDBA,5801
233,2021-08-09 13:07:00,1041.1,NSE,1041.45,1040.85,1041.45,INDBA,1870
234,2021-08-09 13:08:00,1041.5,NSE,1041.5,1041.1,1041.1,INDBA,1246
235,2021-08-09 13:09:00,1041.1,NSE,1041.5,1040.75,1041.3,INDBA,2186
236,2021-08-09 13:10:00,1040.0,NSE,1041.1,1040.0,1040.75,INDBA,18876
237,2021-08-09 13:11:00,1039.4,NSE,1040.75,1038.55,1040.0,INDBA,63218
238,2021-08-09 13:12:00,1040.1,NSE,1040.5,1038.55,1039.6,INDBA,16838
239,2021-08-09 13:13:00,1040.5,NSE,1040.8,1040.0,1040.1,INDBA,4800
240,2021-08-09 13:14:00,1041.85,NSE,1042.6,1040.4,1041.0,INDBA,7053
241,2021-08-09 13:15:00,1041.6,NSE,1042.45,1041.5,1041.8,INDBA,6454
242,2021-08-09 13:16:00,1041.4,NSE,1042.0,1041.4,1042.0,INDBA,4762
243,2021-08-09 13:17:00,1041.35,NSE,1041.7,1041.2,1041.7,INDBA,1489
244,2021-08-09 13:18:00,1040.25,NSE,1041.6,1040.25,1041.6,INDBA,2832
245,2021-08-09 13:19:00,1041.55,NSE,1041.65,1040.25,1040.25,INDBA,2310
246,2021-08-09 13:20:00,1041.7,NSE,1042.0,1041.25,1041.65,INDBA,1073
247,2021-08-09 13:21:00,1042.0,NSE,1042.0,1041.4,1041.7,INDBA,4812
248,2021-08-09 13:22:00,1041.95,NSE,1041.95,1041.5,1041.95,INDBA,1749
249,2021-08-09 13:23:00,1041.9,NSE,1042.0,1041.5,1041.95,INDBA,1867
250,2021-08-09 13:24:00,1041.55,NSE,1041.95,1041.0,1041.85,INDBA,3150
251,2021-08-09 13:25:00,1041.45,NSE,1041.6,1041.0,1041.55,INDBA,1465
252,2021-08-09 13:26:00,1041.0,NSE,1041.45,1041.0,1041.45,INDBA,1556
253,2021-08-09 13:27:00,1040.75,NSE,1041.3,1040.65,1041.3,INDBA,5020
254,2021-08-09 13:28:00,1040.65,NSE,1041.15,1040.3,1040.75,INDBA,3064
255,2021-08-09 13:29:00,1040.55,NSE,1040.95,1040.05,1040.65,INDBA,2749
256,2021-08-09 13:30:00,1040.5,NSE,1040.5,1040.0,1040.2,INDBA,13481
257,2021-08-09 13:31:00,1040.75,NSE,1040.75,1040.0,1040.6,INDBA,2313
258,2021-08-09 13:32:00,1040.75,NSE,1040.85,1040.1,1040.75,INDBA,2729
259,2021-08-09 13:33:00,1040.15,NSE,1040.65,1040.0,1040.65,INDBA,4405
260,2021-08-09 13:34:00,1040.5,NSE,1040.5,1040.1,1040.4,INDBA,2476
261,2021-08-09 13:35:00,1040.0,NSE,1040.5,1040.0,1040.1,INDBA,7705
262,2021-08-09 13:36:00,1039.7,NSE,1040.5,1039.7,1040.25,INDBA,8769
263,2021-08-09 13:37:00,1040.0,NSE,1040.2,1039.7,1040.0,INDBA,3680
264,2021-08-09 13:38:00,1040.2,NSE,1040.2,1039.2,1040.0,INDBA,24455
265,2021-08-09 13:39:00,1040.0,NSE,1040.85,1040.0,1040.05,INDBA,6710
266,2021-08-09 13:40:00,1040.0,NSE,1040.4,1039.75,1040.35,INDBA,32409
267,2021-08-09 13:41:00,1037.5,NSE,1040.3,1037.2,1040.0,INDBA,45042
268,2021-08-09 13:42:00,1036.65,NSE,1037.65,1036.0,1037.6,INDBA,32581
269,2021-08-09 13:43:00,1037.3,NSE,1037.85,1036.4,1037.0,INDBA,16868
270,2021-08-09 13:44:00,1037.45,NSE,1038.45,1036.8,1037.3,INDBA,8278
271,2021-08-09 13:45:00,1035.7,NSE,1037.45,1035.0,1037.45,INDBA,30702
272,2021-08-09 13:46:00,1034.8,NSE,1035.3,1033.1,1035.1,INDBA,26831
273,2021-08-09 13:47:00,1035.95,NSE,1036.4,1034.5,1034.75,INDBA,6375
274,2021-08-09 13:48:00,1034.95,NSE,1036.6,1033.95,1035.95,INDBA,14426
275,2021-08-09 13:49:00,1034.0,NSE,1034.95,1033.5,1034.95,INDBA,9027
276,2021-08-09 13:50:00,1035.05,NSE,1035.05,1033.45,1034.0,INDBA,13072
277,2021-08-09 13:51:00,1035.85,NSE,1035.85,1034.3,1034.3,INDBA,7457
278,2021-08-09 13:52:00,1036.65,NSE,1036.7,1035.15,1035.9,INDBA,5567
279,2021-08-09 13:53:00,1037.0,NSE,1037.0,1036.25,1036.75,INDBA,2176
280,2021-08-09 13:54:00,1037.2,NSE,1037.3,1036.55,1037.1,INDBA,2910
281,2021-08-09 13:55:00,1038.8,NSE,1038.95,1037.0,1037.0,INDBA,4926
282,2021-08-09 13:56:00,1038.0,NSE,1038.7,1037.45,1038.7,INDBA,5014
283,2021-08-09 13:57:00,1037.75,NSE,1038.25,1037.1,1037.7,INDBA,3636
284,2021-08-09 13:58:00,1037.4,NSE,1037.8,1036.6,1037.75,INDBA,4192
285,2021-08-09 13:59:00,1037.3,NSE,1037.4,1036.7,1036.7,INDBA,2933
286,2021-08-09 14:00:00,1037.95,NSE,1037.95,1036.95,1037.35,INDBA,3103
287,2021-08-09 14:01:00,1037.7,NSE,1037.95,1036.7,1037.95,INDBA,2805
288,2021-08-09 14:02:00,1037.9,NSE,1037.9,1037.05,1037.7,INDBA,916
289,2021-08-09 14:03:00,1039.5,NSE,1039.5,1038.45,1038.95,INDBA,9887
290,2021-08-09 14:04:00,1039.1,NSE,1039.5,1038.8,1039.5,INDBA,2711
291,2021-08-09 14:05:00,1039.4,NSE,1039.5,1038.8,1038.85,INDBA,2604
292,2021-08-09 14:06:00,1040.65,NSE,1040.8,1039.35,1039.7,INDBA,15465
293,2021-08-09 14:07:00,1039.9,NSE,1040.0,1038.5,1040.0,INDBA,7872
294,2021-08-09 14:08:00,1038.95,NSE,1039.85,1038.85,1039.85,INDBA,1525
295,2021-08-09 14:09:00,1038.5,NSE,1039.45,1038.1,1039.45,INDBA,2033
296,2021-08-09 14:10:00,1038.0,NSE,1038.85,1036.8,1038.35,INDBA,5618
297,2021-08-09 14:11:00,1038.25,NSE,1038.35,1037.15,1037.55,INDBA,7461
298,2021-08-09 14:12:00,1039.0,NSE,1039.2,1037.65,1037.8,INDBA,1837
299,2021-08-09 14:13:00,1040.3,NSE,1041.0,1039.0,1039.0,INDBA,11661
300,2021-08-09 14:14:00,1040.15,NSE,1040.8,1040.15,1040.8,INDBA,2384
301,2021-08-09 14:15:00,1040.85,NSE,1040.9,1040.0,1040.15,INDBA,3158
302,2021-08-09 14:16:00,1040.4,NSE,1040.9,1040.1,1040.85,INDBA,3333
303,2021-08-09 14:17:00,1040.45,NSE,1041.0,1040.1,1040.7,INDBA,2701
304,2021-08-09 14:18:00,1040.35,NSE,1040.5,1039.4,1040.4,INDBA,3691
305,2021-08-09 14:19:00,1040.35,NSE,1040.6,1039.75,1040.4,INDBA,9285
306,2021-08-09 14:20:00,1040.0,NSE,1040.7,1040.0,1040.7,INDBA,1757
307,2021-08-09 14:21:00,1041.85,NSE,1041.85,1040.1,1040.15,INDBA,10207
308,2021-08-09 14:22:00,1041.4,NSE,1042.0,1041.25,1041.5,INDBA,10358
309,2021-08-09 14:23:00,1040.85,NSE,1041.55,1040.4,1041.35,INDBA,3356
310,2021-08-09 14:24:00,1041.5,NSE,1041.8,1040.4,1040.9,INDBA,5227
311,2021-08-09 14:25:00,1043.05,NSE,1043.7,1041.8,1041.8,INDBA,16515
312,2021-08-09 14:26:00,1042.8,NSE,1043.0,1042.5,1043.0,INDBA,5874
313,2021-08-09 14:27:00,1043.0,NSE,1043.5,1042.65,1042.65,INDBA,6694
314,2021-08-09 14:28:00,1043.05,NSE,1043.5,1042.65,1042.85,INDBA,5080
315,2021-08-09 14:29:00,1044.0,NSE,1044.0,1043.0,1043.0,INDBA,12953
316,2021-08-09 14:30:00,1044.25,NSE,1044.8,1043.65,1043.65,INDBA,10637
317,2021-08-09 14:31:00,1043.45,NSE,1044.7,1042.85,1044.7,INDBA,7782
318,2021-08-09 14:32:00,1043.0,NSE,1043.5,1042.75,1043.5,INDBA,5228
319,2021-08-09 14:33:00,1041.75,NSE,1043.25,1041.75,1043.0,INDBA,4682
320,2021-08-09 14:34:00,1041.8,NSE,1042.7,1041.75,1042.2,INDBA,3340
321,2021-08-09 14:35:00,1042.5,NSE,1042.5,1041.75,1041.9,INDBA,3641
322,2021-08-09 14:36:00,1042.25,NSE,1043.0,1042.25,1042.5,INDBA,3803
323,2021-08-09 14:37:00,1042.65,NSE,1043.0,1042.25,1042.3,INDBA,2254
324,2021-08-09 14:38:00,1043.75,NSE,1043.85,1042.65,1043.0,INDBA,7086
325,2021-08-09 14:39:00,1043.45,NSE,1043.5,1043.05,1043.1,INDBA,5405
326,2021-08-09 14:40:00,1043.3,NSE,1043.5,1042.75,1043.45,INDBA,4884
327,2021-08-09 14:41:00,1042.8,NSE,1043.1,1042.7,1043.0,INDBA,3143
328,2021-08-09 14:42:00,1042.45,NSE,1043.45,1042.0,1042.85,INDBA,7590
329,2021-08-09 14:43:00,1041.6,NSE,1042.5,1041.0,1042.5,INDBA,5341
330,2021-08-09 14:44:00,1040.75,NSE,1041.6,1040.65,1041.6,INDBA,3195
331,2021-08-09 14:45:00,1041.0,NSE,1041.8,1040.6,1041.0,INDBA,3741
332,2021-08-09 14:46:00,1041.8,NSE,1041.8,1040.6,1040.6,INDBA,1850
333,2021-08-09 14:47:00,1041.1,NSE,1041.95,1041.1,1041.8,INDBA,3020
334,2021-08-09 14:48:00,1041.45,NSE,1041.7,1040.65,1041.05,INDBA,4658
335,2021-08-09 14:49:00,1040.95,NSE,1041.35,1040.65,1041.05,INDBA,1704
336,2021-08-09 14:50:00,1042.0,NSE,1042.2,1041.0,1041.0,INDBA,7307
337,2021-08-09 14:51:00,1041.1,NSE,1042.1,1041.1,1042.0,INDBA,1458
338,2021-08-09 14:52:00,1041.0,NSE,1041.5,1040.85,1041.5,INDBA,5935
339,2021-08-09 14:53:00,1040.75,NSE,1041.0,1040.75,1041.0,INDBA,4401
340,2021-08-09 14:54:00,1040.45,NSE,1040.85,1040.45,1040.85,INDBA,3446
341,2021-08-09 14:55:00,1040.2,NSE,1041.0,1040.1,1040.4,INDBA,3305
342,2021-08-09 14:56:00,1040.1,NSE,1040.45,1040.05,1040.45,INDBA,5433
343,2021-08-09 14:57:00,1040.05,NSE,1040.5,1040.05,1040.3,INDBA,2087
344,2021-08-09 14:58:00,1039.95,NSE,1040.95,1039.95,1040.15,INDBA,8092
345,2021-08-09 14:59:00,1040.45,NSE,1040.45,1039.8,1040.0,INDBA,4109
346,2021-08-09 15:00:00,1041.7,NSE,1041.75,1040.2,1040.2,INDBA,4977
347,2021-08-09 15:01:00,1041.4,NSE,1042.0,1041.0,1041.6,INDBA,4555
348,2021-08-09 15:02:00,1040.4,NSE,1041.95,1039.85,1041.5,INDBA,12522
349,2021-08-09 15:03:00,1040.0,NSE,1040.9,1039.95,1040.35,INDBA,1510
350,2021-08-09 15:04:00,1042.0,NSE,1042.0,1039.95,1040.2,INDBA,14242
351,2021-08-09 15:05:00,1041.7,NSE,1042.4,1041.2,1042.0,INDBA,12984
352,2021-08-09 15:06:00,1041.2,NSE,1042.0,1040.8,1041.7,INDBA,3548
353,2021-08-09 15:07:00,1040.85,NSE,1042.0,1040.8,1041.2,INDBA,6365
354,2021-08-09 15:08:00,1041.35,NSE,1041.8,1040.75,1040.85,INDBA,6662
355,2021-08-09 15:09:00,1042.6,NSE,1043.0,1041.45,1041.55,INDBA,13369
356,2021-08-09 15:10:00,1043.0,NSE,1043.15,1042.6,1042.6,INDBA,14433
357,2021-08-09 15:11:00,1041.9,NSE,1043.15,1041.3,1043.0,INDBA,18428
358,2021-08-09 15:12:00,1041.6,NSE,1042.2,1041.55,1041.9,INDBA,7696
359,2021-08-09 15:13:00,1042.25,NSE,1042.9,1041.6,1041.75,INDBA,11609
360,2021-08-09 15:14:00,1042.8,NSE,1043.2,1042.0,1042.65,INDBA,23619
361,2021-08-09 15:15:00,1043.0,NSE,1043.0,1042.2,1042.8,INDBA,9505
362,2021-08-09 15:16:00,1042.55,NSE,1043.0,1042.25,1043.0,INDBA,10731
363,2021-08-09 15:17:00,1043.2,NSE,1043.2,1042.3,1042.5,INDBA,24225
364,2021-08-09 15:18:00,1042.0,NSE,1043.1,1041.55,1043.05,INDBA,21654
365,2021-08-09 15:19:00,1043.3,NSE,1043.3,1041.4,1041.55,INDBA,27364
366,2021-08-09 15:20:00,1044.0,NSE,1044.6,1042.55,1042.85,INDBA,41042
367,2021-08-09 15:21:00,1044.4,NSE,1045.0,1043.7,1043.9,INDBA,23661
368,2021-08-09 15:22:00,1043.7,NSE,1044.4,1043.7,1044.4,INDBA,11553
369,2021-08-09 15:23:00,1043.0,NSE,1044.0,1042.95,1043.75,INDBA,13590
370,2021-08-09 15:24:00,1043.55,NSE,1044.0,1042.95,1042.95,INDBA,9806
371,2021-08-09 15:25:00,1043.35,NSE,1043.5,1043.0,1043.35,INDBA,9169
372,2021-08-09 15:26:00,1043.4,NSE,1044.0,1043.3,1043.45,INDBA,17738
373,2021-08-09 15:27:00,1044.0,NSE,1044.15,1042.95,1043.35,INDBA,25392
374,2021-08-09 15:28:00,1044.0,NSE,1044.05,1043.5,1043.9,INDBA,9562
375,2021-08-09 15:29:00,1043.5,NSE,1044.0,1043.0,1044.0,INDBA,9628
