,datetime,close,exchange_code,high,low,open,stock_code,volume
0,2020-03-24 09:15:00,94.2,NSE,94.8,89.05,89.05,HINDAL,210113
1,2020-03-24 09:16:00,92.4,NSE,94.4,92.0,94.4,HINDAL,106155
2,2020-03-24 09:17:00,93.2,NSE,93.25,92.1,92.35,HINDAL,74684
3,2020-03-24 09:18:00,92.85,NSE,93.3,92.75,93.3,HINDAL,55911
4,2020-03-24 09:19:00,92.35,NSE,93.0,92.35,93.0,HINDAL,57070
5,2020-03-24 09:20:00,92.15,NSE,92.45,91.95,92.35,HINDAL,71236
6,2020-03-24 09:21:00,92.4,NSE,92.6,92.0,92.0,HINDAL,48616
7,2020-03-24 09:22:00,92.45,NSE,92.7,92.25,92.4,HINDAL,39609
8,2020-03-24 09:23:00,91.95,NSE,92.45,91.95,92.45,HINDAL,30153
9,2020-03-24 09:24:00,91.6,NSE,92.1,91.6,92.05,HINDAL,54516
10,2020-03-24 09:25:00,91.8,NSE,92.35,91.5,91.6,HINDAL,59915
11,2020-03-24 09:26:00,90.85,NSE,92.4,90.85,91.8,HINDAL,42737
12,2020-03-24 09:27:00,90.95,NSE,91.65,90.2,90.95,HINDAL,95721
13,2020-03-24 09:28:00,90.35,NSE,90.9,90.35,90.85,HINDAL,36820
14,2020-03-24 09:29:00,90.45,NSE,90.5,90.3,90.3,HINDAL,22824
15,2020-03-24 09:30:00,90.8,NSE,90.95,90.4,90.4,HINDAL,19978
16,2020-03-24 09:31:00,90.15,NSE,90.9,90.15,90.8,HINDAL,43688
17,2020-03-24 09:32:00,90.6,NSE,90.8,89.75,90.25,HINDAL,67073
18,2020-03-24 09:33:00,90.4,NSE,90.7,90.15,90.5,HINDAL,23912
19,2020-03-24 09:34:00,89.4,NSE,90.3,89.3,90.3,HINDAL,35144
20,2020-03-24 09:35:00,89.35,NSE,89.4,88.5,89.4,HINDAL,53983
21,2020-03-24 09:36:00,89.75,NSE,90.15,89.25,89.35,HINDAL,51913
22,2020-03-24 09:37:00,89.7,NSE,90.1,89.35,89.85,HINDAL,35293
23,2020-03-24 09:38:00,90.4,NSE,90.4,89.65,89.85,HINDAL,44500
24,2020-03-24 09:39:00,91.0,NSE,91.0,90.35,90.45,HINDAL,45122
25,2020-03-24 09:40:00,91.15,NSE,91.6,90.9,90.9,HINDAL,64182
26,2020-03-24 09:41:00,90.8,NSE,91.25,90.75,91.05,HINDAL,22913
27,2020-03-24 09:42:00,90.75,NSE,91.0,90.45,90.85,HINDAL,23364
28,2020-03-24 09:43:00,90.15,NSE,90.7,90.1,90.65,HINDAL,15953
29,2020-03-24 09:44:00,90.5,NSE,90.5,90.2,90.35,HINDAL,15223
30,2020-03-24 09:45:00,90.7,NSE,90.7,90.35,90.5,HINDAL,15570
31,2020-03-24 09:46:00,90.8,NSE,90.95,90.65,90.7,HINDAL,11459
32,2020-03-24 09:47:00,90.4,NSE,90.9,90.4,90.9,HINDAL,13568
33,2020-03-24 09:48:00,90.45,NSE,90.5,90.15,90.3,HINDAL,26825
34,2020-03-24 09:49:00,90.0,NSE,90.45,90.0,90.45,HINDAL,26717
35,2020-03-24 09:50:00,89.2,NSE,90.05,89.2,90.05,HINDAL,33581
36,2020-03-24 09:51:00,88.5,NSE,89.25,88.5,89.2,HINDAL,20906
37,2020-03-24 09:52:00,88.75,NSE,88.75,88.0,88.65,HINDAL,58850
38,2020-03-24 09:53:00,88.7,NSE,89.1,88.5,88.65,HINDAL,40735
39,2020-03-24 09:54:00,88.7,NSE,88.8,88.4,88.6,HINDAL,17309
40,2020-03-24 09:55:00,88.7,NSE,88.7,88.55,88.65,HINDAL,22273
41,2020-03-24 09:56:00,89.55,NSE,89.65,88.7,88.7,HINDAL,31322
42,2020-03-24 09:57:00,89.6,NSE,89.75,89.1,89.6,HINDAL,20078
43,2020-03-24 09:58:00,89.25,NSE,89.75,89.15,89.75,HINDAL,20428
44,2020-03-24 09:59:00,89.15,NSE,89.4,89.1,89.4,HINDAL,12179
45,2020-03-24 10:00:00,88.85,NSE,89.25,88.65,89.25,HINDAL,13842
46,2020-03-24 10:01:00,88.8,NSE,88.9,88.6,88.9,HINDAL,16440
47,2020-03-24 10:02:00,88.2,NSE,88.75,88.05,88.6,HINDAL,25158
48,2020-03-24 10:03:00,88.2,NSE,88.35,88.0,88.2,HINDAL,49259
49,2020-03-24 10:04:00,87.8,NSE,88.2,87.5,88.2,HINDAL,81221
50,2020-03-24 10:05:00,88.65,NSE,88.65,87.85,87.85,HINDAL,46256
51,2020-03-24 10:06:00,88.85,NSE,88.9,88.55,88.6,HINDAL,20416
52,2020-03-24 10:07:00,89.05,NSE,89.05,88.8,88.85,HINDAL,56213
53,2020-03-24 10:08:00,88.9,NSE,89.5,88.9,89.1,HINDAL,52653
54,2020-03-24 10:09:00,89.1,NSE,89.5,89.0,89.0,HINDAL,23544
55,2020-03-24 10:10:00,89.4,NSE,89.4,88.75,89.2,HINDAL,71561
56,2020-03-24 10:11:00,89.1,NSE,89.3,89.1,89.3,HINDAL,23202
57,2020-03-24 10:12:00,89.0,NSE,89.3,88.9,89.15,HINDAL,15749
58,2020-03-24 10:13:00,88.9,NSE,89.15,88.75,89.0,HINDAL,10174
59,2020-03-24 10:14:00,88.9,NSE,88.95,88.75,88.9,HINDAL,16315
60,2020-03-24 10:15:00,88.9,NSE,89.0,88.8,88.95,HINDAL,15419
61,2020-03-24 10:16:00,88.7,NSE,88.85,88.7,88.8,HINDAL,8078
62,2020-03-24 10:17:00,88.35,NSE,88.7,88.35,88.65,HINDAL,14288
63,2020-03-24 10:18:00,87.85,NSE,88.35,87.8,88.25,HINDAL,27901
64,2020-03-24 10:19:00,87.35,NSE,87.9,87.3,87.8,HINDAL,18379
65,2020-03-24 10:20:00,87.05,NSE,87.5,87.0,87.35,HINDAL,18548
66,2020-03-24 10:21:00,87.2,NSE,87.3,86.6,87.05,HINDAL,84643
67,2020-03-24 10:22:00,87.55,NSE,87.7,87.15,87.25,HINDAL,29264
68,2020-03-24 10:23:00,87.5,NSE,87.85,87.45,87.55,HINDAL,24235
69,2020-03-24 10:24:00,87.4,NSE,87.65,87.25,87.55,HINDAL,31035
70,2020-03-24 10:25:00,87.2,NSE,87.5,87.2,87.4,HINDAL,19722
71,2020-03-24 10:26:00,87.55,NSE,87.65,87.2,87.2,HINDAL,19774
72,2020-03-24 10:27:00,87.7,NSE,87.8,87.5,87.6,HINDAL,34825
73,2020-03-24 10:28:00,87.45,NSE,88.0,87.45,87.7,HINDAL,24298
74,2020-03-24 10:29:00,87.35,NSE,87.7,87.35,87.45,HINDAL,20829
75,2020-03-24 10:30:00,87.25,NSE,87.55,87.25,87.45,HINDAL,16704
76,2020-03-24 10:31:00,86.5,NSE,87.25,86.25,87.25,HINDAL,57186
77,2020-03-24 10:32:00,86.8,NSE,86.9,86.4,86.55,HINDAL,37450
78,2020-03-24 10:33:00,86.4,NSE,86.85,86.3,86.7,HINDAL,31009
79,2020-03-24 10:34:00,86.95,NSE,87.0,86.35,86.35,HINDAL,24164
80,2020-03-24 10:35:00,87.2,NSE,87.9,86.95,86.95,HINDAL,59314
81,2020-03-24 10:36:00,86.95,NSE,87.25,86.65,87.1,HINDAL,44595
82,2020-03-24 10:37:00,86.95,NSE,87.0,86.5,86.9,HINDAL,40429
83,2020-03-24 10:38:00,87.0,NSE,87.1,86.9,86.95,HINDAL,34902
84,2020-03-24 10:39:00,87.7,NSE,87.75,87.0,87.05,HINDAL,38672
85,2020-03-24 10:40:00,87.5,NSE,88.0,87.5,87.7,HINDAL,60393
86,2020-03-24 10:41:00,87.0,NSE,87.5,87.0,87.4,HINDAL,19419
87,2020-03-24 10:42:00,87.15,NSE,87.35,87.1,87.1,HINDAL,19297
88,2020-03-24 10:43:00,87.0,NSE,87.1,86.9,87.1,HINDAL,36773
89,2020-03-24 10:44:00,86.65,NSE,87.05,86.65,87.0,HINDAL,29854
90,2020-03-24 10:45:00,86.8,NSE,87.0,86.65,86.65,HINDAL,24617
91,2020-03-24 10:46:00,87.0,NSE,87.1,86.7,86.85,HINDAL,30148
92,2020-03-24 10:47:00,86.85,NSE,87.1,86.75,87.0,HINDAL,24362
93,2020-03-24 10:48:00,87.3,NSE,87.3,86.85,86.85,HINDAL,52637
94,2020-03-24 10:49:00,87.1,NSE,87.35,87.0,87.35,HINDAL,35083
95,2020-03-24 10:50:00,87.55,NSE,87.55,87.0,87.1,HINDAL,46525
96,2020-03-24 10:51:00,87.4,NSE,87.85,87.4,87.6,HINDAL,46850
97,2020-03-24 10:52:00,87.25,NSE,87.65,87.15,87.45,HINDAL,35766
98,2020-03-24 10:53:00,87.5,NSE,87.6,87.3,87.3,HINDAL,26695
99,2020-03-24 10:54:00,87.3,NSE,87.5,87.2,87.5,HINDAL,28779
100,2020-03-24 10:55:00,87.3,NSE,87.55,87.15,87.35,HINDAL,49078
101,2020-03-24 10:56:00,86.85,NSE,87.3,86.7,87.3,HINDAL,47875
102,2020-03-24 10:57:00,86.4,NSE,86.85,86.4,86.8,HINDAL,37899
103,2020-03-24 10:58:00,86.45,NSE,86.6,86.3,86.4,HINDAL,30872
104,2020-03-24 10:59:00,85.75,NSE,86.55,85.75,86.5,HINDAL,47537
105,2020-03-24 11:00:00,86.45,NSE,86.5,85.7,85.75,HINDAL,38140
106,2020-03-24 11:01:00,86.95,NSE,87.0,86.45,86.55,HINDAL,50037
107,2020-03-24 11:02:00,86.05,NSE,86.95,86.0,86.85,HINDAL,30838
108,2020-03-24 11:03:00,85.85,NSE,86.3,85.85,86.1,HINDAL,37002
109,2020-03-24 11:04:00,85.6,NSE,85.9,85.6,85.8,HINDAL,17894
110,2020-03-24 11:05:00,85.65,NSE,86.1,85.6,85.6,HINDAL,63880
111,2020-03-24 11:06:00,86.2,NSE,86.25,85.7,85.8,HINDAL,36928
112,2020-03-24 11:07:00,85.95,NSE,86.3,85.9,86.2,HINDAL,30691
113,2020-03-24 11:08:00,86.3,NSE,86.3,85.85,85.95,HINDAL,20351
114,2020-03-24 11:09:00,86.05,NSE,86.45,85.95,86.3,HINDAL,52845
115,2020-03-24 11:10:00,86.05,NSE,86.4,85.95,86.2,HINDAL,33178
116,2020-03-24 11:11:00,86.15,NSE,86.4,86.05,86.2,HINDAL,19465
117,2020-03-24 11:12:00,86.65,NSE,86.65,86.2,86.25,HINDAL,18724
118,2020-03-24 11:13:00,86.55,NSE,86.8,86.5,86.65,HINDAL,24660
119,2020-03-24 11:14:00,86.45,NSE,86.65,86.3,86.5,HINDAL,28327
120,2020-03-24 11:15:00,86.4,NSE,86.55,86.35,86.45,HINDAL,22097
121,2020-03-24 11:16:00,86.65,NSE,86.7,86.45,86.45,HINDAL,28637
122,2020-03-24 11:17:00,86.85,NSE,87.0,86.55,86.65,HINDAL,39356
123,2020-03-24 11:18:00,87.25,NSE,87.5,86.95,87.0,HINDAL,88061
124,2020-03-24 11:19:00,87.7,NSE,87.9,87.35,87.35,HINDAL,60887
125,2020-03-24 11:20:00,87.45,NSE,87.7,87.45,87.7,HINDAL,20177
126,2020-03-24 11:21:00,87.6,NSE,87.7,87.3,87.4,HINDAL,42586
127,2020-03-24 11:22:00,87.55,NSE,87.7,87.4,87.55,HINDAL,53106
128,2020-03-24 11:23:00,87.7,NSE,87.8,87.55,87.55,HINDAL,31843
129,2020-03-24 11:24:00,87.5,NSE,87.7,87.35,87.6,HINDAL,55810
130,2020-03-24 11:25:00,87.45,NSE,87.65,87.4,87.45,HINDAL,23212
131,2020-03-24 11:26:00,87.15,NSE,87.65,87.1,87.45,HINDAL,64220
132,2020-03-24 11:27:00,87.35,NSE,87.45,87.15,87.3,HINDAL,30765
133,2020-03-24 11:28:00,86.9,NSE,87.5,86.9,87.45,HINDAL,21958
134,2020-03-24 11:29:00,86.55,NSE,87.1,86.55,86.9,HINDAL,24366
135,2020-03-24 11:30:00,87.0,NSE,87.0,86.5,86.6,HINDAL,25939
136,2020-03-24 11:31:00,86.85,NSE,87.1,86.85,87.0,HINDAL,33131
137,2020-03-24 11:32:00,86.7,NSE,87.0,86.7,87.0,HINDAL,14016
138,2020-03-24 11:33:00,86.6,NSE,86.7,86.4,86.7,HINDAL,32898
139,2020-03-24 11:34:00,86.5,NSE,86.8,86.35,86.55,HINDAL,42513
140,2020-03-24 11:35:00,86.6,NSE,86.8,86.45,86.45,HINDAL,23571
141,2020-03-24 11:36:00,86.8,NSE,86.8,86.6,86.6,HINDAL,15885
142,2020-03-24 11:37:00,86.95,NSE,87.05,86.8,86.8,HINDAL,24337
143,2020-03-24 11:38:00,86.9,NSE,87.05,86.9,86.95,HINDAL,21384
144,2020-03-24 11:39:00,87.1,NSE,87.1,86.8,86.9,HINDAL,40955
145,2020-03-24 11:40:00,87.3,NSE,87.45,86.95,87.1,HINDAL,68840
146,2020-03-24 11:41:00,87.6,NSE,87.7,87.4,87.4,HINDAL,37875
147,2020-03-24 11:42:00,86.9,NSE,87.7,86.8,87.7,HINDAL,41417
148,2020-03-24 11:43:00,87.05,NSE,87.4,86.75,86.75,HINDAL,19879
149,2020-03-24 11:44:00,87.0,NSE,87.2,87.0,87.05,HINDAL,17609
150,2020-03-24 11:45:00,87.2,NSE,87.35,86.95,87.0,HINDAL,30321
151,2020-03-24 11:46:00,86.95,NSE,87.3,86.95,87.25,HINDAL,18537
152,2020-03-24 11:47:00,86.95,NSE,87.1,86.9,87.0,HINDAL,24977
153,2020-03-24 11:48:00,86.9,NSE,87.25,86.85,86.85,HINDAL,29926
154,2020-03-24 11:49:00,86.95,NSE,87.25,86.95,86.95,HINDAL,23589
155,2020-03-24 11:50:00,86.85,NSE,87.0,86.85,86.95,HINDAL,10587
156,2020-03-24 11:51:00,86.55,NSE,86.85,86.5,86.85,HINDAL,32356
157,2020-03-24 11:52:00,86.55,NSE,86.7,86.5,86.7,HINDAL,11697
158,2020-03-24 11:53:00,86.4,NSE,86.65,86.3,86.55,HINDAL,17616
159,2020-03-24 11:54:00,86.05,NSE,86.45,86.05,86.3,HINDAL,24761
160,2020-03-24 11:55:00,85.65,NSE,86.0,85.5,85.9,HINDAL,71117
161,2020-03-24 11:56:00,85.75,NSE,85.8,85.5,85.65,HINDAL,21015
162,2020-03-24 11:57:00,85.9,NSE,86.05,85.6,85.75,HINDAL,21375
163,2020-03-24 11:58:00,85.9,NSE,86.05,85.75,86.0,HINDAL,23691
164,2020-03-24 11:59:00,85.9,NSE,86.05,85.85,85.9,HINDAL,12448
165,2020-03-24 12:00:00,85.45,NSE,85.85,85.0,85.85,HINDAL,95749
166,2020-03-24 12:01:00,85.5,NSE,85.65,85.4,85.55,HINDAL,32919
167,2020-03-24 12:02:00,85.5,NSE,85.7,85.5,85.5,HINDAL,21761
168,2020-03-24 12:03:00,86.05,NSE,86.25,85.55,85.55,HINDAL,39038
169,2020-03-24 12:04:00,86.5,NSE,86.5,86.0,86.1,HINDAL,40654
170,2020-03-24 12:05:00,86.5,NSE,86.85,86.4,86.4,HINDAL,41372
171,2020-03-24 12:06:00,86.55,NSE,86.9,86.45,86.5,HINDAL,42549
172,2020-03-24 12:07:00,86.5,NSE,86.8,86.5,86.55,HINDAL,12220
173,2020-03-24 12:08:00,86.35,NSE,86.65,86.3,86.5,HINDAL,22306
174,2020-03-24 12:09:00,86.75,NSE,86.8,86.2,86.35,HINDAL,32392
175,2020-03-24 12:10:00,86.75,NSE,86.9,86.6,86.75,HINDAL,26175
176,2020-03-24 12:11:00,86.75,NSE,86.75,86.3,86.6,HINDAL,28739
177,2020-03-24 12:12:00,86.75,NSE,86.8,86.4,86.75,HINDAL,34233
178,2020-03-24 12:13:00,86.4,NSE,86.75,86.4,86.5,HINDAL,9144
179,2020-03-24 12:14:00,86.25,NSE,86.5,86.25,86.4,HINDAL,32068
180,2020-03-24 12:15:00,86.45,NSE,86.65,86.35,86.45,HINDAL,18632
181,2020-03-24 12:16:00,86.45,NSE,86.6,86.4,86.45,HINDAL,13615
182,2020-03-24 12:17:00,86.1,NSE,86.55,86.1,86.55,HINDAL,11371
183,2020-03-24 12:18:00,86.65,NSE,86.65,86.1,86.2,HINDAL,36796
184,2020-03-24 12:19:00,86.25,NSE,86.7,86.25,86.55,HINDAL,15319
185,2020-03-24 12:20:00,86.25,NSE,86.35,86.1,86.2,HINDAL,18132
186,2020-03-24 12:21:00,86.3,NSE,86.7,86.25,86.25,HINDAL,19083
187,2020-03-24 12:22:00,86.05,NSE,86.25,85.85,86.15,HINDAL,58055
188,2020-03-24 12:23:00,86.05,NSE,86.05,85.85,86.05,HINDAL,13668
189,2020-03-24 12:24:00,86.05,NSE,86.4,85.95,86.05,HINDAL,15930
190,2020-03-24 12:25:00,86.1,NSE,86.4,86.0,86.0,HINDAL,18481
191,2020-03-24 12:26:00,86.1,NSE,86.3,86.0,86.2,HINDAL,21696
192,2020-03-24 12:27:00,86.2,NSE,86.35,86.1,86.1,HINDAL,26190
193,2020-03-24 12:28:00,86.15,NSE,86.4,86.15,86.4,HINDAL,19419
194,2020-03-24 12:29:00,86.4,NSE,86.4,86.25,86.25,HINDAL,13147
195,2020-03-24 12:30:00,86.45,NSE,86.6,86.25,86.4,HINDAL,32502
196,2020-03-24 12:31:00,86.2,NSE,86.45,86.1,86.45,HINDAL,35890
197,2020-03-24 12:32:00,86.4,NSE,86.6,86.35,86.35,HINDAL,17078
198,2020-03-24 12:33:00,86.35,NSE,86.6,86.35,86.55,HINDAL,15115
199,2020-03-24 12:34:00,86.65,NSE,86.65,86.45,86.45,HINDAL,26838
200,2020-03-24 12:35:00,86.55,NSE,86.65,86.2,86.65,HINDAL,30194
201,2020-03-24 12:36:00,86.65,NSE,86.7,86.45,86.5,HINDAL,33994
202,2020-03-24 12:37:00,86.55,NSE,86.65,86.45,86.65,HINDAL,16843
203,2020-03-24 12:38:00,86.6,NSE,86.8,86.5,86.55,HINDAL,36050
204,2020-03-24 12:39:00,87.2,NSE,87.2,86.65,86.65,HINDAL,74100
205,2020-03-24 12:40:00,87.3,NSE,87.5,87.15,87.2,HINDAL,65311
206,2020-03-24 12:41:00,87.1,NSE,87.35,87.0,87.25,HINDAL,20843
207,2020-03-24 12:42:00,87.3,NSE,87.4,87.15,87.25,HINDAL,34666
208,2020-03-24 12:43:00,87.5,NSE,87.7,87.3,87.4,HINDAL,50312
209,2020-03-24 12:44:00,88.0,NSE,88.3,87.5,87.5,HINDAL,153360
210,2020-03-24 12:45:00,88.05,NSE,88.3,88.0,88.0,HINDAL,51155
211,2020-03-24 12:46:00,88.05,NSE,88.15,88.0,88.1,HINDAL,120410
212,2020-03-24 12:47:00,88.1,NSE,88.15,88.0,88.0,HINDAL,49336
213,2020-03-24 12:48:00,88.05,NSE,88.1,88.0,88.1,HINDAL,59708
214,2020-03-24 12:49:00,87.25,NSE,88.1,87.25,88.05,HINDAL,48012
215,2020-03-24 12:50:00,87.7,NSE,87.9,87.25,87.35,HINDAL,67579
216,2020-03-24 12:51:00,88.1,NSE,88.1,87.7,87.7,HINDAL,29299
217,2020-03-24 12:52:00,88.2,NSE,88.2,88.0,88.05,HINDAL,74918
218,2020-03-24 12:53:00,88.1,NSE,88.25,88.05,88.2,HINDAL,34487
219,2020-03-24 12:54:00,88.0,NSE,88.2,88.0,88.15,HINDAL,35617
220,2020-03-24 12:55:00,88.15,NSE,88.15,88.0,88.0,HINDAL,31197
221,2020-03-24 12:56:00,88.2,NSE,88.25,88.1,88.1,HINDAL,47074
222,2020-03-24 12:57:00,88.0,NSE,88.25,88.0,88.2,HINDAL,28788
223,2020-03-24 12:58:00,88.3,NSE,88.45,88.0,88.0,HINDAL,110261
224,2020-03-24 12:59:00,88.15,NSE,88.5,88.15,88.35,HINDAL,23795
225,2020-03-24 13:00:00,88.0,NSE,88.15,88.0,88.05,HINDAL,86423
226,2020-03-24 13:01:00,88.0,NSE,88.25,88.0,88.05,HINDAL,43288
227,2020-03-24 13:02:00,88.3,NSE,88.3,88.0,88.0,HINDAL,40058
228,2020-03-24 13:03:00,88.05,NSE,88.2,88.0,88.2,HINDAL,90690
229,2020-03-24 13:04:00,88.1,NSE,88.1,88.0,88.05,HINDAL,28001
230,2020-03-24 13:05:00,88.05,NSE,88.15,88.0,88.1,HINDAL,22764
231,2020-03-24 13:06:00,87.55,NSE,88.0,87.5,88.0,HINDAL,68027
232,2020-03-24 13:07:00,88.0,NSE,88.1,87.55,87.65,HINDAL,69452
233,2020-03-24 13:08:00,88.05,NSE,88.25,87.9,88.0,HINDAL,53082
234,2020-03-24 13:09:00,88.05,NSE,88.1,88.0,88.0,HINDAL,62766
235,2020-03-24 13:10:00,88.1,NSE,88.15,88.0,88.0,HINDAL,13463
236,2020-03-24 13:11:00,88.05,NSE,88.15,88.0,88.15,HINDAL,16141
237,2020-03-24 13:12:00,88.0,NSE,88.2,88.0,88.05,HINDAL,48519
238,2020-03-24 13:13:00,88.45,NSE,88.5,88.0,88.05,HINDAL,91200
239,2020-03-24 13:14:00,88.5,NSE,88.5,88.3,88.4,HINDAL,31828
240,2020-03-24 13:15:00,88.6,NSE,88.65,88.4,88.5,HINDAL,41427
241,2020-03-24 13:16:00,88.4,NSE,88.65,88.4,88.65,HINDAL,26108
242,2020-03-24 13:17:00,88.75,NSE,88.75,88.4,88.55,HINDAL,39362
243,2020-03-24 13:18:00,88.6,NSE,88.8,88.5,88.75,HINDAL,32008
244,2020-03-24 13:19:00,88.5,NSE,88.7,88.45,88.65,HINDAL,16181
245,2020-03-24 13:20:00,88.3,NSE,88.6,88.25,88.5,HINDAL,24812
246,2020-03-24 13:21:00,88.3,NSE,88.35,88.2,88.25,HINDAL,36710
247,2020-03-24 13:22:00,88.1,NSE,88.35,88.0,88.3,HINDAL,25552
248,2020-03-24 13:23:00,88.05,NSE,88.15,88.0,88.15,HINDAL,14101
249,2020-03-24 13:24:00,88.15,NSE,88.4,88.05,88.05,HINDAL,54681
250,2020-03-24 13:25:00,88.1,NSE,88.2,88.05,88.1,HINDAL,88404
251,2020-03-24 13:26:00,88.1,NSE,88.15,88.0,88.1,HINDAL,40262
252,2020-03-24 13:27:00,88.35,NSE,88.5,88.05,88.1,HINDAL,55310
253,2020-03-24 13:28:00,88.45,NSE,88.5,88.3,88.35,HINDAL,18634
254,2020-03-24 13:29:00,88.65,NSE,88.65,88.35,88.45,HINDAL,33879
255,2020-03-24 13:30:00,88.6,NSE,88.65,88.45,88.5,HINDAL,24731
256,2020-03-24 13:31:00,88.35,NSE,88.65,88.3,88.6,HINDAL,29820
257,2020-03-24 13:32:00,88.3,NSE,88.45,88.3,88.35,HINDAL,16467
258,2020-03-24 13:33:00,88.0,NSE,88.3,88.0,88.3,HINDAL,24921
259,2020-03-24 13:34:00,88.05,NSE,88.25,88.0,88.05,HINDAL,69011
260,2020-03-24 13:35:00,87.6,NSE,88.1,87.5,88.05,HINDAL,52915
261,2020-03-24 13:36:00,87.2,NSE,87.75,87.2,87.65,HINDAL,88355
262,2020-03-24 13:37:00,87.35,NSE,87.5,87.1,87.1,HINDAL,50697
263,2020-03-24 13:38:00,87.5,NSE,87.75,87.25,87.35,HINDAL,37771
264,2020-03-24 13:39:00,87.65,NSE,87.75,87.45,87.45,HINDAL,20949
265,2020-03-24 13:40:00,88.0,NSE,88.0,87.65,87.7,HINDAL,31680
266,2020-03-24 13:41:00,87.95,NSE,88.15,87.9,88.05,HINDAL,30556
267,2020-03-24 13:42:00,88.25,NSE,88.25,87.9,87.95,HINDAL,31391
268,2020-03-24 13:43:00,87.95,NSE,88.25,87.95,88.1,HINDAL,20818
269,2020-03-24 13:44:00,88.05,NSE,88.2,87.85,87.95,HINDAL,45054
270,2020-03-24 13:45:00,87.85,NSE,88.2,87.6,88.2,HINDAL,43415
271,2020-03-24 13:46:00,87.9,NSE,88.0,87.7,87.7,HINDAL,31939
272,2020-03-24 13:47:00,87.9,NSE,87.9,87.5,87.9,HINDAL,51481
273,2020-03-24 13:48:00,88.05,NSE,88.1,87.85,87.95,HINDAL,29358
274,2020-03-24 13:49:00,88.0,NSE,88.2,87.85,88.0,HINDAL,56646
275,2020-03-24 13:50:00,87.95,NSE,88.1,87.8,88.05,HINDAL,26689
276,2020-03-24 13:51:00,87.9,NSE,88.0,87.75,87.95,HINDAL,23458
277,2020-03-24 13:52:00,87.6,NSE,88.0,87.45,87.9,HINDAL,39056
278,2020-03-24 13:53:00,87.3,NSE,87.7,87.1,87.6,HINDAL,33647
279,2020-03-24 13:54:00,87.55,NSE,87.8,87.25,87.3,HINDAL,81604
280,2020-03-24 13:55:00,87.25,NSE,87.6,87.25,87.4,HINDAL,14490
281,2020-03-24 13:56:00,87.55,NSE,87.55,87.2,87.2,HINDAL,47381
282,2020-03-24 13:57:00,87.8,NSE,87.85,87.45,87.55,HINDAL,23890
283,2020-03-24 13:58:00,87.9,NSE,88.3,87.75,87.75,HINDAL,77182
284,2020-03-24 13:59:00,88.1,NSE,88.2,87.85,87.85,HINDAL,30400
285,2020-03-24 14:00:00,88.15,NSE,88.4,88.05,88.1,HINDAL,32057
286,2020-03-24 14:01:00,88.15,NSE,88.2,87.9,88.15,HINDAL,35979
287,2020-03-24 14:02:00,88.6,NSE,88.6,88.0,88.1,HINDAL,89054
288,2020-03-24 14:03:00,88.6,NSE,88.7,88.5,88.55,HINDAL,68537
289,2020-03-24 14:04:00,88.6,NSE,88.85,88.55,88.6,HINDAL,88680
290,2020-03-24 14:05:00,88.75,NSE,88.9,88.55,88.65,HINDAL,44671
291,2020-03-24 14:06:00,88.7,NSE,88.9,88.5,88.75,HINDAL,26556
292,2020-03-24 14:07:00,88.5,NSE,88.8,88.5,88.65,HINDAL,32790
293,2020-03-24 14:08:00,88.3,NSE,88.6,88.3,88.6,HINDAL,36910
294,2020-03-24 14:09:00,88.35,NSE,88.55,88.1,88.3,HINDAL,46149
295,2020-03-24 14:10:00,88.1,NSE,88.6,88.1,88.4,HINDAL,42574
296,2020-03-24 14:11:00,88.05,NSE,88.3,88.05,88.1,HINDAL,30460
297,2020-03-24 14:12:00,87.95,NSE,88.1,87.9,88.05,HINDAL,27798
298,2020-03-24 14:13:00,87.85,NSE,88.05,87.8,88.05,HINDAL,20654
299,2020-03-24 14:14:00,87.65,NSE,88.05,87.65,88.05,HINDAL,238775
300,2020-03-24 14:15:00,87.65,NSE,87.75,87.55,87.7,HINDAL,31500
301,2020-03-24 14:16:00,87.4,NSE,87.85,87.25,87.65,HINDAL,65673
302,2020-03-24 14:17:00,87.55,NSE,87.75,87.35,87.5,HINDAL,56484
303,2020-03-24 14:18:00,87.6,NSE,87.65,87.35,87.55,HINDAL,31331
304,2020-03-24 14:19:00,87.35,NSE,87.65,87.3,87.65,HINDAL,40375
305,2020-03-24 14:20:00,87.7,NSE,88.0,87.2,87.3,HINDAL,60629
306,2020-03-24 14:21:00,87.75,NSE,88.0,87.75,87.75,HINDAL,27986
307,2020-03-24 14:22:00,87.85,NSE,88.0,87.6,87.75,HINDAL,27372
308,2020-03-24 14:23:00,88.3,NSE,88.3,87.7,87.8,HINDAL,59868
309,2020-03-24 14:24:00,88.55,NSE,88.65,88.25,88.3,HINDAL,40987
310,2020-03-24 14:25:00,88.3,NSE,88.65,88.25,88.5,HINDAL,22143
311,2020-03-24 14:26:00,88.4,NSE,88.55,88.2,88.35,HINDAL,28774
312,2020-03-24 14:27:00,88.45,NSE,88.45,88.1,88.35,HINDAL,33714
313,2020-03-24 14:28:00,88.6,NSE,88.65,88.4,88.45,HINDAL,62363
314,2020-03-24 14:29:00,89.1,NSE,89.2,88.6,88.6,HINDAL,122908
315,2020-03-24 14:30:00,89.6,NSE,89.65,89.0,89.0,HINDAL,124328
316,2020-03-24 14:31:00,89.55,NSE,89.7,89.45,89.65,HINDAL,61233
317,2020-03-24 14:32:00,89.7,NSE,89.8,89.4,89.6,HINDAL,1302967
318,2020-03-24 14:33:00,89.5,NSE,89.85,89.5,89.75,HINDAL,52589
319,2020-03-24 14:34:00,89.0,NSE,89.65,89.0,89.55,HINDAL,20993
320,2020-03-24 14:35:00,89.05,NSE,89.1,88.8,89.1,HINDAL,36579
321,2020-03-24 14:36:00,88.9,NSE,89.2,88.75,89.1,HINDAL,36789
322,2020-03-24 14:37:00,89.1,NSE,89.2,88.9,88.9,HINDAL,49683
323,2020-03-24 14:38:00,88.95,NSE,89.2,88.9,89.2,HINDAL,64711
324,2020-03-24 14:39:00,89.1,NSE,89.15,88.75,88.95,HINDAL,85092
325,2020-03-24 14:40:00,89.15,NSE,89.25,89.0,89.15,HINDAL,30649
326,2020-03-24 14:41:00,88.85,NSE,89.2,88.85,89.2,HINDAL,20276
327,2020-03-24 14:42:00,88.55,NSE,89.0,88.55,88.85,HINDAL,34228
328,2020-03-24 14:43:00,88.85,NSE,89.15,88.55,88.6,HINDAL,65047
329,2020-03-24 14:44:00,88.85,NSE,89.1,88.85,88.9,HINDAL,18195
330,2020-03-24 14:45:00,88.7,NSE,88.9,88.55,88.9,HINDAL,24968
331,2020-03-24 14:46:00,88.7,NSE,88.75,88.5,88.7,HINDAL,71826
332,2020-03-24 14:47:00,88.7,NSE,88.9,88.55,88.65,HINDAL,18569
333,2020-03-24 14:48:00,88.6,NSE,88.85,88.6,88.7,HINDAL,32340
334,2020-03-24 14:49:00,88.5,NSE,88.6,88.4,88.6,HINDAL,40400
335,2020-03-24 14:50:00,88.6,NSE,88.7,88.45,88.5,HINDAL,36401
336,2020-03-24 14:51:00,88.55,NSE,88.7,88.45,88.55,HINDAL,30340
337,2020-03-24 14:52:00,88.5,NSE,88.75,88.5,88.55,HINDAL,27757
338,2020-03-24 14:53:00,88.55,NSE,88.75,88.4,88.5,HINDAL,42530
339,2020-03-24 14:54:00,88.5,NSE,88.7,88.4,88.65,HINDAL,24942
340,2020-03-24 14:55:00,88.55,NSE,88.6,88.35,88.5,HINDAL,43857
341,2020-03-24 14:56:00,88.35,NSE,88.75,88.35,88.6,HINDAL,44155
342,2020-03-24 14:57:00,88.3,NSE,88.65,88.3,88.4,HINDAL,30981
343,2020-03-24 14:58:00,87.8,NSE,88.35,87.8,88.35,HINDAL,63276
344,2020-03-24 14:59:00,88.6,NSE,88.95,87.8,87.8,HINDAL,54659
345,2020-03-24 15:00:00,88.45,NSE,88.6,88.05,88.6,HINDAL,68608
346,2020-03-24 15:01:00,88.5,NSE,88.7,88.3,88.4,HINDAL,114922
347,2020-03-24 15:02:00,88.5,NSE,88.85,88.5,88.55,HINDAL,63666
348,2020-03-24 15:03:00,88.3,NSE,88.7,88.3,88.45,HINDAL,71696
349,2020-03-24 15:04:00,88.45,NSE,88.7,88.15,88.35,HINDAL,90142
350,2020-03-24 15:05:00,88.6,NSE,88.65,88.4,88.4,HINDAL,62439
351,2020-03-24 15:06:00,88.55,NSE,88.75,88.5,88.6,HINDAL,72413
352,2020-03-24 15:07:00,88.5,NSE,88.6,88.45,88.6,HINDAL,46607
353,2020-03-24 15:08:00,88.8,NSE,88.8,88.45,88.5,HINDAL,73984
354,2020-03-24 15:09:00,88.65,NSE,88.9,88.6,88.85,HINDAL,49132
355,2020-03-24 15:10:00,88.5,NSE,88.75,88.45,88.75,HINDAL,51820
356,2020-03-24 15:11:00,88.7,NSE,89.1,88.4,88.5,HINDAL,86004
357,2020-03-24 15:12:00,88.8,NSE,89.15,88.65,88.7,HINDAL,68387
358,2020-03-24 15:13:00,88.95,NSE,89.0,88.65,88.8,HINDAL,67694
359,2020-03-24 15:14:00,89.0,NSE,89.05,88.9,89.0,HINDAL,54581
360,2020-03-24 15:15:00,89.05,NSE,89.1,88.75,88.9,HINDAL,78295
361,2020-03-24 15:16:00,89.05,NSE,89.15,89.0,89.1,HINDAL,89454
362,2020-03-24 15:17:00,89.0,NSE,89.05,88.75,89.05,HINDAL,83526
363,2020-03-24 15:18:00,89.25,NSE,89.25,88.9,89.05,HINDAL,73014
364,2020-03-24 15:19:00,89.25,NSE,89.4,89.0,89.2,HINDAL,84935
365,2020-03-24 15:20:00,89.05,NSE,89.35,89.0,89.35,HINDAL,60035
366,2020-03-24 15:21:00,89.05,NSE,89.25,89.0,89.0,HINDAL,62196
367,2020-03-24 15:22:00,89.0,NSE,89.05,89.0,89.0,HINDAL,59952
368,2020-03-24 15:23:00,89.0,NSE,89.05,88.9,89.0,HINDAL,121149
369,2020-03-24 15:24:00,89.05,NSE,89.15,88.5,89.05,HINDAL,80968
370,2020-03-24 15:25:00,88.9,NSE,89.3,88.7,89.05,HINDAL,35447
371,2020-03-24 15:26:00,88.85,NSE,88.95,88.7,88.9,HINDAL,27533
372,2020-03-24 15:27:00,88.75,NSE,88.95,88.7,88.85,HINDAL,24662
373,2020-03-24 15:28:00,88.4,NSE,88.8,88.25,88.75,HINDAL,32419
374,2020-03-24 15:29:00,89.0,NSE,89.05,88.4,88.5,HINDAL,20309
