close,datetime,exchange_code,expiry_date,high,low,open,open_interest,product_type,right,stock_code,strike_price,volume
92.4,2023-09-29 09:15:00,NFO,2023-10-05,109.95,90.3,104.7,3341250,Options,Put,NIFTY,19600.0,1167250
93.15,2023-09-29 09:16:00,NFO,2023-10-05,95.8,91.35,93.3,3341250,Options,Put,NIFTY,19600.0,1241550
100.0,2023-09-29 09:17:00,NFO,2023-10-05,100.0,92.4,92.5,4264500,Options,Put,NIFTY,19600.0,1163100
102.35,2023-09-29 09:18:00,NFO,2023-10-05,105.4,99.3,99.7,4264500,Options,Put,NIFTY,19600.0,1605750
97.6,2023-09-29 09:19:00,NFO,2023-10-05,101.75,96.6,101.35,4264500,Options,Put,NIFTY,19600.0,790500
106.05,2023-09-29 09:20:00,NFO,2023-10-05,109.1,97.25,97.25,4952700,Options,Put,NIFTY,19600.0,1492050
103.2,2023-09-29 09:21:00,NFO,2023-10-05,107.95,100.3,105.5,4952700,Options,Put,NIFTY,19600.0,807050
105.65,2023-09-29 09:22:00,NFO,2023-10-05,106.2,101.95,102.75,4952700,Options,Put,NIFTY,19600.0,626050
101.9,2023-09-29 09:23:00,NFO,2023-10-05,105.5,100.45,105.3,5553450,Options,Put,NIFTY,19600.0,579000
103.65,2023-09-29 09:24:00,NFO,2023-10-05,104.7,101.0,101.0,5553450,Options,Put,NIFTY,19600.0,421100
105.95,2023-09-29 09:25:00,NFO,2023-10-05,112.2,103.6,104.05,5553450,Options,Put,NIFTY,19600.0,1132700
108.7,2023-09-29 09:26:00,NFO,2023-10-05,109.4,102.75,105.0,5677900,Options,Put,NIFTY,19600.0,756350
110.1,2023-09-29 09:27:00,NFO,2023-10-05,112.2,107.25,109.3,5677900,Options,Put,NIFTY,19600.0,789550
106.3,2023-09-29 09:28:00,NFO,2023-10-05,111.35,106.3,110.6,5677900,Options,Put,NIFTY,19600.0,586500
106.4,2023-09-29 09:29:00,NFO,2023-10-05,108.45,105.4,106.1,5909400,Options,Put,NIFTY,19600.0,380250
108.0,2023-09-29 09:30:00,NFO,2023-10-05,109.35,103.35,106.8,5909400,Options,Put,NIFTY,19600.0,637800
106.0,2023-09-29 09:31:00,NFO,2023-10-05,110.7,105.75,108.3,5909400,Options,Put,NIFTY,19600.0,536750
107.95,2023-09-29 09:32:00,NFO,2023-10-05,108.5,103.9,105.95,6113300,Options,Put,NIFTY,19600.0,398850
110.2,2023-09-29 09:33:00,NFO,2023-10-05,114.15,105.2,107.5,6113300,Options,Put,NIFTY,19600.0,822250
106.05,2023-09-29 09:34:00,NFO,2023-10-05,111.0,105.3,111.0,6113300,Options,Put,NIFTY,19600.0,545300
106.4,2023-09-29 09:35:00,NFO,2023-10-05,110.85,104.7,106.05,6175400,Options,Put,NIFTY,19600.0,527950
108.05,2023-09-29 09:36:00,NFO,2023-10-05,108.25,105.15,105.85,6175400,Options,Put,NIFTY,19600.0,366500
106.25,2023-09-29 09:37:00,NFO,2023-10-05,108.2,106.05,108.15,6175400,Options,Put,NIFTY,19600.0,271650
106.55,2023-09-29 09:38:00,NFO,2023-10-05,108.05,104.5,106.0,6230250,Options,Put,NIFTY,19600.0,452800
104.85,2023-09-29 09:39:00,NFO,2023-10-05,106.85,104.1,106.85,6230250,Options,Put,NIFTY,19600.0,248900
101.95,2023-09-29 09:40:00,NFO,2023-10-05,105.85,98.75,105.6,6230250,Options,Put,NIFTY,19600.0,633300
99.35,2023-09-29 09:41:00,NFO,2023-10-05,102.15,97.3,101.65,6108650,Options,Put,NIFTY,19600.0,499800
100.55,2023-09-29 09:42:00,NFO,2023-10-05,100.85,97.55,99.75,6108650,Options,Put,NIFTY,19600.0,603050
101.75,2023-09-29 09:43:00,NFO,2023-10-05,102.05,99.2,100.9,6108650,Options,Put,NIFTY,19600.0,392400
94.7,2023-09-29 09:44:00,NFO,2023-10-05,102.15,94.25,101.6,6197250,Options,Put,NIFTY,19600.0,574050
89.55,2023-09-29 09:45:00,NFO,2023-10-05,95.4,89.55,94.2,6197250,Options,Put,NIFTY,19600.0,988500
91.05,2023-09-29 09:46:00,NFO,2023-10-05,92.95,87.35,88.9,6197250,Options,Put,NIFTY,19600.0,763200
90.0,2023-09-29 09:47:00,NFO,2023-10-05,91.5,88.55,91.05,6244750,Options,Put,NIFTY,19600.0,375800
88.6,2023-09-29 09:48:00,NFO,2023-10-05,91.4,88.0,90.55,6244750,Options,Put,NIFTY,19600.0,371250
88.2,2023-09-29 09:49:00,NFO,2023-10-05,89.35,86.45,88.1,6244750,Options,Put,NIFTY,19600.0,414450
88.2,2023-09-29 09:50:00,NFO,2023-10-05,90.25,85.9,88.15,6422650,Options,Put,NIFTY,19600.0,538400
88.5,2023-09-29 09:51:00,NFO,2023-10-05,90.0,87.45,88.15,6422650,Options,Put,NIFTY,19600.0,392400
89.7,2023-09-29 09:52:00,NFO,2023-10-05,89.85,88.25,88.55,6422650,Options,Put,NIFTY,19600.0,232200
87.45,2023-09-29 09:53:00,NFO,2023-10-05,90.35,86.75,89.8,6576900,Options,Put,NIFTY,19600.0,374100
88.95,2023-09-29 09:54:00,NFO,2023-10-05,90.2,86.95,87.45,6576900,Options,Put,NIFTY,19600.0,348600
90.9,2023-09-29 09:55:00,NFO,2023-10-05,91.15,87.8,88.9,6576900,Options,Put,NIFTY,19600.0,405050
90.5,2023-09-29 09:56:00,NFO,2023-10-05,92.4,89.15,91.0,6770000,Options,Put,NIFTY,19600.0,584750
94.0,2023-09-29 09:57:00,NFO,2023-10-05,94.55,90.6,90.6,6770000,Options,Put,NIFTY,19600.0,531200
92.65,2023-09-29 09:58:00,NFO,2023-10-05,94.8,91.4,94.2,6770000,Options,Put,NIFTY,19600.0,431050
94.3,2023-09-29 09:59:00,NFO,2023-10-05,94.5,92.6,92.6,6868600,Options,Put,NIFTY,19600.0,308900
94.95,2023-09-29 10:00:00,NFO,2023-10-05,98.05,94.3,94.6,6868600,Options,Put,NIFTY,19600.0,939750
89.8,2023-09-29 10:01:00,NFO,2023-10-05,95.15,89.05,95.1,6868600,Options,Put,NIFTY,19600.0,651650
87.65,2023-09-29 10:02:00,NFO,2023-10-05,90.25,86.5,89.5,6916600,Options,Put,NIFTY,19600.0,573850
84.15,2023-09-29 10:03:00,NFO,2023-10-05,87.45,83.35,87.45,6916600,Options,Put,NIFTY,19600.0,866450
83.4,2023-09-29 10:04:00,NFO,2023-10-05,86.4,81.2,83.85,6916600,Options,Put,NIFTY,19600.0,772450
78.9,2023-09-29 10:05:00,NFO,2023-10-05,84.15,78.9,83.55,6963750,Options,Put,NIFTY,19600.0,601600
80.8,2023-09-29 10:06:00,NFO,2023-10-05,81.25,79.15,79.55,6963750,Options,Put,NIFTY,19600.0,579200
83.45,2023-09-29 10:07:00,NFO,2023-10-05,83.45,79.45,79.65,6963750,Options,Put,NIFTY,19600.0,493950
83.7,2023-09-29 10:08:00,NFO,2023-10-05,83.7,81.0,82.9,7174850,Options,Put,NIFTY,19600.0,348550
83.55,2023-09-29 10:09:00,NFO,2023-10-05,85.45,83.05,83.85,7174850,Options,Put,NIFTY,19600.0,524250
83.0,2023-09-29 10:10:00,NFO,2023-10-05,87.45,82.75,83.45,7174850,Options,Put,NIFTY,19600.0,591850
84.05,2023-09-29 10:11:00,NFO,2023-10-05,85.5,83.35,84.5,7272450,Options,Put,NIFTY,19600.0,281850
86.65,2023-09-29 10:12:00,NFO,2023-10-05,87.95,83.5,84.1,7272450,Options,Put,NIFTY,19600.0,379800
86.85,2023-09-29 10:13:00,NFO,2023-10-05,88.7,85.45,86.45,7272450,Options,Put,NIFTY,19600.0,360350
86.0,2023-09-29 10:14:00,NFO,2023-10-05,87.8,85.45,87.5,7273250,Options,Put,NIFTY,19600.0,366900
84.1,2023-09-29 10:15:00,NFO,2023-10-05,85.25,82.0,85.25,7273250,Options,Put,NIFTY,19600.0,454950
81.3,2023-09-29 10:16:00,NFO,2023-10-05,83.6,80.0,83.55,7273250,Options,Put,NIFTY,19600.0,607650
81.55,2023-09-29 10:17:00,NFO,2023-10-05,82.1,80.7,81.75,7392050,Options,Put,NIFTY,19600.0,338000
82.65,2023-09-29 10:18:00,NFO,2023-10-05,83.95,80.65,81.25,7392050,Options,Put,NIFTY,19600.0,269050
83.7,2023-09-29 10:19:00,NFO,2023-10-05,84.45,82.55,82.75,7392050,Options,Put,NIFTY,19600.0,253600
82.5,2023-09-29 10:20:00,NFO,2023-10-05,84.9,81.1,83.25,7510850,Options,Put,NIFTY,19600.0,397850
82.35,2023-09-29 10:21:00,NFO,2023-10-05,83.0,80.9,82.3,7510850,Options,Put,NIFTY,19600.0,281100
82.5,2023-09-29 10:22:00,NFO,2023-10-05,82.8,81.0,82.2,7510850,Options,Put,NIFTY,19600.0,174150
85.95,2023-09-29 10:23:00,NFO,2023-10-05,86.75,82.15,82.5,7631550,Options,Put,NIFTY,19600.0,438800
84.7,2023-09-29 10:24:00,NFO,2023-10-05,86.0,82.75,86.0,7631550,Options,Put,NIFTY,19600.0,310850
89.05,2023-09-29 10:25:00,NFO,2023-10-05,94.85,84.55,84.75,7631550,Options,Put,NIFTY,19600.0,1505750
86.55,2023-09-29 10:26:00,NFO,2023-10-05,89.0,85.35,88.55,7500900,Options,Put,NIFTY,19600.0,678750
86.4,2023-09-29 10:27:00,NFO,2023-10-05,87.95,84.0,87.45,7500900,Options,Put,NIFTY,19600.0,459750
85.45,2023-09-29 10:28:00,NFO,2023-10-05,86.0,83.45,86.0,7500900,Options,Put,NIFTY,19600.0,396900
86.75,2023-09-29 10:29:00,NFO,2023-10-05,88.6,85.3,85.3,7710750,Options,Put,NIFTY,19600.0,427950
88.15,2023-09-29 10:30:00,NFO,2023-10-05,88.45,85.75,86.9,7710750,Options,Put,NIFTY,19600.0,427150
86.75,2023-09-29 10:31:00,NFO,2023-10-05,88.0,85.8,87.45,7710750,Options,Put,NIFTY,19600.0,369000
86.3,2023-09-29 10:32:00,NFO,2023-10-05,87.55,85.8,87.2,7892100,Options,Put,NIFTY,19600.0,238500
86.75,2023-09-29 10:33:00,NFO,2023-10-05,87.4,84.1,86.0,7892100,Options,Put,NIFTY,19600.0,349200
85.3,2023-09-29 10:34:00,NFO,2023-10-05,87.35,85.05,87.0,7892100,Options,Put,NIFTY,19600.0,261300
83.15,2023-09-29 10:35:00,NFO,2023-10-05,85.55,82.4,85.15,7970500,Options,Put,NIFTY,19600.0,426250
84.15,2023-09-29 10:36:00,NFO,2023-10-05,84.9,82.85,83.0,7970500,Options,Put,NIFTY,19600.0,241600
81.75,2023-09-29 10:37:00,NFO,2023-10-05,84.2,81.0,84.0,7970500,Options,Put,NIFTY,19600.0,454750
81.55,2023-09-29 10:38:00,NFO,2023-10-05,82.3,78.55,82.0,7893650,Options,Put,NIFTY,19600.0,693850
88.0,2023-09-29 10:39:00,NFO,2023-10-05,88.0,81.65,81.65,7893650,Options,Put,NIFTY,19600.0,586450
88.1,2023-09-29 10:40:00,NFO,2023-10-05,90.8,87.7,88.3,7893650,Options,Put,NIFTY,19600.0,809000
86.85,2023-09-29 10:41:00,NFO,2023-10-05,89.5,86.7,87.9,7901150,Options,Put,NIFTY,19600.0,397450
87.45,2023-09-29 10:42:00,NFO,2023-10-05,88.2,85.25,86.75,7901150,Options,Put,NIFTY,19600.0,318700
88.85,2023-09-29 10:43:00,NFO,2023-10-05,88.85,86.4,87.75,7901150,Options,Put,NIFTY,19600.0,267100
88.55,2023-09-29 10:44:00,NFO,2023-10-05,88.7,86.85,88.2,8008050,Options,Put,NIFTY,19600.0,294250
90.5,2023-09-29 10:45:00,NFO,2023-10-05,92.2,87.0,88.35,8008050,Options,Put,NIFTY,19600.0,424200
88.3,2023-09-29 10:46:00,NFO,2023-10-05,90.95,88.05,90.25,8008050,Options,Put,NIFTY,19600.0,430150
89.6,2023-09-29 10:47:00,NFO,2023-10-05,89.9,87.5,88.6,8118300,Options,Put,NIFTY,19600.0,294500
86.8,2023-09-29 10:48:00,NFO,2023-10-05,90.3,84.05,89.55,8118300,Options,Put,NIFTY,19600.0,454400
87.7,2023-09-29 10:49:00,NFO,2023-10-05,87.85,85.0,86.55,8118300,Options,Put,NIFTY,19600.0,291500
87.35,2023-09-29 10:50:00,NFO,2023-10-05,88.55,85.7,87.65,8072000,Options,Put,NIFTY,19600.0,287100
93.2,2023-09-29 10:51:00,NFO,2023-10-05,94.2,86.95,87.6,8072000,Options,Put,NIFTY,19600.0,570150
95.15,2023-09-29 10:52:00,NFO,2023-10-05,96.15,92.05,93.1,8072000,Options,Put,NIFTY,19600.0,1125900
93.15,2023-09-29 10:53:00,NFO,2023-10-05,95.35,91.05,93.8,8036550,Options,Put,NIFTY,19600.0,724900
92.05,2023-09-29 10:54:00,NFO,2023-10-05,93.95,90.1,92.9,8036550,Options,Put,NIFTY,19600.0,682200
92.4,2023-09-29 10:55:00,NFO,2023-10-05,93.75,90.65,91.6,8036550,Options,Put,NIFTY,19600.0,349600
93.3,2023-09-29 10:56:00,NFO,2023-10-05,93.5,91.85,92.0,8126900,Options,Put,NIFTY,19600.0,243200
93.5,2023-09-29 10:57:00,NFO,2023-10-05,94.75,92.05,93.45,8126900,Options,Put,NIFTY,19600.0,368200
92.8,2023-09-29 10:58:00,NFO,2023-10-05,94.15,92.5,93.6,8126900,Options,Put,NIFTY,19600.0,261300
91.05,2023-09-29 10:59:00,NFO,2023-10-05,92.95,90.6,92.75,8081600,Options,Put,NIFTY,19600.0,346150
90.75,2023-09-29 11:00:00,NFO,2023-10-05,94.45,90.7,91.5,8081600,Options,Put,NIFTY,19600.0,369950
87.2,2023-09-29 11:01:00,NFO,2023-10-05,91.2,86.55,90.65,8081600,Options,Put,NIFTY,19600.0,524450
87.9,2023-09-29 11:02:00,NFO,2023-10-05,88.35,84.05,87.3,7920700,Options,Put,NIFTY,19600.0,682500
87.3,2023-09-29 11:03:00,NFO,2023-10-05,87.35,85.15,86.75,7920700,Options,Put,NIFTY,19600.0,322100
90.4,2023-09-29 11:04:00,NFO,2023-10-05,90.9,86.6,87.5,7920700,Options,Put,NIFTY,19600.0,388950
89.2,2023-09-29 11:05:00,NFO,2023-10-05,91.7,88.3,90.5,7846650,Options,Put,NIFTY,19600.0,366850
91.55,2023-09-29 11:06:00,NFO,2023-10-05,91.8,89.05,89.4,7846650,Options,Put,NIFTY,19600.0,255300
90.3,2023-09-29 11:07:00,NFO,2023-10-05,91.75,88.55,91.05,7846650,Options,Put,NIFTY,19600.0,248600
88.7,2023-09-29 11:08:00,NFO,2023-10-05,90.1,87.7,89.9,7975350,Options,Put,NIFTY,19600.0,181050
87.5,2023-09-29 11:09:00,NFO,2023-10-05,89.0,86.6,88.75,7975350,Options,Put,NIFTY,19600.0,183300
84.9,2023-09-29 11:10:00,NFO,2023-10-05,88.05,84.5,87.9,7975350,Options,Put,NIFTY,19600.0,331050
76.0,2023-09-29 11:11:00,NFO,2023-10-05,85.65,74.8,85.4,7934950,Options,Put,NIFTY,19600.0,1292700
72.8,2023-09-29 11:12:00,NFO,2023-10-05,77.85,72.6,75.0,7934950,Options,Put,NIFTY,19600.0,860400
74.45,2023-09-29 11:13:00,NFO,2023-10-05,75.2,72.4,73.3,7934950,Options,Put,NIFTY,19600.0,548550
74.05,2023-09-29 11:14:00,NFO,2023-10-05,75.35,72.7,74.35,7805300,Options,Put,NIFTY,19600.0,516850
74.55,2023-09-29 11:15:00,NFO,2023-10-05,74.7,72.65,73.25,7805300,Options,Put,NIFTY,19600.0,437700
74.8,2023-09-29 11:16:00,NFO,2023-10-05,75.2,73.55,74.25,7805300,Options,Put,NIFTY,19600.0,253900
76.0,2023-09-29 11:17:00,NFO,2023-10-05,76.0,73.1,74.8,8005800,Options,Put,NIFTY,19600.0,324350
75.3,2023-09-29 11:18:00,NFO,2023-10-05,77.0,75.05,75.95,8005800,Options,Put,NIFTY,19600.0,402250
74.8,2023-09-29 11:19:00,NFO,2023-10-05,76.65,74.8,75.2,8005800,Options,Put,NIFTY,19600.0,240150
72.75,2023-09-29 11:20:00,NFO,2023-10-05,74.65,72.5,74.65,7999350,Options,Put,NIFTY,19600.0,435900
73.6,2023-09-29 11:21:00,NFO,2023-10-05,74.05,72.85,72.95,7999350,Options,Put,NIFTY,19600.0,434350
75.5,2023-09-29 11:22:00,NFO,2023-10-05,77.25,73.65,73.85,7999350,Options,Put,NIFTY,19600.0,497550
72.8,2023-09-29 11:23:00,NFO,2023-10-05,75.55,72.3,75.55,8057450,Options,Put,NIFTY,19600.0,373050
68.6,2023-09-29 11:24:00,NFO,2023-10-05,72.7,68.45,72.55,8057450,Options,Put,NIFTY,19600.0,860250
70.8,2023-09-29 11:25:00,NFO,2023-10-05,70.95,69.1,69.55,8057450,Options,Put,NIFTY,19600.0,409950
71.25,2023-09-29 11:26:00,NFO,2023-10-05,71.35,69.8,70.45,8112350,Options,Put,NIFTY,19600.0,301900
69.8,2023-09-29 11:27:00,NFO,2023-10-05,71.4,69.65,71.35,8112350,Options,Put,NIFTY,19600.0,256200
69.2,2023-09-29 11:28:00,NFO,2023-10-05,70.4,69.15,69.85,8112350,Options,Put,NIFTY,19600.0,244200
70.0,2023-09-29 11:29:00,NFO,2023-10-05,71.0,69.35,69.45,8244600,Options,Put,NIFTY,19600.0,291400
69.5,2023-09-29 11:30:00,NFO,2023-10-05,70.45,69.5,69.75,8244600,Options,Put,NIFTY,19600.0,292150
64.7,2023-09-29 11:31:00,NFO,2023-10-05,69.45,63.85,69.35,8244600,Options,Put,NIFTY,19600.0,992200
62.35,2023-09-29 11:32:00,NFO,2023-10-05,65.2,62.2,64.6,8316400,Options,Put,NIFTY,19600.0,853300
59.85,2023-09-29 11:33:00,NFO,2023-10-05,61.75,59.45,61.75,8316400,Options,Put,NIFTY,19600.0,1056050
60.2,2023-09-29 11:34:00,NFO,2023-10-05,60.9,59.55,59.9,8316400,Options,Put,NIFTY,19600.0,542700
59.45,2023-09-29 11:35:00,NFO,2023-10-05,60.4,57.8,60.25,8606200,Options,Put,NIFTY,19600.0,600300
58.7,2023-09-29 11:36:00,NFO,2023-10-05,60.2,57.7,59.55,8606200,Options,Put,NIFTY,19600.0,637800
58.25,2023-09-29 11:37:00,NFO,2023-10-05,59.8,58.15,58.8,8606200,Options,Put,NIFTY,19600.0,482900
57.2,2023-09-29 11:38:00,NFO,2023-10-05,58.55,56.85,58.1,9065950,Options,Put,NIFTY,19600.0,934150
54.55,2023-09-29 11:39:00,NFO,2023-10-05,57.25,54.55,57.25,9065950,Options,Put,NIFTY,19600.0,978650
53.8,2023-09-29 11:40:00,NFO,2023-10-05,56.55,53.8,55.15,9065950,Options,Put,NIFTY,19600.0,813300
53.65,2023-09-29 11:41:00,NFO,2023-10-05,54.7,53.3,53.75,9396950,Options,Put,NIFTY,19600.0,706050
50.35,2023-09-29 11:42:00,NFO,2023-10-05,53.8,50.35,53.45,9396950,Options,Put,NIFTY,19600.0,1063700
50.25,2023-09-29 11:43:00,NFO,2023-10-05,50.9,49.75,50.15,9396950,Options,Put,NIFTY,19600.0,1218700
50.35,2023-09-29 11:44:00,NFO,2023-10-05,50.5,49.05,50.35,9700200,Options,Put,NIFTY,19600.0,802550
49.45,2023-09-29 11:45:00,NFO,2023-10-05,50.75,49.45,50.55,9700200,Options,Put,NIFTY,19600.0,697550
50.3,2023-09-29 11:46:00,NFO,2023-10-05,50.4,49.15,49.45,9700200,Options,Put,NIFTY,19600.0,607550
51.25,2023-09-29 11:47:00,NFO,2023-10-05,51.25,49.2,50.4,10032700,Options,Put,NIFTY,19600.0,657150
50.9,2023-09-29 11:48:00,NFO,2023-10-05,51.35,49.9,51.1,10032700,Options,Put,NIFTY,19600.0,510250
51.2,2023-09-29 11:49:00,NFO,2023-10-05,52.7,50.85,51.05,10032700,Options,Put,NIFTY,19600.0,886700
50.85,2023-09-29 11:50:00,NFO,2023-10-05,51.25,49.8,51.1,10380750,Options,Put,NIFTY,19600.0,548750
50.25,2023-09-29 11:51:00,NFO,2023-10-05,51.1,49.35,50.7,10380750,Options,Put,NIFTY,19600.0,420450
51.2,2023-09-29 11:52:00,NFO,2023-10-05,51.95,50.25,50.25,10380750,Options,Put,NIFTY,19600.0,332400
51.9,2023-09-29 11:53:00,NFO,2023-10-05,52.0,51.1,51.45,10620750,Options,Put,NIFTY,19600.0,289000
53.25,2023-09-29 11:54:00,NFO,2023-10-05,53.95,52.0,52.05,10620750,Options,Put,NIFTY,19600.0,897600
53.85,2023-09-29 11:55:00,NFO,2023-10-05,53.85,52.65,53.6,10620750,Options,Put,NIFTY,19600.0,446800
51.45,2023-09-29 11:56:00,NFO,2023-10-05,53.85,51.25,53.8,10796350,Options,Put,NIFTY,19600.0,477200
50.35,2023-09-29 11:57:00,NFO,2023-10-05,51.7,50.05,51.55,10796350,Options,Put,NIFTY,19600.0,463450
51.1,2023-09-29 11:58:00,NFO,2023-10-05,51.1,49.8,50.4,10796350,Options,Put,NIFTY,19600.0,371550
51.6,2023-09-29 11:59:00,NFO,2023-10-05,53.35,51.05,51.05,10583700,Options,Put,NIFTY,19600.0,455750
51.65,2023-09-29 12:00:00,NFO,2023-10-05,52.2,51.05,51.55,10583700,Options,Put,NIFTY,19600.0,286600
50.7,2023-09-29 12:01:00,NFO,2023-10-05,52.1,50.35,51.65,10583700,Options,Put,NIFTY,19600.0,326000
51.75,2023-09-29 12:02:00,NFO,2023-10-05,53.15,50.65,50.7,10640300,Options,Put,NIFTY,19600.0,325000
51.35,2023-09-29 12:03:00,NFO,2023-10-05,52.3,50.9,51.9,10640300,Options,Put,NIFTY,19600.0,157150
52.25,2023-09-29 12:04:00,NFO,2023-10-05,53.0,51.8,51.8,10640300,Options,Put,NIFTY,19600.0,249300
51.55,2023-09-29 12:05:00,NFO,2023-10-05,52.7,50.65,52.45,10620900,Options,Put,NIFTY,19600.0,377850
51.85,2023-09-29 12:06:00,NFO,2023-10-05,53.0,51.6,51.6,10620900,Options,Put,NIFTY,19600.0,273000
52.6,2023-09-29 12:07:00,NFO,2023-10-05,53.2,51.55,52.0,10620900,Options,Put,NIFTY,19600.0,323850
51.65,2023-09-29 12:08:00,NFO,2023-10-05,53.0,51.6,52.7,10657200,Options,Put,NIFTY,19600.0,184900
51.15,2023-09-29 12:09:00,NFO,2023-10-05,52.5,50.55,51.4,10657200,Options,Put,NIFTY,19600.0,288200
52.7,2023-09-29 12:10:00,NFO,2023-10-05,52.9,51.15,51.5,10657200,Options,Put,NIFTY,19600.0,233050
51.55,2023-09-29 12:11:00,NFO,2023-10-05,52.95,51.2,52.95,10688000,Options,Put,NIFTY,19600.0,172450
52.55,2023-09-29 12:12:00,NFO,2023-10-05,53.3,51.55,51.7,10688000,Options,Put,NIFTY,19600.0,288400
54.0,2023-09-29 12:13:00,NFO,2023-10-05,54.5,52.6,52.6,10688000,Options,Put,NIFTY,19600.0,551500
55.0,2023-09-29 12:14:00,NFO,2023-10-05,56.3,54.5,54.5,10719650,Options,Put,NIFTY,19600.0,796900
53.7,2023-09-29 12:15:00,NFO,2023-10-05,55.65,53.7,55.15,10719650,Options,Put,NIFTY,19600.0,400200
50.55,2023-09-29 12:16:00,NFO,2023-10-05,53.75,50.4,53.65,10719650,Options,Put,NIFTY,19600.0,730950
51.9,2023-09-29 12:17:00,NFO,2023-10-05,52.45,50.0,50.6,10829950,Options,Put,NIFTY,19600.0,660700
53.8,2023-09-29 12:18:00,NFO,2023-10-05,54.05,51.85,51.9,10829950,Options,Put,NIFTY,19600.0,360950
53.9,2023-09-29 12:19:00,NFO,2023-10-05,54.5,53.0,54.0,10829950,Options,Put,NIFTY,19600.0,240800
52.25,2023-09-29 12:20:00,NFO,2023-10-05,54.1,52.0,53.85,10919150,Options,Put,NIFTY,19600.0,229300
53.1,2023-09-29 12:21:00,NFO,2023-10-05,53.3,52.25,52.25,10919150,Options,Put,NIFTY,19600.0,159350
51.15,2023-09-29 12:22:00,NFO,2023-10-05,53.95,50.85,53.05,10919150,Options,Put,NIFTY,19600.0,313500
53.1,2023-09-29 12:23:00,NFO,2023-10-05,53.4,50.7,51.25,11014650,Options,Put,NIFTY,19600.0,247250
52.65,2023-09-29 12:24:00,NFO,2023-10-05,53.0,51.85,52.95,11014650,Options,Put,NIFTY,19600.0,87450
51.7,2023-09-29 12:25:00,NFO,2023-10-05,52.55,51.25,52.5,11014650,Options,Put,NIFTY,19600.0,124200
51.4,2023-09-29 12:26:00,NFO,2023-10-05,51.75,51.1,51.45,11026750,Options,Put,NIFTY,19600.0,122900
51.55,2023-09-29 12:27:00,NFO,2023-10-05,52.0,50.9,51.3,11026750,Options,Put,NIFTY,19600.0,145600
50.9,2023-09-29 12:28:00,NFO,2023-10-05,51.6,50.0,51.45,11026750,Options,Put,NIFTY,19600.0,212750
50.45,2023-09-29 12:29:00,NFO,2023-10-05,50.9,49.9,50.8,11090650,Options,Put,NIFTY,19600.0,378750
51.2,2023-09-29 12:30:00,NFO,2023-10-05,51.2,49.4,50.4,11090650,Options,Put,NIFTY,19600.0,390150
53.05,2023-09-29 12:31:00,NFO,2023-10-05,53.05,51.1,51.6,11090650,Options,Put,NIFTY,19600.0,452800
51.8,2023-09-29 12:32:00,NFO,2023-10-05,53.2,51.1,53.0,10837250,Options,Put,NIFTY,19600.0,274450
51.15,2023-09-29 12:33:00,NFO,2023-10-05,51.8,50.8,51.8,10837250,Options,Put,NIFTY,19600.0,123050
50.7,2023-09-29 12:34:00,NFO,2023-10-05,51.5,50.3,51.15,10837250,Options,Put,NIFTY,19600.0,182250
49.5,2023-09-29 12:35:00,NFO,2023-10-05,50.65,49.3,50.65,10935700,Options,Put,NIFTY,19600.0,309100
49.75,2023-09-29 12:36:00,NFO,2023-10-05,50.05,49.15,49.35,10935700,Options,Put,NIFTY,19600.0,222900
50.55,2023-09-29 12:37:00,NFO,2023-10-05,50.55,49.4,49.75,10935700,Options,Put,NIFTY,19600.0,254550
50.65,2023-09-29 12:38:00,NFO,2023-10-05,51.35,50.05,50.6,10894000,Options,Put,NIFTY,19600.0,350150
51.15,2023-09-29 12:39:00,NFO,2023-10-05,51.7,50.35,50.55,10894000,Options,Put,NIFTY,19600.0,149650
51.65,2023-09-29 12:40:00,NFO,2023-10-05,52.15,50.55,51.15,10894000,Options,Put,NIFTY,19600.0,230650
53.35,2023-09-29 12:41:00,NFO,2023-10-05,53.55,51.7,51.7,10880750,Options,Put,NIFTY,19600.0,342400
51.9,2023-09-29 12:42:00,NFO,2023-10-05,53.35,51.15,53.25,10880750,Options,Put,NIFTY,19600.0,342600
52.4,2023-09-29 12:43:00,NFO,2023-10-05,52.7,51.35,51.95,10880750,Options,Put,NIFTY,19600.0,135050
51.45,2023-09-29 12:44:00,NFO,2023-10-05,52.75,51.25,52.4,10936100,Options,Put,NIFTY,19600.0,143200
51.9,2023-09-29 12:45:00,NFO,2023-10-05,52.4,51.35,51.6,10936100,Options,Put,NIFTY,19600.0,96450
52.4,2023-09-29 12:46:00,NFO,2023-10-05,52.5,51.3,51.85,10936100,Options,Put,NIFTY,19600.0,132750
52.8,2023-09-29 12:47:00,NFO,2023-10-05,53.55,52.2,52.5,10983400,Options,Put,NIFTY,19600.0,334300
52.9,2023-09-29 12:48:00,NFO,2023-10-05,53.0,51.75,52.9,10983400,Options,Put,NIFTY,19600.0,228500
53.75,2023-09-29 12:49:00,NFO,2023-10-05,53.9,52.05,53.05,10983400,Options,Put,NIFTY,19600.0,157600
56.0,2023-09-29 12:50:00,NFO,2023-10-05,56.8,53.35,53.75,10979700,Options,Put,NIFTY,19600.0,681250
55.4,2023-09-29 12:51:00,NFO,2023-10-05,56.85,54.6,56.1,10979700,Options,Put,NIFTY,19600.0,558700
54.95,2023-09-29 12:52:00,NFO,2023-10-05,55.65,54.3,55.45,10979700,Options,Put,NIFTY,19600.0,301900
55.1,2023-09-29 12:53:00,NFO,2023-10-05,56.3,54.8,55.0,11109250,Options,Put,NIFTY,19600.0,292250
52.35,2023-09-29 12:54:00,NFO,2023-10-05,55.15,52.35,54.9,11109250,Options,Put,NIFTY,19600.0,382000
51.55,2023-09-29 12:55:00,NFO,2023-10-05,53.25,51.2,52.5,11109250,Options,Put,NIFTY,19600.0,359900
52.0,2023-09-29 12:56:00,NFO,2023-10-05,52.75,51.5,51.6,11179350,Options,Put,NIFTY,19600.0,302250
51.85,2023-09-29 12:57:00,NFO,2023-10-05,52.3,51.35,52.15,11179350,Options,Put,NIFTY,19600.0,224950
53.45,2023-09-29 12:58:00,NFO,2023-10-05,54.0,51.6,51.85,11179350,Options,Put,NIFTY,19600.0,238550
53.65,2023-09-29 12:59:00,NFO,2023-10-05,54.3,53.45,53.45,11225750,Options,Put,NIFTY,19600.0,247500
52.0,2023-09-29 13:00:00,NFO,2023-10-05,53.9,51.9,53.75,11225750,Options,Put,NIFTY,19600.0,283700
51.55,2023-09-29 13:01:00,NFO,2023-10-05,51.9,50.8,51.8,11225750,Options,Put,NIFTY,19600.0,287750
52.7,2023-09-29 13:02:00,NFO,2023-10-05,53.1,51.2,51.3,11305100,Options,Put,NIFTY,19600.0,166150
51.7,2023-09-29 13:03:00,NFO,2023-10-05,52.8,51.3,52.5,11305100,Options,Put,NIFTY,19600.0,168100
48.3,2023-09-29 13:04:00,NFO,2023-10-05,51.95,48.0,51.75,11305100,Options,Put,NIFTY,19600.0,724050
48.85,2023-09-29 13:05:00,NFO,2023-10-05,49.15,47.3,48.15,11205800,Options,Put,NIFTY,19600.0,625550
50.1,2023-09-29 13:06:00,NFO,2023-10-05,50.2,48.55,48.55,11205800,Options,Put,NIFTY,19600.0,280000
49.55,2023-09-29 13:07:00,NFO,2023-10-05,50.75,49.45,50.05,11205800,Options,Put,NIFTY,19600.0,199200
49.75,2023-09-29 13:08:00,NFO,2023-10-05,50.0,48.8,49.4,11224850,Options,Put,NIFTY,19600.0,176950
50.7,2023-09-29 13:09:00,NFO,2023-10-05,51.25,49.75,49.75,11224850,Options,Put,NIFTY,19600.0,214400
51.15,2023-09-29 13:10:00,NFO,2023-10-05,51.25,50.0,50.6,11224850,Options,Put,NIFTY,19600.0,140500
51.95,2023-09-29 13:11:00,NFO,2023-10-05,52.0,50.85,51.15,11206950,Options,Put,NIFTY,19600.0,248100
53.65,2023-09-29 13:12:00,NFO,2023-10-05,53.95,51.9,52.0,11206950,Options,Put,NIFTY,19600.0,358850
52.45,2023-09-29 13:13:00,NFO,2023-10-05,54.45,52.45,53.55,11206950,Options,Put,NIFTY,19600.0,396750
50.65,2023-09-29 13:14:00,NFO,2023-10-05,52.55,50.65,52.55,11095400,Options,Put,NIFTY,19600.0,275000
51.7,2023-09-29 13:15:00,NFO,2023-10-05,52.4,50.85,50.85,11095400,Options,Put,NIFTY,19600.0,270550
52.6,2023-09-29 13:16:00,NFO,2023-10-05,53.2,51.4,51.95,11095400,Options,Put,NIFTY,19600.0,217250
51.75,2023-09-29 13:17:00,NFO,2023-10-05,52.95,51.4,52.8,11017750,Options,Put,NIFTY,19600.0,130450
51.95,2023-09-29 13:18:00,NFO,2023-10-05,52.65,51.05,51.95,11017750,Options,Put,NIFTY,19600.0,180700
52.0,2023-09-29 13:19:00,NFO,2023-10-05,52.7,51.9,51.9,11017750,Options,Put,NIFTY,19600.0,113950
50.95,2023-09-29 13:20:00,NFO,2023-10-05,52.1,50.7,52.0,10978750,Options,Put,NIFTY,19600.0,312750
52.4,2023-09-29 13:21:00,NFO,2023-10-05,52.45,50.8,50.95,10978750,Options,Put,NIFTY,19600.0,231350
53.95,2023-09-29 13:22:00,NFO,2023-10-05,54.9,52.3,52.8,10978750,Options,Put,NIFTY,19600.0,545100
50.75,2023-09-29 13:23:00,NFO,2023-10-05,53.9,50.55,53.9,10813550,Options,Put,NIFTY,19600.0,448600
51.95,2023-09-29 13:24:00,NFO,2023-10-05,52.95,50.8,50.85,10813550,Options,Put,NIFTY,19600.0,213000
51.3,2023-09-29 13:25:00,NFO,2023-10-05,52.1,50.9,52.1,10813550,Options,Put,NIFTY,19600.0,165050
51.2,2023-09-29 13:26:00,NFO,2023-10-05,51.95,50.05,51.25,10834650,Options,Put,NIFTY,19600.0,262200
49.3,2023-09-29 13:27:00,NFO,2023-10-05,51.5,49.3,51.45,10834650,Options,Put,NIFTY,19600.0,239650
48.85,2023-09-29 13:28:00,NFO,2023-10-05,49.8,48.55,49.4,10834650,Options,Put,NIFTY,19600.0,408400
48.65,2023-09-29 13:29:00,NFO,2023-10-05,49.6,48.5,48.55,11016850,Options,Put,NIFTY,19600.0,215050
46.75,2023-09-29 13:30:00,NFO,2023-10-05,48.75,46.15,48.3,11016850,Options,Put,NIFTY,19600.0,621050
47.8,2023-09-29 13:31:00,NFO,2023-10-05,47.9,46.65,47.6,11016850,Options,Put,NIFTY,19600.0,406250
47.4,2023-09-29 13:32:00,NFO,2023-10-05,48.1,46.5,47.7,10942300,Options,Put,NIFTY,19600.0,284300
47.45,2023-09-29 13:33:00,NFO,2023-10-05,48.45,47.15,47.5,10942300,Options,Put,NIFTY,19600.0,205000
47.9,2023-09-29 13:34:00,NFO,2023-10-05,48.25,46.4,47.6,10942300,Options,Put,NIFTY,19600.0,370100
48.4,2023-09-29 13:35:00,NFO,2023-10-05,48.8,47.5,48.1,10893100,Options,Put,NIFTY,19600.0,282450
45.8,2023-09-29 13:36:00,NFO,2023-10-05,48.45,45.0,48.45,10893100,Options,Put,NIFTY,19600.0,538950
44.15,2023-09-29 13:37:00,NFO,2023-10-05,46.25,43.6,45.7,10893100,Options,Put,NIFTY,19600.0,575800
44.5,2023-09-29 13:38:00,NFO,2023-10-05,44.95,43.75,44.1,10827650,Options,Put,NIFTY,19600.0,428900
45.3,2023-09-29 13:39:00,NFO,2023-10-05,45.85,44.5,44.55,10827650,Options,Put,NIFTY,19600.0,540200
45.2,2023-09-29 13:40:00,NFO,2023-10-05,45.5,44.6,45.25,10827650,Options,Put,NIFTY,19600.0,241250
46.15,2023-09-29 13:41:00,NFO,2023-10-05,46.15,45.2,45.2,10848850,Options,Put,NIFTY,19600.0,336500
46.95,2023-09-29 13:42:00,NFO,2023-10-05,47.5,46.0,46.0,10848850,Options,Put,NIFTY,19600.0,349650
47.8,2023-09-29 13:43:00,NFO,2023-10-05,48.8,46.25,46.95,10848850,Options,Put,NIFTY,19600.0,437000
47.6,2023-09-29 13:44:00,NFO,2023-10-05,48.45,46.9,47.85,10806400,Options,Put,NIFTY,19600.0,300000
46.15,2023-09-29 13:45:00,NFO,2023-10-05,47.65,45.8,47.55,10806400,Options,Put,NIFTY,19600.0,285850
46.8,2023-09-29 13:46:00,NFO,2023-10-05,47.85,45.95,46.2,10806400,Options,Put,NIFTY,19600.0,206100
46.0,2023-09-29 13:47:00,NFO,2023-10-05,46.85,45.9,46.85,10839100,Options,Put,NIFTY,19600.0,231450
45.75,2023-09-29 13:48:00,NFO,2023-10-05,46.35,45.25,45.95,10839100,Options,Put,NIFTY,19600.0,210350
45.1,2023-09-29 13:49:00,NFO,2023-10-05,45.85,44.3,45.45,10839100,Options,Put,NIFTY,19600.0,333100
43.65,2023-09-29 13:50:00,NFO,2023-10-05,45.3,43.6,45.15,10844700,Options,Put,NIFTY,19600.0,289050
43.8,2023-09-29 13:51:00,NFO,2023-10-05,44.25,43.0,43.6,10844700,Options,Put,NIFTY,19600.0,422750
44.3,2023-09-29 13:52:00,NFO,2023-10-05,44.35,43.0,43.8,10844700,Options,Put,NIFTY,19600.0,272200
43.45,2023-09-29 13:53:00,NFO,2023-10-05,44.65,43.45,44.25,10868000,Options,Put,NIFTY,19600.0,239600
44.1,2023-09-29 13:54:00,NFO,2023-10-05,44.4,43.0,43.45,10868000,Options,Put,NIFTY,19600.0,304800
44.15,2023-09-29 13:55:00,NFO,2023-10-05,45.25,44.0,44.4,10868000,Options,Put,NIFTY,19600.0,246750
43.35,2023-09-29 13:56:00,NFO,2023-10-05,44.5,43.25,44.2,10782700,Options,Put,NIFTY,19600.0,267900
42.65,2023-09-29 13:57:00,NFO,2023-10-05,43.65,41.7,43.3,10782700,Options,Put,NIFTY,19600.0,403650
42.0,2023-09-29 13:58:00,NFO,2023-10-05,42.95,41.75,42.55,10782700,Options,Put,NIFTY,19600.0,373500
42.3,2023-09-29 13:59:00,NFO,2023-10-05,42.5,41.6,41.9,10745000,Options,Put,NIFTY,19600.0,314850
40.3,2023-09-29 14:00:00,NFO,2023-10-05,42.3,39.9,42.2,10745000,Options,Put,NIFTY,19600.0,738000
38.25,2023-09-29 14:01:00,NFO,2023-10-05,40.55,38.0,40.3,10745000,Options,Put,NIFTY,19600.0,660900
38.3,2023-09-29 14:02:00,NFO,2023-10-05,39.35,37.9,38.05,10596600,Options,Put,NIFTY,19600.0,555750
38.2,2023-09-29 14:03:00,NFO,2023-10-05,38.5,38.05,38.1,10596600,Options,Put,NIFTY,19600.0,521400
39.2,2023-09-29 14:04:00,NFO,2023-10-05,39.25,38.4,38.4,10596600,Options,Put,NIFTY,19600.0,418600
38.6,2023-09-29 14:05:00,NFO,2023-10-05,39.3,38.5,39.2,10640950,Options,Put,NIFTY,19600.0,285100
38.6,2023-09-29 14:06:00,NFO,2023-10-05,39.1,38.4,38.6,10640950,Options,Put,NIFTY,19600.0,274500
38.95,2023-09-29 14:07:00,NFO,2023-10-05,39.05,37.75,38.8,10640950,Options,Put,NIFTY,19600.0,326500
39.4,2023-09-29 14:08:00,NFO,2023-10-05,39.75,38.7,38.8,10758100,Options,Put,NIFTY,19600.0,364850
39.0,2023-09-29 14:09:00,NFO,2023-10-05,39.9,38.85,39.5,10758100,Options,Put,NIFTY,19600.0,309800
38.1,2023-09-29 14:10:00,NFO,2023-10-05,39.1,38.1,38.95,10758100,Options,Put,NIFTY,19600.0,231350
37.65,2023-09-29 14:11:00,NFO,2023-10-05,38.35,37.35,38.15,10791750,Options,Put,NIFTY,19600.0,261200
37.8,2023-09-29 14:12:00,NFO,2023-10-05,38.45,37.25,37.6,10791750,Options,Put,NIFTY,19600.0,172800
37.95,2023-09-29 14:13:00,NFO,2023-10-05,38.1,37.25,37.8,10791750,Options,Put,NIFTY,19600.0,316650
38.25,2023-09-29 14:14:00,NFO,2023-10-05,38.4,37.35,37.85,10725450,Options,Put,NIFTY,19600.0,198850
38.35,2023-09-29 14:15:00,NFO,2023-10-05,38.95,37.9,38.3,10725450,Options,Put,NIFTY,19600.0,219400
39.3,2023-09-29 14:16:00,NFO,2023-10-05,39.45,38.3,38.4,10725450,Options,Put,NIFTY,19600.0,230300
38.25,2023-09-29 14:17:00,NFO,2023-10-05,39.5,38.0,39.3,10790300,Options,Put,NIFTY,19600.0,226150
38.65,2023-09-29 14:18:00,NFO,2023-10-05,39.35,38.3,38.3,10790300,Options,Put,NIFTY,19600.0,237350
38.3,2023-09-29 14:19:00,NFO,2023-10-05,38.85,38.0,38.85,10790300,Options,Put,NIFTY,19600.0,163150
38.4,2023-09-29 14:20:00,NFO,2023-10-05,38.9,38.05,38.3,10715450,Options,Put,NIFTY,19600.0,146600
37.6,2023-09-29 14:21:00,NFO,2023-10-05,38.4,37.55,38.35,10715450,Options,Put,NIFTY,19600.0,243750
37.65,2023-09-29 14:22:00,NFO,2023-10-05,38.5,37.55,37.65,10715450,Options,Put,NIFTY,19600.0,183950
37.3,2023-09-29 14:23:00,NFO,2023-10-05,38.1,36.85,37.1,10522000,Options,Put,NIFTY,19600.0,360800
38.35,2023-09-29 14:24:00,NFO,2023-10-05,38.4,37.1,37.2,10522000,Options,Put,NIFTY,19600.0,203750
39.1,2023-09-29 14:25:00,NFO,2023-10-05,39.8,38.3,38.35,10522000,Options,Put,NIFTY,19600.0,435550
39.1,2023-09-29 14:26:00,NFO,2023-10-05,39.45,38.45,39.1,10411050,Options,Put,NIFTY,19600.0,220700
40.4,2023-09-29 14:27:00,NFO,2023-10-05,40.45,39.05,39.15,10411050,Options,Put,NIFTY,19600.0,427450
39.65,2023-09-29 14:28:00,NFO,2023-10-05,40.55,38.65,40.3,10411050,Options,Put,NIFTY,19600.0,410700
38.75,2023-09-29 14:29:00,NFO,2023-10-05,39.85,38.7,39.8,10392650,Options,Put,NIFTY,19600.0,159800
38.4,2023-09-29 14:30:00,NFO,2023-10-05,38.8,37.25,38.8,10392650,Options,Put,NIFTY,19600.0,361650
38.9,2023-09-29 14:31:00,NFO,2023-10-05,39.15,38.0,38.45,10392650,Options,Put,NIFTY,19600.0,195250
37.95,2023-09-29 14:32:00,NFO,2023-10-05,39.0,37.5,38.9,10350300,Options,Put,NIFTY,19600.0,246400
38.45,2023-09-29 14:33:00,NFO,2023-10-05,38.6,37.9,37.95,10350300,Options,Put,NIFTY,19600.0,249550
38.2,2023-09-29 14:34:00,NFO,2023-10-05,38.65,37.45,38.55,10350300,Options,Put,NIFTY,19600.0,303000
37.0,2023-09-29 14:35:00,NFO,2023-10-05,38.15,36.8,38.15,10186700,Options,Put,NIFTY,19600.0,308550
38.4,2023-09-29 14:36:00,NFO,2023-10-05,38.4,36.75,36.9,10186700,Options,Put,NIFTY,19600.0,173100
38.7,2023-09-29 14:37:00,NFO,2023-10-05,38.95,38.0,38.5,10186700,Options,Put,NIFTY,19600.0,262700
37.75,2023-09-29 14:38:00,NFO,2023-10-05,38.95,37.3,38.7,10216500,Options,Put,NIFTY,19600.0,302550
37.6,2023-09-29 14:39:00,NFO,2023-10-05,38.2,37.5,37.8,10216500,Options,Put,NIFTY,19600.0,175550
38.8,2023-09-29 14:40:00,NFO,2023-10-05,38.8,37.6,37.65,10216500,Options,Put,NIFTY,19600.0,230750
38.9,2023-09-29 14:41:00,NFO,2023-10-05,39.2,38.1,38.7,10197700,Options,Put,NIFTY,19600.0,203350
39.35,2023-09-29 14:42:00,NFO,2023-10-05,39.7,38.55,38.9,10197700,Options,Put,NIFTY,19600.0,211050
39.15,2023-09-29 14:43:00,NFO,2023-10-05,39.95,38.9,39.3,10197700,Options,Put,NIFTY,19600.0,260850
40.35,2023-09-29 14:44:00,NFO,2023-10-05,41.2,39.1,39.15,10164050,Options,Put,NIFTY,19600.0,416150
40.9,2023-09-29 14:45:00,NFO,2023-10-05,41.9,40.15,40.5,10164050,Options,Put,NIFTY,19600.0,420550
41.45,2023-09-29 14:46:00,NFO,2023-10-05,41.65,40.2,40.9,10164050,Options,Put,NIFTY,19600.0,337650
41.4,2023-09-29 14:47:00,NFO,2023-10-05,42.0,40.4,41.25,10171950,Options,Put,NIFTY,19600.0,250100
43.7,2023-09-29 14:48:00,NFO,2023-10-05,43.95,41.1,41.15,10171950,Options,Put,NIFTY,19600.0,583600
46.3,2023-09-29 14:49:00,NFO,2023-10-05,46.8,43.5,43.5,10171950,Options,Put,NIFTY,19600.0,823050
44.6,2023-09-29 14:50:00,NFO,2023-10-05,46.65,44.4,46.55,9927050,Options,Put,NIFTY,19600.0,631850
45.3,2023-09-29 14:51:00,NFO,2023-10-05,46.25,44.45,44.7,9927050,Options,Put,NIFTY,19600.0,341950
45.5,2023-09-29 14:52:00,NFO,2023-10-05,45.8,45.05,45.6,9927050,Options,Put,NIFTY,19600.0,182900
46.3,2023-09-29 14:53:00,NFO,2023-10-05,46.65,44.95,45.55,9847950,Options,Put,NIFTY,19600.0,383700
47.75,2023-09-29 14:54:00,NFO,2023-10-05,47.95,45.6,46.2,9847950,Options,Put,NIFTY,19600.0,462700
47.5,2023-09-29 14:55:00,NFO,2023-10-05,49.35,47.25,47.75,9847950,Options,Put,NIFTY,19600.0,803550
44.3,2023-09-29 14:56:00,NFO,2023-10-05,47.75,44.2,47.65,9847950,Options,Put,NIFTY,19600.0,552200
44.35,2023-09-29 14:57:00,NFO,2023-10-05,45.15,42.8,44.2,9720650,Options,Put,NIFTY,19600.0,618100
46.5,2023-09-29 14:58:00,NFO,2023-10-05,46.7,44.1,44.45,9720650,Options,Put,NIFTY,19600.0,358650
45.75,2023-09-29 14:59:00,NFO,2023-10-05,46.8,44.55,46.5,9602300,Options,Put,NIFTY,19600.0,349150
47.3,2023-09-29 15:00:00,NFO,2023-10-05,47.55,45.0,45.75,9602300,Options,Put,NIFTY,19600.0,548450
53.2,2023-09-29 15:01:00,NFO,2023-10-05,53.2,47.4,47.4,9602300,Options,Put,NIFTY,19600.0,1458050
54.8,2023-09-29 15:02:00,NFO,2023-10-05,54.8,51.4,53.3,9092400,Options,Put,NIFTY,19600.0,1158500
56.9,2023-09-29 15:03:00,NFO,2023-10-05,57.65,54.4,54.6,9092400,Options,Put,NIFTY,19600.0,1431350
57.55,2023-09-29 15:04:00,NFO,2023-10-05,57.7,56.1,56.75,9092400,Options,Put,NIFTY,19600.0,916450
54.4,2023-09-29 15:05:00,NFO,2023-10-05,60.0,51.65,58.6,8666750,Options,Put,NIFTY,19600.0,1746800
57.25,2023-09-29 15:06:00,NFO,2023-10-05,57.25,52.55,54.8,8666750,Options,Put,NIFTY,19600.0,721850
62.0,2023-09-29 15:07:00,NFO,2023-10-05,62.0,57.35,58.2,8666750,Options,Put,NIFTY,19600.0,1259000
63.25,2023-09-29 15:08:00,NFO,2023-10-05,65.0,60.65,62.5,8666750,Options,Put,NIFTY,19600.0,2109550
67.65,2023-09-29 15:09:00,NFO,2023-10-05,67.65,62.6,63.8,8338000,Options,Put,NIFTY,19600.0,1760400
72.55,2023-09-29 15:10:00,NFO,2023-10-05,75.1,67.65,67.65,8338000,Options,Put,NIFTY,19600.0,3051200
67.25,2023-09-29 15:11:00,NFO,2023-10-05,74.15,66.15,73.6,8338000,Options,Put,NIFTY,19600.0,1406850
64.8,2023-09-29 15:12:00,NFO,2023-10-05,68.8,62.4,68.65,7577250,Options,Put,NIFTY,19600.0,1055400
65.15,2023-09-29 15:13:00,NFO,2023-10-05,65.75,63.85,65.75,7577250,Options,Put,NIFTY,19600.0,602950
68.8,2023-09-29 15:14:00,NFO,2023-10-05,70.6,65.15,65.15,7577250,Options,Put,NIFTY,19600.0,1173300
69.45,2023-09-29 15:15:00,NFO,2023-10-05,70.6,66.7,68.75,7506550,Options,Put,NIFTY,19600.0,1176800
68.8,2023-09-29 15:16:00,NFO,2023-10-05,69.95,67.35,68.8,7506550,Options,Put,NIFTY,19600.0,703200
68.7,2023-09-29 15:17:00,NFO,2023-10-05,69.4,66.6,68.45,7506550,Options,Put,NIFTY,19600.0,855400
61.35,2023-09-29 15:18:00,NFO,2023-10-05,68.75,59.6,68.65,7332450,Options,Put,NIFTY,19600.0,1564350
57.15,2023-09-29 15:19:00,NFO,2023-10-05,62.1,55.25,61.25,7332450,Options,Put,NIFTY,19600.0,1048300
57.0,2023-09-29 15:20:00,NFO,2023-10-05,57.0,52.5,54.5,7332450,Options,Put,NIFTY,19600.0,1190800
62.9,2023-09-29 15:21:00,NFO,2023-10-05,63.35,56.85,57.05,7213400,Options,Put,NIFTY,19600.0,1288300
67.35,2023-09-29 15:22:00,NFO,2023-10-05,67.35,61.3,62.7,7213400,Options,Put,NIFTY,19600.0,1056150
64.25,2023-09-29 15:23:00,NFO,2023-10-05,67.05,62.85,66.85,7213400,Options,Put,NIFTY,19600.0,995600
66.1,2023-09-29 15:24:00,NFO,2023-10-05,66.8,63.25,63.85,7396700,Options,Put,NIFTY,19600.0,1033900
67.1,2023-09-29 15:25:00,NFO,2023-10-05,67.8,64.55,64.55,7396700,Options,Put,NIFTY,19600.0,1105200
65.2,2023-09-29 15:26:00,NFO,2023-10-05,67.55,65.15,67.0,7396700,Options,Put,NIFTY,19600.0,689700
65.35,2023-09-29 15:27:00,NFO,2023-10-05,65.95,63.95,65.0,7687050,Options,Put,NIFTY,19600.0,657200
58.65,2023-09-29 15:28:00,NFO,2023-10-05,65.9,58.65,65.6,7687050,Options,Put,NIFTY,19600.0,940300
55.65,2023-09-29 15:29:00,NFO,2023-10-05,58.55,55.65,58.3,7687050,Options,Put,NIFTY,19600.0,742400
