close,datetime,exchange_code,expiry_date,high,low,open,open_interest,product_type,right,stock_code,strike_price,volume
190.2,2023-09-29 09:15:00,NFO,2023-10-26,195.55,184.5,184.5,1620900,Options,Call,NIFTY,19800.0,26100
184.85,2023-09-29 09:16:00,NFO,2023-10-26,188.6,184.4,188.6,1620900,Options,Call,NIFTY,19800.0,30650
180.45,2023-09-29 09:17:00,NFO,2023-10-26,185.25,180.0,185.1,1635450,Options,Call,NIFTY,19800.0,15350
175.7,2023-09-29 09:18:00,NFO,2023-10-26,179.3,173.75,179.2,1635450,Options,Call,NIFTY,19800.0,19250
179.05,2023-09-29 09:19:00,NFO,2023-10-26,180.0,175.4,176.0,1635450,Options,Call,NIFTY,19800.0,14800
171.85,2023-09-29 09:20:00,NFO,2023-10-26,179.45,170.2,179.05,1649150,Options,Call,NIFTY,19800.0,52550
173.35,2023-09-29 09:21:00,NFO,2023-10-26,173.9,170.95,171.75,1649150,Options,Call,NIFTY,19800.0,8150
172.85,2023-09-29 09:22:00,NFO,2023-10-26,174.5,172.5,173.35,1649150,Options,Call,NIFTY,19800.0,5000
175.4,2023-09-29 09:23:00,NFO,2023-10-26,175.4,172.85,172.85,1654550,Options,Call,NIFTY,19800.0,7150
172.9,2023-09-29 09:24:00,NFO,2023-10-26,174.9,172.65,174.5,1654550,Options,Call,NIFTY,19800.0,18600
171.6,2023-09-29 09:25:00,NFO,2023-10-26,172.9,167.35,172.9,1654550,Options,Call,NIFTY,19800.0,40850
167.65,2023-09-29 09:26:00,NFO,2023-10-26,172.5,167.5,171.6,1673100,Options,Call,NIFTY,19800.0,24750
164.9,2023-09-29 09:27:00,NFO,2023-10-26,167.95,164.7,167.6,1673100,Options,Call,NIFTY,19800.0,14850
165.85,2023-09-29 09:28:00,NFO,2023-10-26,165.85,163.8,164.9,1673100,Options,Call,NIFTY,19800.0,14350
165.8,2023-09-29 09:29:00,NFO,2023-10-26,166.65,164.7,166.45,1685300,Options,Call,NIFTY,19800.0,16700
164.75,2023-09-29 09:30:00,NFO,2023-10-26,167.4,163.8,165.65,1685300,Options,Call,NIFTY,19800.0,39900
164.15,2023-09-29 09:31:00,NFO,2023-10-26,164.75,162.9,164.25,1685300,Options,Call,NIFTY,19800.0,17700
163.55,2023-09-29 09:32:00,NFO,2023-10-26,166.05,163.55,164.15,1715050,Options,Call,NIFTY,19800.0,9800
162.25,2023-09-29 09:33:00,NFO,2023-10-26,165.6,159.7,164.5,1715050,Options,Call,NIFTY,19800.0,13600
165.0,2023-09-29 09:34:00,NFO,2023-10-26,165.15,161.35,162.25,1715050,Options,Call,NIFTY,19800.0,6100
164.45,2023-09-29 09:35:00,NFO,2023-10-26,165.85,161.85,165.0,1722700,Options,Call,NIFTY,19800.0,8850
162.95,2023-09-29 09:36:00,NFO,2023-10-26,165.2,162.9,164.45,1722700,Options,Call,NIFTY,19800.0,9450
163.95,2023-09-29 09:37:00,NFO,2023-10-26,164.5,162.95,162.95,1722700,Options,Call,NIFTY,19800.0,7800
163.6,2023-09-29 09:38:00,NFO,2023-10-26,165.15,162.4,163.95,1730950,Options,Call,NIFTY,19800.0,15850
164.6,2023-09-29 09:39:00,NFO,2023-10-26,165.05,163.55,163.6,1730950,Options,Call,NIFTY,19800.0,8150
166.75,2023-09-29 09:40:00,NFO,2023-10-26,167.4,163.6,164.6,1730950,Options,Call,NIFTY,19800.0,14300
168.3,2023-09-29 09:41:00,NFO,2023-10-26,169.3,166.25,166.95,1744900,Options,Call,NIFTY,19800.0,12000
167.5,2023-09-29 09:42:00,NFO,2023-10-26,169.7,166.8,168.7,1744900,Options,Call,NIFTY,19800.0,10500
165.0,2023-09-29 09:43:00,NFO,2023-10-26,168.0,165.0,167.5,1744900,Options,Call,NIFTY,19800.0,16400
169.75,2023-09-29 09:44:00,NFO,2023-10-26,170.2,165.0,165.0,1743050,Options,Call,NIFTY,19800.0,6800
172.8,2023-09-29 09:45:00,NFO,2023-10-26,172.9,169.55,170.0,1743050,Options,Call,NIFTY,19800.0,16300
172.55,2023-09-29 09:46:00,NFO,2023-10-26,173.95,170.85,173.95,1743050,Options,Call,NIFTY,19800.0,9450
173.15,2023-09-29 09:47:00,NFO,2023-10-26,174.55,172.45,172.45,1743950,Options,Call,NIFTY,19800.0,6650
173.45,2023-09-29 09:48:00,NFO,2023-10-26,174.25,172.4,173.15,1743950,Options,Call,NIFTY,19800.0,9050
173.85,2023-09-29 09:49:00,NFO,2023-10-26,174.95,173.4,173.45,1743950,Options,Call,NIFTY,19800.0,9050
174.95,2023-09-29 09:50:00,NFO,2023-10-26,175.0,173.15,173.85,1748600,Options,Call,NIFTY,19800.0,20800
173.45,2023-09-29 09:51:00,NFO,2023-10-26,174.9,172.1,174.5,1748600,Options,Call,NIFTY,19800.0,25700
173.05,2023-09-29 09:52:00,NFO,2023-10-26,173.9,172.85,173.45,1748600,Options,Call,NIFTY,19800.0,8150
175.0,2023-09-29 09:53:00,NFO,2023-10-26,175.0,172.55,173.05,1752950,Options,Call,NIFTY,19800.0,4850
174.75,2023-09-29 09:54:00,NFO,2023-10-26,175.2,173.3,174.9,1752950,Options,Call,NIFTY,19800.0,5300
173.2,2023-09-29 09:55:00,NFO,2023-10-26,175.25,172.25,174.75,1752950,Options,Call,NIFTY,19800.0,16450
172.95,2023-09-29 09:56:00,NFO,2023-10-26,173.7,171.4,172.55,1742250,Options,Call,NIFTY,19800.0,6550
170.15,2023-09-29 09:57:00,NFO,2023-10-26,172.95,169.6,172.95,1742250,Options,Call,NIFTY,19800.0,9150
171.2,2023-09-29 09:58:00,NFO,2023-10-26,171.2,169.6,170.15,1742250,Options,Call,NIFTY,19800.0,9950
169.65,2023-09-29 09:59:00,NFO,2023-10-26,170.75,168.85,170.75,1741150,Options,Call,NIFTY,19800.0,2300
169.15,2023-09-29 10:00:00,NFO,2023-10-26,169.65,166.6,169.65,1741150,Options,Call,NIFTY,19800.0,4150
172.9,2023-09-29 10:01:00,NFO,2023-10-26,173.45,169.15,169.15,1741150,Options,Call,NIFTY,19800.0,3300
174.0,2023-09-29 10:02:00,NFO,2023-10-26,175.25,172.8,172.9,1744900,Options,Call,NIFTY,19800.0,8550
177.05,2023-09-29 10:03:00,NFO,2023-10-26,177.95,174.0,174.0,1744900,Options,Call,NIFTY,19800.0,7350
178.6,2023-09-29 10:04:00,NFO,2023-10-26,179.3,176.0,176.95,1744900,Options,Call,NIFTY,19800.0,24000
180.85,2023-09-29 10:05:00,NFO,2023-10-26,181.0,178.3,179.0,1728050,Options,Call,NIFTY,19800.0,14400
181.1,2023-09-29 10:06:00,NFO,2023-10-26,182.0,180.1,180.75,1728050,Options,Call,NIFTY,19800.0,11150
178.45,2023-09-29 10:07:00,NFO,2023-10-26,182.0,178.45,181.6,1728050,Options,Call,NIFTY,19800.0,17500
178.45,2023-09-29 10:08:00,NFO,2023-10-26,179.85,178.45,178.6,1732300,Options,Call,NIFTY,19800.0,8550
177.7,2023-09-29 10:09:00,NFO,2023-10-26,178.35,176.4,177.7,1732300,Options,Call,NIFTY,19800.0,14800
177.1,2023-09-29 10:10:00,NFO,2023-10-26,177.95,174.35,177.7,1732300,Options,Call,NIFTY,19800.0,13100
177.55,2023-09-29 10:11:00,NFO,2023-10-26,178.05,175.9,177.1,1742550,Options,Call,NIFTY,19800.0,7950
174.85,2023-09-29 10:12:00,NFO,2023-10-26,177.7,173.35,177.2,1742550,Options,Call,NIFTY,19800.0,6900
174.8,2023-09-29 10:13:00,NFO,2023-10-26,175.55,173.2,175.15,1742550,Options,Call,NIFTY,19800.0,5750
175.5,2023-09-29 10:14:00,NFO,2023-10-26,175.55,173.95,174.4,1755450,Options,Call,NIFTY,19800.0,5500
177.65,2023-09-29 10:15:00,NFO,2023-10-26,178.4,175.35,175.35,1755450,Options,Call,NIFTY,19800.0,7400
179.95,2023-09-29 10:16:00,NFO,2023-10-26,180.45,177.7,177.7,1755450,Options,Call,NIFTY,19800.0,5250
179.6,2023-09-29 10:17:00,NFO,2023-10-26,180.5,178.85,179.85,1760750,Options,Call,NIFTY,19800.0,3950
178.55,2023-09-29 10:18:00,NFO,2023-10-26,180.2,178.4,179.65,1760750,Options,Call,NIFTY,19800.0,4500
178.7,2023-09-29 10:19:00,NFO,2023-10-26,179.05,177.4,178.8,1760750,Options,Call,NIFTY,19800.0,3400
178.75,2023-09-29 10:20:00,NFO,2023-10-26,179.85,176.75,178.3,1760500,Options,Call,NIFTY,19800.0,12400
178.6,2023-09-29 10:21:00,NFO,2023-10-26,180.0,178.0,178.75,1760500,Options,Call,NIFTY,19800.0,2500
178.25,2023-09-29 10:22:00,NFO,2023-10-26,179.45,178.1,178.6,1760500,Options,Call,NIFTY,19800.0,3900
175.6,2023-09-29 10:23:00,NFO,2023-10-26,178.4,174.95,178.3,1764900,Options,Call,NIFTY,19800.0,7200
176.55,2023-09-29 10:24:00,NFO,2023-10-26,178.2,175.6,175.6,1764900,Options,Call,NIFTY,19800.0,5050
172.85,2023-09-29 10:25:00,NFO,2023-10-26,176.55,167.8,176.55,1764900,Options,Call,NIFTY,19800.0,9800
173.5,2023-09-29 10:26:00,NFO,2023-10-26,175.05,171.95,173.0,1772500,Options,Call,NIFTY,19800.0,4400
175.15,2023-09-29 10:27:00,NFO,2023-10-26,176.15,173.5,173.5,1772500,Options,Call,NIFTY,19800.0,2650
174.5,2023-09-29 10:28:00,NFO,2023-10-26,176.8,174.5,174.95,1772500,Options,Call,NIFTY,19800.0,11900
172.0,2023-09-29 10:29:00,NFO,2023-10-26,174.5,172.0,174.5,1775200,Options,Call,NIFTY,19800.0,6850
171.6,2023-09-29 10:30:00,NFO,2023-10-26,173.65,171.6,172.0,1775200,Options,Call,NIFTY,19800.0,5200
172.7,2023-09-29 10:31:00,NFO,2023-10-26,173.6,171.6,171.6,1775200,Options,Call,NIFTY,19800.0,3200
173.35,2023-09-29 10:32:00,NFO,2023-10-26,173.8,172.7,172.7,1776600,Options,Call,NIFTY,19800.0,1600
172.95,2023-09-29 10:33:00,NFO,2023-10-26,175.0,172.75,173.35,1776600,Options,Call,NIFTY,19800.0,1900
174.5,2023-09-29 10:34:00,NFO,2023-10-26,174.85,172.95,172.95,1776600,Options,Call,NIFTY,19800.0,3600
175.9,2023-09-29 10:35:00,NFO,2023-10-26,176.0,174.25,174.5,1777100,Options,Call,NIFTY,19800.0,4850
174.55,2023-09-29 10:36:00,NFO,2023-10-26,176.0,174.15,176.0,1777100,Options,Call,NIFTY,19800.0,1100
177.45,2023-09-29 10:37:00,NFO,2023-10-26,177.55,174.55,174.55,1777100,Options,Call,NIFTY,19800.0,4600
177.4,2023-09-29 10:38:00,NFO,2023-10-26,179.0,177.0,177.45,1774600,Options,Call,NIFTY,19800.0,8350
173.95,2023-09-29 10:39:00,NFO,2023-10-26,177.4,172.9,177.4,1774600,Options,Call,NIFTY,19800.0,2050
172.05,2023-09-29 10:40:00,NFO,2023-10-26,172.8,170.15,172.0,1774600,Options,Call,NIFTY,19800.0,9300
172.55,2023-09-29 10:41:00,NFO,2023-10-26,173.15,170.65,172.05,1770250,Options,Call,NIFTY,19800.0,5900
171.1,2023-09-29 10:42:00,NFO,2023-10-26,173.2,170.85,172.55,1770250,Options,Call,NIFTY,19800.0,2250
171.0,2023-09-29 10:43:00,NFO,2023-10-26,172.8,171.0,171.1,1770250,Options,Call,NIFTY,19800.0,3600
170.7,2023-09-29 10:44:00,NFO,2023-10-26,172.15,170.45,171.0,1771450,Options,Call,NIFTY,19800.0,2800
169.35,2023-09-29 10:45:00,NFO,2023-10-26,171.6,168.55,171.05,1771450,Options,Call,NIFTY,19800.0,4850
170.9,2023-09-29 10:46:00,NFO,2023-10-26,171.1,169.3,170.0,1771450,Options,Call,NIFTY,19800.0,2950
169.45,2023-09-29 10:47:00,NFO,2023-10-26,171.55,169.3,170.9,1769900,Options,Call,NIFTY,19800.0,3000
171.7,2023-09-29 10:48:00,NFO,2023-10-26,173.5,169.15,169.45,1769900,Options,Call,NIFTY,19800.0,3900
171.35,2023-09-29 10:49:00,NFO,2023-10-26,173.25,171.0,171.7,1769900,Options,Call,NIFTY,19800.0,8550
171.5,2023-09-29 10:50:00,NFO,2023-10-26,172.5,170.5,171.4,1769550,Options,Call,NIFTY,19800.0,6200
166.15,2023-09-29 10:51:00,NFO,2023-10-26,171.6,166.0,171.6,1769550,Options,Call,NIFTY,19800.0,7500
164.0,2023-09-29 10:52:00,NFO,2023-10-26,167.75,164.0,167.0,1769550,Options,Call,NIFTY,19800.0,9550
166.45,2023-09-29 10:53:00,NFO,2023-10-26,167.15,164.05,164.5,1769050,Options,Call,NIFTY,19800.0,14250
166.6,2023-09-29 10:54:00,NFO,2023-10-26,168.4,165.5,165.5,1769050,Options,Call,NIFTY,19800.0,4150
166.05,2023-09-29 10:55:00,NFO,2023-10-26,167.7,165.85,166.8,1769050,Options,Call,NIFTY,19800.0,4750
166.7,2023-09-29 10:56:00,NFO,2023-10-26,167.0,165.7,166.35,1772050,Options,Call,NIFTY,19800.0,3050
166.3,2023-09-29 10:57:00,NFO,2023-10-26,166.95,165.1,166.7,1772050,Options,Call,NIFTY,19800.0,2500
166.45,2023-09-29 10:58:00,NFO,2023-10-26,166.65,165.25,166.5,1772050,Options,Call,NIFTY,19800.0,3300
167.7,2023-09-29 10:59:00,NFO,2023-10-26,167.7,166.45,166.45,1769650,Options,Call,NIFTY,19800.0,1300
166.75,2023-09-29 11:00:00,NFO,2023-10-26,167.7,165.15,167.7,1769650,Options,Call,NIFTY,19800.0,5100
170.0,2023-09-29 11:01:00,NFO,2023-10-26,170.0,166.65,166.75,1769650,Options,Call,NIFTY,19800.0,16300
169.6,2023-09-29 11:02:00,NFO,2023-10-26,172.85,169.6,170.85,1774350,Options,Call,NIFTY,19800.0,12450
170.8,2023-09-29 11:03:00,NFO,2023-10-26,171.95,170.1,170.1,1774350,Options,Call,NIFTY,19800.0,3550
167.25,2023-09-29 11:04:00,NFO,2023-10-26,170.8,167.25,170.8,1774350,Options,Call,NIFTY,19800.0,2950
168.7,2023-09-29 11:05:00,NFO,2023-10-26,168.75,166.45,167.25,1771200,Options,Call,NIFTY,19800.0,5000
167.45,2023-09-29 11:06:00,NFO,2023-10-26,168.7,167.45,168.7,1771200,Options,Call,NIFTY,19800.0,450
167.85,2023-09-29 11:07:00,NFO,2023-10-26,169.15,167.45,167.45,1771200,Options,Call,NIFTY,19800.0,3900
168.65,2023-09-29 11:08:00,NFO,2023-10-26,169.05,167.85,167.85,1767400,Options,Call,NIFTY,19800.0,2800
169.9,2023-09-29 11:09:00,NFO,2023-10-26,170.35,168.55,168.65,1767400,Options,Call,NIFTY,19800.0,2000
171.7,2023-09-29 11:10:00,NFO,2023-10-26,171.75,169.85,169.85,1767400,Options,Call,NIFTY,19800.0,6950
177.75,2023-09-29 11:11:00,NFO,2023-10-26,178.7,171.05,171.45,1768500,Options,Call,NIFTY,19800.0,10900
179.55,2023-09-29 11:12:00,NFO,2023-10-26,180.4,176.6,178.5,1768500,Options,Call,NIFTY,19800.0,15100
179.25,2023-09-29 11:13:00,NFO,2023-10-26,180.3,178.4,179.55,1768500,Options,Call,NIFTY,19800.0,6700
179.45,2023-09-29 11:14:00,NFO,2023-10-26,180.0,178.55,179.25,1756100,Options,Call,NIFTY,19800.0,17000
179.5,2023-09-29 11:15:00,NFO,2023-10-26,180.4,179.3,180.0,1756100,Options,Call,NIFTY,19800.0,6000
179.45,2023-09-29 11:16:00,NFO,2023-10-26,180.3,178.75,179.5,1756100,Options,Call,NIFTY,19800.0,4500
178.55,2023-09-29 11:17:00,NFO,2023-10-26,179.7,178.5,179.45,1751150,Options,Call,NIFTY,19800.0,6200
178.45,2023-09-29 11:18:00,NFO,2023-10-26,179.0,177.0,178.5,1751150,Options,Call,NIFTY,19800.0,3850
179.15,2023-09-29 11:19:00,NFO,2023-10-26,179.25,177.45,178.45,1751150,Options,Call,NIFTY,19800.0,4500
181.05,2023-09-29 11:20:00,NFO,2023-10-26,181.05,179.15,179.15,1747850,Options,Call,NIFTY,19800.0,3800
181.5,2023-09-29 11:21:00,NFO,2023-10-26,182.4,179.7,181.05,1747850,Options,Call,NIFTY,19800.0,20850
179.45,2023-09-29 11:22:00,NFO,2023-10-26,181.65,178.0,181.5,1747850,Options,Call,NIFTY,19800.0,8700
180.55,2023-09-29 11:23:00,NFO,2023-10-26,180.8,179.6,179.6,1735000,Options,Call,NIFTY,19800.0,900
183.55,2023-09-29 11:24:00,NFO,2023-10-26,184.0,180.55,180.55,1735000,Options,Call,NIFTY,19800.0,6550
182.75,2023-09-29 11:25:00,NFO,2023-10-26,183.5,181.25,182.3,1735000,Options,Call,NIFTY,19800.0,3500
181.0,2023-09-29 11:26:00,NFO,2023-10-26,182.35,181.0,181.95,1729750,Options,Call,NIFTY,19800.0,3700
181.6,2023-09-29 11:27:00,NFO,2023-10-26,182.55,181.0,181.0,1729750,Options,Call,NIFTY,19800.0,3500
182.65,2023-09-29 11:28:00,NFO,2023-10-26,182.65,181.5,181.6,1729750,Options,Call,NIFTY,19800.0,1950
181.4,2023-09-29 11:29:00,NFO,2023-10-26,182.65,181.25,182.65,1729750,Options,Call,NIFTY,19800.0,4250
182.35,2023-09-29 11:30:00,NFO,2023-10-26,182.4,181.3,181.45,1729750,Options,Call,NIFTY,19800.0,3750
187.1,2023-09-29 11:31:00,NFO,2023-10-26,187.6,182.35,182.35,1729750,Options,Call,NIFTY,19800.0,13950
188.25,2023-09-29 11:32:00,NFO,2023-10-26,188.6,186.45,187.15,1726150,Options,Call,NIFTY,19800.0,4650
191.2,2023-09-29 11:33:00,NFO,2023-10-26,192.5,189.0,189.0,1726150,Options,Call,NIFTY,19800.0,17400
191.25,2023-09-29 11:34:00,NFO,2023-10-26,191.8,190.5,191.2,1726150,Options,Call,NIFTY,19800.0,2450
192.5,2023-09-29 11:35:00,NFO,2023-10-26,193.6,191.2,191.8,1720950,Options,Call,NIFTY,19800.0,9950
194.75,2023-09-29 11:36:00,NFO,2023-10-26,194.75,191.2,192.5,1720950,Options,Call,NIFTY,19800.0,13300
195.0,2023-09-29 11:37:00,NFO,2023-10-26,195.0,192.95,194.75,1720950,Options,Call,NIFTY,19800.0,9750
199.35,2023-09-29 11:38:00,NFO,2023-10-26,199.35,194.65,195.0,1711000,Options,Call,NIFTY,19800.0,15450
204.0,2023-09-29 11:39:00,NFO,2023-10-26,204.9,199.35,199.35,1711000,Options,Call,NIFTY,19800.0,18700
204.0,2023-09-29 11:40:00,NFO,2023-10-26,204.5,200.4,204.0,1711000,Options,Call,NIFTY,19800.0,10700
204.8,2023-09-29 11:41:00,NFO,2023-10-26,205.5,203.2,204.0,1703500,Options,Call,NIFTY,19800.0,12350
210.4,2023-09-29 11:42:00,NFO,2023-10-26,210.85,205.2,205.35,1703500,Options,Call,NIFTY,19800.0,15400
211.5,2023-09-29 11:43:00,NFO,2023-10-26,213.6,209.95,210.4,1703500,Options,Call,NIFTY,19800.0,16050
211.3,2023-09-29 11:44:00,NFO,2023-10-26,213.25,210.6,212.0,1690850,Options,Call,NIFTY,19800.0,14100
212.9,2023-09-29 11:45:00,NFO,2023-10-26,213.25,210.85,210.85,1690850,Options,Call,NIFTY,19800.0,15400
210.85,2023-09-29 11:46:00,NFO,2023-10-26,214.0,210.25,213.35,1690850,Options,Call,NIFTY,19800.0,12400
208.5,2023-09-29 11:47:00,NFO,2023-10-26,211.55,208.05,210.15,1682200,Options,Call,NIFTY,19800.0,11650
208.1,2023-09-29 11:48:00,NFO,2023-10-26,209.45,207.75,208.5,1682200,Options,Call,NIFTY,19800.0,6850
206.35,2023-09-29 11:49:00,NFO,2023-10-26,208.1,203.55,208.1,1682200,Options,Call,NIFTY,19800.0,6800
206.7,2023-09-29 11:50:00,NFO,2023-10-26,208.6,206.35,206.35,1676300,Options,Call,NIFTY,19800.0,3950
207.55,2023-09-29 11:51:00,NFO,2023-10-26,209.1,206.7,206.7,1676300,Options,Call,NIFTY,19800.0,6900
206.45,2023-09-29 11:52:00,NFO,2023-10-26,208.2,205.4,207.55,1676300,Options,Call,NIFTY,19800.0,5650
204.75,2023-09-29 11:53:00,NFO,2023-10-26,206.25,204.75,206.15,1675550,Options,Call,NIFTY,19800.0,2800
201.75,2023-09-29 11:54:00,NFO,2023-10-26,204.8,200.45,204.75,1675550,Options,Call,NIFTY,19800.0,11400
201.0,2023-09-29 11:55:00,NFO,2023-10-26,202.3,200.8,201.75,1675550,Options,Call,NIFTY,19800.0,6400
205.0,2023-09-29 11:56:00,NFO,2023-10-26,205.25,201.0,201.0,1671000,Options,Call,NIFTY,19800.0,8900
206.8,2023-09-29 11:57:00,NFO,2023-10-26,207.8,205.0,205.0,1671000,Options,Call,NIFTY,19800.0,8700
206.55,2023-09-29 11:58:00,NFO,2023-10-26,208.35,206.55,206.8,1671000,Options,Call,NIFTY,19800.0,7900
205.25,2023-09-29 11:59:00,NFO,2023-10-26,206.55,203.35,206.55,1668050,Options,Call,NIFTY,19800.0,4350
205.85,2023-09-29 12:00:00,NFO,2023-10-26,206.25,204.6,205.75,1668050,Options,Call,NIFTY,19800.0,14050
207.35,2023-09-29 12:01:00,NFO,2023-10-26,207.5,205.45,205.85,1668050,Options,Call,NIFTY,19800.0,5200
205.5,2023-09-29 12:02:00,NFO,2023-10-26,207.35,204.05,207.35,1666750,Options,Call,NIFTY,19800.0,6250
205.75,2023-09-29 12:03:00,NFO,2023-10-26,206.4,204.85,206.15,1666750,Options,Call,NIFTY,19800.0,8000
205.05,2023-09-29 12:04:00,NFO,2023-10-26,206.0,203.5,206.0,1666750,Options,Call,NIFTY,19800.0,2050
205.8,2023-09-29 12:05:00,NFO,2023-10-26,206.9,203.85,205.05,1668400,Options,Call,NIFTY,19800.0,5650
205.35,2023-09-29 12:06:00,NFO,2023-10-26,205.85,204.0,205.7,1668400,Options,Call,NIFTY,19800.0,3400
204.5,2023-09-29 12:07:00,NFO,2023-10-26,206.0,203.8,205.3,1668400,Options,Call,NIFTY,19800.0,7800
205.5,2023-09-29 12:08:00,NFO,2023-10-26,205.6,204.05,204.5,1666750,Options,Call,NIFTY,19800.0,4600
206.2,2023-09-29 12:09:00,NFO,2023-10-26,207.0,205.0,206.65,1666750,Options,Call,NIFTY,19800.0,6150
205.5,2023-09-29 12:10:00,NFO,2023-10-26,206.9,205.0,206.2,1666750,Options,Call,NIFTY,19800.0,4250
207.0,2023-09-29 12:11:00,NFO,2023-10-26,207.0,205.4,205.5,1661100,Options,Call,NIFTY,19800.0,2250
205.15,2023-09-29 12:12:00,NFO,2023-10-26,207.0,204.9,207.0,1661100,Options,Call,NIFTY,19800.0,8750
203.6,2023-09-29 12:13:00,NFO,2023-10-26,205.45,202.5,205.45,1661100,Options,Call,NIFTY,19800.0,1800
201.0,2023-09-29 12:14:00,NFO,2023-10-26,203.0,199.2,203.0,1659650,Options,Call,NIFTY,19800.0,5200
202.4,2023-09-29 12:15:00,NFO,2023-10-26,202.4,200.8,201.1,1659650,Options,Call,NIFTY,19800.0,3800
207.1,2023-09-29 12:16:00,NFO,2023-10-26,207.1,202.4,202.4,1659650,Options,Call,NIFTY,19800.0,6800
205.8,2023-09-29 12:17:00,NFO,2023-10-26,208.0,204.85,207.1,1663350,Options,Call,NIFTY,19800.0,7850
201.95,2023-09-29 12:18:00,NFO,2023-10-26,205.8,201.95,205.8,1663350,Options,Call,NIFTY,19800.0,1900
201.25,2023-09-29 12:19:00,NFO,2023-10-26,202.05,201.0,201.95,1663350,Options,Call,NIFTY,19800.0,4200
204.05,2023-09-29 12:20:00,NFO,2023-10-26,204.4,201.25,201.25,1663850,Options,Call,NIFTY,19800.0,2450
203.1,2023-09-29 12:21:00,NFO,2023-10-26,204.05,202.85,204.05,1663850,Options,Call,NIFTY,19800.0,2950
206.05,2023-09-29 12:22:00,NFO,2023-10-26,206.05,202.5,203.1,1663850,Options,Call,NIFTY,19800.0,2050
202.4,2023-09-29 12:23:00,NFO,2023-10-26,206.75,202.35,206.05,1663550,Options,Call,NIFTY,19800.0,1700
202.65,2023-09-29 12:24:00,NFO,2023-10-26,203.5,202.2,202.4,1663550,Options,Call,NIFTY,19800.0,1150
204.1,2023-09-29 12:25:00,NFO,2023-10-26,204.1,202.65,202.65,1663550,Options,Call,NIFTY,19800.0,550
205.05,2023-09-29 12:26:00,NFO,2023-10-26,205.4,204.1,204.1,1663850,Options,Call,NIFTY,19800.0,5200
205.9,2023-09-29 12:27:00,NFO,2023-10-26,206.0,205.0,205.05,1663850,Options,Call,NIFTY,19800.0,2950
207.3,2023-09-29 12:28:00,NFO,2023-10-26,207.35,205.9,205.9,1663850,Options,Call,NIFTY,19800.0,6250
207.95,2023-09-29 12:29:00,NFO,2023-10-26,208.5,207.1,207.3,1663750,Options,Call,NIFTY,19800.0,8500
208.0,2023-09-29 12:30:00,NFO,2023-10-26,210.0,207.85,207.95,1663750,Options,Call,NIFTY,19800.0,15400
204.0,2023-09-29 12:31:00,NFO,2023-10-26,206.85,204.0,206.75,1663750,Options,Call,NIFTY,19800.0,5900
204.75,2023-09-29 12:32:00,NFO,2023-10-26,206.45,203.5,204.0,1670300,Options,Call,NIFTY,19800.0,5850
204.15,2023-09-29 12:33:00,NFO,2023-10-26,205.0,204.0,204.75,1670300,Options,Call,NIFTY,19800.0,2000
205.0,2023-09-29 12:34:00,NFO,2023-10-26,205.65,204.15,204.15,1670300,Options,Call,NIFTY,19800.0,1300
207.95,2023-09-29 12:35:00,NFO,2023-10-26,207.95,204.95,205.0,1670000,Options,Call,NIFTY,19800.0,1900
207.6,2023-09-29 12:36:00,NFO,2023-10-26,208.0,206.6,207.95,1670000,Options,Call,NIFTY,19800.0,2550
205.95,2023-09-29 12:37:00,NFO,2023-10-26,207.35,205.95,207.0,1670000,Options,Call,NIFTY,19800.0,2250
204.25,2023-09-29 12:38:00,NFO,2023-10-26,206.0,204.05,205.95,1670600,Options,Call,NIFTY,19800.0,1250
203.5,2023-09-29 12:39:00,NFO,2023-10-26,205.1,203.0,204.25,1670600,Options,Call,NIFTY,19800.0,4350
202.85,2023-09-29 12:40:00,NFO,2023-10-26,204.25,202.1,203.5,1670600,Options,Call,NIFTY,19800.0,4050
199.7,2023-09-29 12:41:00,NFO,2023-10-26,202.95,199.4,202.85,1667700,Options,Call,NIFTY,19800.0,8400
200.9,2023-09-29 12:42:00,NFO,2023-10-26,202.65,199.3,199.7,1667700,Options,Call,NIFTY,19800.0,7550
201.4,2023-09-29 12:43:00,NFO,2023-10-26,202.1,200.9,200.9,1667700,Options,Call,NIFTY,19800.0,4750
202.85,2023-09-29 12:44:00,NFO,2023-10-26,202.85,201.0,201.0,1667700,Options,Call,NIFTY,19800.0,3850
202.45,2023-09-29 12:45:00,NFO,2023-10-26,202.95,201.05,202.95,1665400,Options,Call,NIFTY,19800.0,3600
202.0,2023-09-29 12:46:00,NFO,2023-10-26,202.8,201.6,202.45,1665400,Options,Call,NIFTY,19800.0,1850
201.3,2023-09-29 12:47:00,NFO,2023-10-26,202.0,200.5,202.0,1669650,Options,Call,NIFTY,19800.0,7750
201.55,2023-09-29 12:48:00,NFO,2023-10-26,202.9,201.3,201.3,1669650,Options,Call,NIFTY,19800.0,1300
200.05,2023-09-29 12:49:00,NFO,2023-10-26,202.5,200.05,201.55,1669650,Options,Call,NIFTY,19800.0,1750
195.65,2023-09-29 12:50:00,NFO,2023-10-26,200.55,195.65,200.05,1667600,Options,Call,NIFTY,19800.0,20550
196.0,2023-09-29 12:51:00,NFO,2023-10-26,198.2,194.35,195.65,1667600,Options,Call,NIFTY,19800.0,9000
196.6,2023-09-29 12:52:00,NFO,2023-10-26,197.3,195.7,195.95,1667600,Options,Call,NIFTY,19800.0,9550
196.2,2023-09-29 12:53:00,NFO,2023-10-26,196.65,195.05,196.6,1665050,Options,Call,NIFTY,19800.0,2850
199.15,2023-09-29 12:54:00,NFO,2023-10-26,199.75,196.5,196.6,1665050,Options,Call,NIFTY,19800.0,6600
200.25,2023-09-29 12:55:00,NFO,2023-10-26,200.85,198.75,199.85,1665050,Options,Call,NIFTY,19800.0,3850
199.35,2023-09-29 12:56:00,NFO,2023-10-26,200.15,198.8,200.05,1659800,Options,Call,NIFTY,19800.0,6950
200.5,2023-09-29 12:57:00,NFO,2023-10-26,201.0,199.2,199.35,1659800,Options,Call,NIFTY,19800.0,5300
197.65,2023-09-29 12:58:00,NFO,2023-10-26,200.75,197.1,200.35,1659800,Options,Call,NIFTY,19800.0,9600
196.45,2023-09-29 12:59:00,NFO,2023-10-26,197.95,195.45,197.65,1654350,Options,Call,NIFTY,19800.0,8650
198.7,2023-09-29 13:00:00,NFO,2023-10-26,198.7,196.45,196.45,1654350,Options,Call,NIFTY,19800.0,1600
198.75,2023-09-29 13:01:00,NFO,2023-10-26,200.0,198.7,198.7,1654350,Options,Call,NIFTY,19800.0,3550
198.2,2023-09-29 13:02:00,NFO,2023-10-26,199.4,197.85,198.75,1650100,Options,Call,NIFTY,19800.0,1900
199.8,2023-09-29 13:03:00,NFO,2023-10-26,199.8,198.1,198.2,1650100,Options,Call,NIFTY,19800.0,1650
203.8,2023-09-29 13:04:00,NFO,2023-10-26,203.9,199.7,199.7,1650100,Options,Call,NIFTY,19800.0,11750
203.1,2023-09-29 13:05:00,NFO,2023-10-26,204.25,202.45,203.8,1649500,Options,Call,NIFTY,19800.0,11250
200.9,2023-09-29 13:06:00,NFO,2023-10-26,203.15,200.9,203.1,1649500,Options,Call,NIFTY,19800.0,4250
202.05,2023-09-29 13:07:00,NFO,2023-10-26,202.05,200.6,201.0,1649500,Options,Call,NIFTY,19800.0,3000
201.25,2023-09-29 13:08:00,NFO,2023-10-26,202.25,201.25,202.05,1651800,Options,Call,NIFTY,19800.0,1950
200.55,2023-09-29 13:09:00,NFO,2023-10-26,201.25,199.65,201.25,1651800,Options,Call,NIFTY,19800.0,2400
199.9,2023-09-29 13:10:00,NFO,2023-10-26,201.15,199.9,200.55,1651800,Options,Call,NIFTY,19800.0,900
199.8,2023-09-29 13:11:00,NFO,2023-10-26,200.2,198.8,199.9,1651800,Options,Call,NIFTY,19800.0,1100
196.4,2023-09-29 13:12:00,NFO,2023-10-26,199.8,196.4,199.8,1652350,Options,Call,NIFTY,19800.0,2250
197.35,2023-09-29 13:13:00,NFO,2023-10-26,197.35,196.0,196.45,1652350,Options,Call,NIFTY,19800.0,800
200.0,2023-09-29 13:14:00,NFO,2023-10-26,200.0,197.35,197.35,1652350,Options,Call,NIFTY,19800.0,2200
199.55,2023-09-29 13:15:00,NFO,2023-10-26,199.55,198.25,199.05,1652100,Options,Call,NIFTY,19800.0,1250
198.65,2023-09-29 13:16:00,NFO,2023-10-26,199.55,197.4,199.55,1652100,Options,Call,NIFTY,19800.0,2650
199.1,2023-09-29 13:17:00,NFO,2023-10-26,199.1,197.9,198.65,1652100,Options,Call,NIFTY,19800.0,1600
198.4,2023-09-29 13:18:00,NFO,2023-10-26,199.55,198.4,199.1,1654950,Options,Call,NIFTY,19800.0,1350
198.4,2023-09-29 13:19:00,NFO,2023-10-26,198.4,198.4,198.4,1654950,Options,Call,NIFTY,19800.0,100
199.45,2023-09-29 13:20:00,NFO,2023-10-26,199.45,198.05,198.4,1654100,Options,Call,NIFTY,19800.0,650
198.7,2023-09-29 13:21:00,NFO,2023-10-26,199.9,198.25,199.45,1654100,Options,Call,NIFTY,19800.0,2600
195.35,2023-09-29 13:22:00,NFO,2023-10-26,198.15,194.2,198.0,1654100,Options,Call,NIFTY,19800.0,3000
199.45,2023-09-29 13:23:00,NFO,2023-10-26,199.45,195.35,195.35,1654050,Options,Call,NIFTY,19800.0,1750
198.1,2023-09-29 13:24:00,NFO,2023-10-26,199.45,197.2,199.45,1654050,Options,Call,NIFTY,19800.0,1250
198.85,2023-09-29 13:25:00,NFO,2023-10-26,199.9,198.1,198.1,1654050,Options,Call,NIFTY,19800.0,500
199.45,2023-09-29 13:26:00,NFO,2023-10-26,200.0,198.8,198.85,1654200,Options,Call,NIFTY,19800.0,2400
201.6,2023-09-29 13:27:00,NFO,2023-10-26,201.6,199.05,199.45,1654200,Options,Call,NIFTY,19800.0,5150
203.65,2023-09-29 13:28:00,NFO,2023-10-26,203.65,201.2,201.2,1654200,Options,Call,NIFTY,19800.0,2450
205.0,2023-09-29 13:29:00,NFO,2023-10-26,205.0,202.55,203.65,1656550,Options,Call,NIFTY,19800.0,2900
208.1,2023-09-29 13:30:00,NFO,2023-10-26,208.2,204.2,204.6,1656550,Options,Call,NIFTY,19800.0,14450
206.6,2023-09-29 13:31:00,NFO,2023-10-26,208.0,206.0,206.4,1656550,Options,Call,NIFTY,19800.0,10700
206.95,2023-09-29 13:32:00,NFO,2023-10-26,208.65,206.3,206.5,1656550,Options,Call,NIFTY,19800.0,5850
207.6,2023-09-29 13:33:00,NFO,2023-10-26,208.0,206.15,207.15,1666150,Options,Call,NIFTY,19800.0,3050
206.35,2023-09-29 13:34:00,NFO,2023-10-26,208.8,205.95,207.6,1666150,Options,Call,NIFTY,19800.0,1500
205.5,2023-09-29 13:35:00,NFO,2023-10-26,206.75,205.4,206.35,1666950,Options,Call,NIFTY,19800.0,1400
208.45,2023-09-29 13:36:00,NFO,2023-10-26,210.0,205.5,205.5,1666950,Options,Call,NIFTY,19800.0,5950
211.5,2023-09-29 13:37:00,NFO,2023-10-26,211.5,208.45,208.45,1666950,Options,Call,NIFTY,19800.0,4850
210.8,2023-09-29 13:38:00,NFO,2023-10-26,211.5,209.85,211.0,1666950,Options,Call,NIFTY,19800.0,2350
210.15,2023-09-29 13:39:00,NFO,2023-10-26,210.8,208.6,210.8,1666650,Options,Call,NIFTY,19800.0,4950
210.55,2023-09-29 13:40:00,NFO,2023-10-26,210.85,209.95,210.15,1666650,Options,Call,NIFTY,19800.0,3100
208.3,2023-09-29 13:41:00,NFO,2023-10-26,210.55,208.3,210.55,1667950,Options,Call,NIFTY,19800.0,1050
206.0,2023-09-29 13:42:00,NFO,2023-10-26,208.3,205.5,208.3,1667950,Options,Call,NIFTY,19800.0,1900
203.2,2023-09-29 13:43:00,NFO,2023-10-26,206.65,202.5,206.0,1667950,Options,Call,NIFTY,19800.0,3950
203.15,2023-09-29 13:44:00,NFO,2023-10-26,205.1,202.9,203.75,1669900,Options,Call,NIFTY,19800.0,2300
206.55,2023-09-29 13:45:00,NFO,2023-10-26,207.15,203.95,203.95,1669900,Options,Call,NIFTY,19800.0,5450
205.6,2023-09-29 13:46:00,NFO,2023-10-26,206.95,204.2,206.25,1669900,Options,Call,NIFTY,19800.0,3300
206.6,2023-09-29 13:47:00,NFO,2023-10-26,207.1,205.6,205.6,1670550,Options,Call,NIFTY,19800.0,3750
206.8,2023-09-29 13:48:00,NFO,2023-10-26,208.0,206.35,207.0,1670550,Options,Call,NIFTY,19800.0,2950
208.6,2023-09-29 13:49:00,NFO,2023-10-26,209.1,207.15,207.15,1670550,Options,Call,NIFTY,19800.0,1850
211.4,2023-09-29 13:50:00,NFO,2023-10-26,211.4,208.6,208.6,1671650,Options,Call,NIFTY,19800.0,5450
211.7,2023-09-29 13:51:00,NFO,2023-10-26,212.7,210.8,211.4,1671650,Options,Call,NIFTY,19800.0,9850
211.3,2023-09-29 13:52:00,NFO,2023-10-26,212.5,211.3,211.7,1671650,Options,Call,NIFTY,19800.0,11250
212.55,2023-09-29 13:53:00,NFO,2023-10-26,212.55,210.75,211.3,1673750,Options,Call,NIFTY,19800.0,2950
211.75,2023-09-29 13:54:00,NFO,2023-10-26,213.1,210.75,212.55,1673750,Options,Call,NIFTY,19800.0,4200
211.25,2023-09-29 13:55:00,NFO,2023-10-26,211.35,209.75,211.25,1673750,Options,Call,NIFTY,19800.0,3550
211.95,2023-09-29 13:56:00,NFO,2023-10-26,211.95,210.2,210.6,1673300,Options,Call,NIFTY,19800.0,6100
212.75,2023-09-29 13:57:00,NFO,2023-10-26,213.75,211.65,211.95,1673300,Options,Call,NIFTY,19800.0,4050
214.25,2023-09-29 13:58:00,NFO,2023-10-26,214.65,212.0,212.75,1673300,Options,Call,NIFTY,19800.0,11150
213.85,2023-09-29 13:59:00,NFO,2023-10-26,215.0,213.45,214.25,1670250,Options,Call,NIFTY,19800.0,7650
218.15,2023-09-29 14:00:00,NFO,2023-10-26,218.75,213.2,213.2,1670250,Options,Call,NIFTY,19800.0,16600
221.4,2023-09-29 14:01:00,NFO,2023-10-26,221.4,217.7,218.15,1670250,Options,Call,NIFTY,19800.0,15000
221.25,2023-09-29 14:02:00,NFO,2023-10-26,221.95,218.2,221.3,1666500,Options,Call,NIFTY,19800.0,8600
220.65,2023-09-29 14:03:00,NFO,2023-10-26,221.65,220.15,221.25,1666500,Options,Call,NIFTY,19800.0,10050
218.5,2023-09-29 14:04:00,NFO,2023-10-26,220.35,218.5,220.0,1666500,Options,Call,NIFTY,19800.0,7250
219.9,2023-09-29 14:05:00,NFO,2023-10-26,220.6,218.5,218.5,1659250,Options,Call,NIFTY,19800.0,15150
219.45,2023-09-29 14:06:00,NFO,2023-10-26,220.0,218.4,219.9,1659250,Options,Call,NIFTY,19800.0,6000
219.5,2023-09-29 14:07:00,NFO,2023-10-26,221.0,218.1,219.2,1659250,Options,Call,NIFTY,19800.0,6450
216.2,2023-09-29 14:08:00,NFO,2023-10-26,219.5,216.0,219.5,1656850,Options,Call,NIFTY,19800.0,8200
217.8,2023-09-29 14:09:00,NFO,2023-10-26,218.0,215.85,216.2,1656850,Options,Call,NIFTY,19800.0,5350
219.45,2023-09-29 14:10:00,NFO,2023-10-26,219.45,217.8,217.8,1656850,Options,Call,NIFTY,19800.0,12250
219.9,2023-09-29 14:11:00,NFO,2023-10-26,221.1,219.25,219.45,1656850,Options,Call,NIFTY,19800.0,17200
220.0,2023-09-29 14:12:00,NFO,2023-10-26,221.25,218.85,219.9,1648500,Options,Call,NIFTY,19800.0,2300
221.95,2023-09-29 14:13:00,NFO,2023-10-26,221.95,220.0,220.0,1648500,Options,Call,NIFTY,19800.0,6500
219.7,2023-09-29 14:14:00,NFO,2023-10-26,221.95,219.7,221.95,1648500,Options,Call,NIFTY,19800.0,4450
219.6,2023-09-29 14:15:00,NFO,2023-10-26,220.65,218.7,219.8,1645750,Options,Call,NIFTY,19800.0,3600
218.0,2023-09-29 14:16:00,NFO,2023-10-26,219.6,217.55,219.6,1645750,Options,Call,NIFTY,19800.0,2100
219.0,2023-09-29 14:17:00,NFO,2023-10-26,219.5,217.9,218.0,1641800,Options,Call,NIFTY,19800.0,11150
218.5,2023-09-29 14:18:00,NFO,2023-10-26,219.1,216.7,219.0,1641800,Options,Call,NIFTY,19800.0,5150
219.4,2023-09-29 14:19:00,NFO,2023-10-26,219.85,218.4,218.5,1641800,Options,Call,NIFTY,19800.0,5800
219.0,2023-09-29 14:20:00,NFO,2023-10-26,220.45,218.75,219.3,1642850,Options,Call,NIFTY,19800.0,10500
219.9,2023-09-29 14:21:00,NFO,2023-10-26,219.9,219.0,219.0,1642850,Options,Call,NIFTY,19800.0,2150
219.5,2023-09-29 14:22:00,NFO,2023-10-26,220.0,218.6,219.95,1642850,Options,Call,NIFTY,19800.0,3000
220.05,2023-09-29 14:23:00,NFO,2023-10-26,220.8,219.2,220.2,1638450,Options,Call,NIFTY,19800.0,8000
217.6,2023-09-29 14:24:00,NFO,2023-10-26,220.2,217.6,220.2,1638450,Options,Call,NIFTY,19800.0,2600
214.95,2023-09-29 14:25:00,NFO,2023-10-26,217.6,213.8,217.6,1638450,Options,Call,NIFTY,19800.0,6600
214.65,2023-09-29 14:26:00,NFO,2023-10-26,215.7,213.9,214.95,1638450,Options,Call,NIFTY,19800.0,4100
211.45,2023-09-29 14:27:00,NFO,2023-10-26,214.65,210.85,214.65,1636900,Options,Call,NIFTY,19800.0,3450
213.2,2023-09-29 14:28:00,NFO,2023-10-26,214.4,211.45,211.45,1636900,Options,Call,NIFTY,19800.0,2150
215.0,2023-09-29 14:29:00,NFO,2023-10-26,215.4,212.8,213.2,1636900,Options,Call,NIFTY,19800.0,2200
216.0,2023-09-29 14:30:00,NFO,2023-10-26,217.2,215.2,215.2,1635650,Options,Call,NIFTY,19800.0,3350
215.4,2023-09-29 14:31:00,NFO,2023-10-26,216.15,214.55,216.15,1635650,Options,Call,NIFTY,19800.0,3650
216.75,2023-09-29 14:32:00,NFO,2023-10-26,217.8,215.05,215.4,1637650,Options,Call,NIFTY,19800.0,2450
216.2,2023-09-29 14:33:00,NFO,2023-10-26,217.35,216.2,216.75,1637650,Options,Call,NIFTY,19800.0,7700
216.1,2023-09-29 14:34:00,NFO,2023-10-26,217.9,216.0,216.2,1637650,Options,Call,NIFTY,19800.0,2500
217.35,2023-09-29 14:35:00,NFO,2023-10-26,217.6,216.1,216.1,1637650,Options,Call,NIFTY,19800.0,3400
215.95,2023-09-29 14:36:00,NFO,2023-10-26,217.35,215.65,217.35,1642900,Options,Call,NIFTY,19800.0,1250
214.0,2023-09-29 14:37:00,NFO,2023-10-26,215.95,214.0,215.95,1642900,Options,Call,NIFTY,19800.0,8050
216.65,2023-09-29 14:38:00,NFO,2023-10-26,216.65,214.0,214.0,1642900,Options,Call,NIFTY,19800.0,4600
216.0,2023-09-29 14:39:00,NFO,2023-10-26,216.65,215.25,216.45,1639600,Options,Call,NIFTY,19800.0,4650
215.3,2023-09-29 14:40:00,NFO,2023-10-26,216.15,214.45,216.15,1639600,Options,Call,NIFTY,19800.0,3900
214.0,2023-09-29 14:41:00,NFO,2023-10-26,216.0,213.5,215.3,1639600,Options,Call,NIFTY,19800.0,7150
213.5,2023-09-29 14:42:00,NFO,2023-10-26,215.2,212.6,214.0,1637700,Options,Call,NIFTY,19800.0,7800
212.75,2023-09-29 14:43:00,NFO,2023-10-26,213.5,211.45,213.5,1637700,Options,Call,NIFTY,19800.0,6700
209.85,2023-09-29 14:44:00,NFO,2023-10-26,212.75,208.1,212.75,1637700,Options,Call,NIFTY,19800.0,4300
207.25,2023-09-29 14:45:00,NFO,2023-10-26,209.95,206.2,209.85,1636650,Options,Call,NIFTY,19800.0,16150
206.6,2023-09-29 14:46:00,NFO,2023-10-26,208.05,206.6,207.25,1636650,Options,Call,NIFTY,19800.0,4800
206.9,2023-09-29 14:47:00,NFO,2023-10-26,208.5,206.5,206.85,1636650,Options,Call,NIFTY,19800.0,3000
202.05,2023-09-29 14:48:00,NFO,2023-10-26,207.45,201.65,206.8,1637100,Options,Call,NIFTY,19800.0,7950
198.5,2023-09-29 14:49:00,NFO,2023-10-26,202.45,198.15,202.45,1637100,Options,Call,NIFTY,19800.0,19900
201.05,2023-09-29 14:50:00,NFO,2023-10-26,201.95,198.45,198.45,1637100,Options,Call,NIFTY,19800.0,21150
201.35,2023-09-29 14:51:00,NFO,2023-10-26,201.35,199.95,201.0,1640800,Options,Call,NIFTY,19800.0,4400
201.05,2023-09-29 14:52:00,NFO,2023-10-26,201.55,200.6,201.35,1640800,Options,Call,NIFTY,19800.0,4150
200.0,2023-09-29 14:53:00,NFO,2023-10-26,201.05,198.8,200.9,1640800,Options,Call,NIFTY,19800.0,10550
195.2,2023-09-29 14:54:00,NFO,2023-10-26,200.0,194.65,200.0,1637800,Options,Call,NIFTY,19800.0,14500
196.65,2023-09-29 14:55:00,NFO,2023-10-26,196.65,193.8,195.1,1637800,Options,Call,NIFTY,19800.0,7100
199.95,2023-09-29 14:56:00,NFO,2023-10-26,199.95,196.0,196.65,1637800,Options,Call,NIFTY,19800.0,12750
200.65,2023-09-29 14:57:00,NFO,2023-10-26,201.2,199.4,199.7,1629800,Options,Call,NIFTY,19800.0,12000
199.55,2023-09-29 14:58:00,NFO,2023-10-26,201.55,198.75,201.0,1629800,Options,Call,NIFTY,19800.0,2750
199.6,2023-09-29 14:59:00,NFO,2023-10-26,201.25,198.6,199.0,1629800,Options,Call,NIFTY,19800.0,6600
197.65,2023-09-29 15:00:00,NFO,2023-10-26,200.0,196.4,199.6,1631350,Options,Call,NIFTY,19800.0,5350
188.75,2023-09-29 15:01:00,NFO,2023-10-26,197.65,188.6,197.65,1631350,Options,Call,NIFTY,19800.0,21100
186.35,2023-09-29 15:02:00,NFO,2023-10-26,190.35,186.35,188.0,1631350,Options,Call,NIFTY,19800.0,27650
184.35,2023-09-29 15:03:00,NFO,2023-10-26,187.4,183.35,186.9,1622550,Options,Call,NIFTY,19800.0,24250
181.1,2023-09-29 15:04:00,NFO,2023-10-26,184.55,181.0,184.35,1622550,Options,Call,NIFTY,19800.0,35450
185.35,2023-09-29 15:05:00,NFO,2023-10-26,186.7,179.45,180.95,1622550,Options,Call,NIFTY,19800.0,35300
183.5,2023-09-29 15:06:00,NFO,2023-10-26,187.0,183.5,184.9,1626750,Options,Call,NIFTY,19800.0,19650
178.0,2023-09-29 15:07:00,NFO,2023-10-26,183.15,178.0,182.65,1626750,Options,Call,NIFTY,19800.0,44400
176.4,2023-09-29 15:08:00,NFO,2023-10-26,178.2,175.0,177.95,1626750,Options,Call,NIFTY,19800.0,24850
173.5,2023-09-29 15:09:00,NFO,2023-10-26,177.15,173.5,175.95,1643200,Options,Call,NIFTY,19800.0,34550
172.35,2023-09-29 15:10:00,NFO,2023-10-26,173.55,170.7,173.25,1643200,Options,Call,NIFTY,19800.0,44950
173.7,2023-09-29 15:11:00,NFO,2023-10-26,174.8,171.1,172.35,1643200,Options,Call,NIFTY,19800.0,27700
176.85,2023-09-29 15:12:00,NFO,2023-10-26,178.35,172.85,173.45,1685550,Options,Call,NIFTY,19800.0,24150
177.3,2023-09-29 15:13:00,NFO,2023-10-26,177.85,176.45,177.0,1685550,Options,Call,NIFTY,19800.0,20400
175.1,2023-09-29 15:14:00,NFO,2023-10-26,177.35,174.65,177.35,1685550,Options,Call,NIFTY,19800.0,26200
175.75,2023-09-29 15:15:00,NFO,2023-10-26,176.2,174.95,175.4,1689400,Options,Call,NIFTY,19800.0,10250
175.35,2023-09-29 15:16:00,NFO,2023-10-26,176.05,175.0,175.75,1689400,Options,Call,NIFTY,19800.0,15050
175.3,2023-09-29 15:17:00,NFO,2023-10-26,175.75,175.0,175.05,1689400,Options,Call,NIFTY,19800.0,15700
179.5,2023-09-29 15:18:00,NFO,2023-10-26,180.0,175.05,175.3,1686950,Options,Call,NIFTY,19800.0,16750
182.5,2023-09-29 15:19:00,NFO,2023-10-26,183.9,179.0,179.05,1686950,Options,Call,NIFTY,19800.0,6900
183.4,2023-09-29 15:20:00,NFO,2023-10-26,186.0,182.8,183.2,1686950,Options,Call,NIFTY,19800.0,20350
180.3,2023-09-29 15:21:00,NFO,2023-10-26,183.4,179.75,183.4,1685150,Options,Call,NIFTY,19800.0,8250
175.5,2023-09-29 15:22:00,NFO,2023-10-26,180.2,175.5,180.2,1685150,Options,Call,NIFTY,19800.0,7800
178.1,2023-09-29 15:23:00,NFO,2023-10-26,178.5,175.25,175.25,1685150,Options,Call,NIFTY,19800.0,21050
176.75,2023-09-29 15:24:00,NFO,2023-10-26,178.85,176.55,178.15,1686550,Options,Call,NIFTY,19800.0,16950
176.5,2023-09-29 15:25:00,NFO,2023-10-26,177.9,176.0,177.7,1686550,Options,Call,NIFTY,19800.0,12150
177.95,2023-09-29 15:26:00,NFO,2023-10-26,177.95,176.2,176.5,1686550,Options,Call,NIFTY,19800.0,6900
178.1,2023-09-29 15:27:00,NFO,2023-10-26,178.9,177.45,178.05,1688250,Options,Call,NIFTY,19800.0,27700
179.8,2023-09-29 15:28:00,NFO,2023-10-26,179.8,177.2,178.1,1688250,Options,Call,NIFTY,19800.0,13950
180.1,2023-09-29 15:29:00,NFO,2023-10-26,181.6,179.7,179.95,1688250,Options,Call,NIFTY,19800.0,12750
