close,datetime,exchange_code,expiry_date,high,low,open,open_interest,product_type,right,stock_code,strike_price,volume
522.45,2023-10-19 09:15:00,NFO,2023-11-02,522.45,522.45,522.45,0,Options,Put,NIFTY,20250.0,0
522.45,2023-10-19 09:16:00,NFO,2023-11-02,522.45,522.45,522.45,0,Options,Put,NIFTY,20250.0,0
522.45,2023-10-19 09:17:00,NFO,2023-11-02,522.45,522.45,522.45,0,Options,Put,NIFTY,20250.0,0
522.45,2023-10-19 09:18:00,NFO,2023-11-02,522.45,522.45,522.45,0,Options,Put,NIFTY,20250.0,0
522.45,2023-10-19 09:19:00,NFO,2023-11-02,522.45,522.45,522.45,0,Options,Put,NIFTY,20250.0,0
522.45,2023-10-19 09:20:00,NFO,2023-11-02,522.45,522.45,522.45,0,Options,Put,NIFTY,20250.0,0
522.45,2023-10-19 09:21:00,NFO,2023-11-02,522.45,522.45,522.45,0,Options,Put,NIFTY,20250.0,0
522.45,2023-10-19 09:22:00,NFO,2023-11-02,522.45,522.45,522.45,0,Options,Put,NIFTY,20250.0,0
522.45,2023-10-19 09:23:00,NFO,2023-11-02,522.45,522.45,522.45,0,Options,Put,NIFTY,20250.0,0
522.45,2023-10-19 09:25:00,NFO,2023-11-02,522.45,522.45,522.45,0,Options,Put,NIFTY,20250.0,0
522.45,2023-10-19 09:27:00,NFO,2023-11-02,522.45,522.45,522.45,0,Options,Put,NIFTY,20250.0,0
522.45,2023-10-19 09:28:00,NFO,2023-11-02,522.45,522.45,522.45,0,Options,Put,NIFTY,20250.0,0
522.45,2023-10-19 09:29:00,NFO,2023-11-02,522.45,522.45,522.45,0,Options,Put,NIFTY,20250.0,0
522.45,2023-10-19 09:30:00,NFO,2023-11-02,522.45,522.45,522.45,0,Options,Put,NIFTY,20250.0,0
522.45,2023-10-19 09:31:00,NFO,2023-11-02,522.45,522.45,522.45,0,Options,Put,NIFTY,20250.0,0
522.45,2023-10-19 09:32:00,NFO,2023-11-02,522.45,522.45,522.45,0,Options,Put,NIFTY,20250.0,0
522.45,2023-10-19 09:33:00,NFO,2023-11-02,522.45,522.45,522.45,0,Options,Put,NIFTY,20250.0,0
522.45,2023-10-19 09:34:00,NFO,2023-11-02,522.45,522.45,522.45,0,Options,Put,NIFTY,20250.0,0
522.45,2023-10-19 09:35:00,NFO,2023-11-02,522.45,522.45,522.45,0,Options,Put,NIFTY,20250.0,0
522.45,2023-10-19 09:36:00,NFO,2023-11-02,522.45,522.45,522.45,0,Options,Put,NIFTY,20250.0,0
522.45,2023-10-19 09:37:00,NFO,2023-11-02,522.45,522.45,522.45,0,Options,Put,NIFTY,20250.0,0
522.45,2023-10-19 09:39:00,NFO,2023-11-02,522.45,522.45,522.45,0,Options,Put,NIFTY,20250.0,0
522.45,2023-10-19 09:40:00,NFO,2023-11-02,522.45,522.45,522.45,0,Options,Put,NIFTY,20250.0,0
522.45,2023-10-19 09:41:00,NFO,2023-11-02,522.45,522.45,522.45,0,Options,Put,NIFTY,20250.0,0
522.45,2023-10-19 09:42:00,NFO,2023-11-02,522.45,522.45,522.45,0,Options,Put,NIFTY,20250.0,0
522.45,2023-10-19 09:43:00,NFO,2023-11-02,522.45,522.45,522.45,0,Options,Put,NIFTY,20250.0,0
522.45,2023-10-19 09:44:00,NFO,2023-11-02,522.45,522.45,522.45,0,Options,Put,NIFTY,20250.0,0
522.45,2023-10-19 09:45:00,NFO,2023-11-02,522.45,522.45,522.45,0,Options,Put,NIFTY,20250.0,0
522.45,2023-10-19 09:46:00,NFO,2023-11-02,522.45,522.45,522.45,0,Options,Put,NIFTY,20250.0,0
522.45,2023-10-19 09:47:00,NFO,2023-11-02,522.45,522.45,522.45,0,Options,Put,NIFTY,20250.0,0
522.45,2023-10-19 09:48:00,NFO,2023-11-02,522.45,522.45,522.45,0,Options,Put,NIFTY,20250.0,0
522.45,2023-10-19 09:49:00,NFO,2023-11-02,522.45,522.45,522.45,0,Options,Put,NIFTY,20250.0,0
522.45,2023-10-19 09:50:00,NFO,2023-11-02,522.45,522.45,522.45,0,Options,Put,NIFTY,20250.0,0
522.45,2023-10-19 09:51:00,NFO,2023-11-02,522.45,522.45,522.45,0,Options,Put,NIFTY,20250.0,0
522.45,2023-10-19 09:52:00,NFO,2023-11-02,522.45,522.45,522.45,0,Options,Put,NIFTY,20250.0,0
522.45,2023-10-19 09:53:00,NFO,2023-11-02,522.45,522.45,522.45,0,Options,Put,NIFTY,20250.0,0
522.45,2023-10-19 09:54:00,NFO,2023-11-02,522.45,522.45,522.45,0,Options,Put,NIFTY,20250.0,0
522.45,2023-10-19 09:55:00,NFO,2023-11-02,522.45,522.45,522.45,0,Options,Put,NIFTY,20250.0,0
522.45,2023-10-19 09:56:00,NFO,2023-11-02,522.45,522.45,522.45,0,Options,Put,NIFTY,20250.0,0
522.45,2023-10-19 09:57:00,NFO,2023-11-02,522.45,522.45,522.45,0,Options,Put,NIFTY,20250.0,0
522.45,2023-10-19 09:58:00,NFO,2023-11-02,522.45,522.45,522.45,0,Options,Put,NIFTY,20250.0,0
522.45,2023-10-19 09:59:00,NFO,2023-11-02,522.45,522.45,522.45,0,Options,Put,NIFTY,20250.0,0
522.45,2023-10-19 10:00:00,NFO,2023-11-02,522.45,522.45,522.45,0,Options,Put,NIFTY,20250.0,0
522.45,2023-10-19 10:01:00,NFO,2023-11-02,522.45,522.45,522.45,0,Options,Put,NIFTY,20250.0,0
522.45,2023-10-19 10:02:00,NFO,2023-11-02,522.45,522.45,522.45,0,Options,Put,NIFTY,20250.0,0
522.45,2023-10-19 10:03:00,NFO,2023-11-02,522.45,522.45,522.45,0,Options,Put,NIFTY,20250.0,0
522.45,2023-10-19 10:04:00,NFO,2023-11-02,522.45,522.45,522.45,0,Options,Put,NIFTY,20250.0,0
522.45,2023-10-19 10:05:00,NFO,2023-11-02,522.45,522.45,522.45,0,Options,Put,NIFTY,20250.0,0
522.45,2023-10-19 10:06:00,NFO,2023-11-02,522.45,522.45,522.45,0,Options,Put,NIFTY,20250.0,0
522.45,2023-10-19 10:07:00,NFO,2023-11-02,522.45,522.45,522.45,0,Options,Put,NIFTY,20250.0,0
522.45,2023-10-19 10:08:00,NFO,2023-11-02,522.45,522.45,522.45,0,Options,Put,NIFTY,20250.0,0
522.45,2023-10-19 10:09:00,NFO,2023-11-02,522.45,522.45,522.45,0,Options,Put,NIFTY,20250.0,0
522.45,2023-10-19 10:10:00,NFO,2023-11-02,522.45,522.45,522.45,0,Options,Put,NIFTY,20250.0,0
522.45,2023-10-19 10:11:00,NFO,2023-11-02,522.45,522.45,522.45,0,Options,Put,NIFTY,20250.0,0
522.45,2023-10-19 10:12:00,NFO,2023-11-02,522.45,522.45,522.45,0,Options,Put,NIFTY,20250.0,0
522.45,2023-10-19 10:13:00,NFO,2023-11-02,522.45,522.45,522.45,0,Options,Put,NIFTY,20250.0,0
522.45,2023-10-19 10:14:00,NFO,2023-11-02,522.45,522.45,522.45,0,Options,Put,NIFTY,20250.0,0
522.45,2023-10-19 10:15:00,NFO,2023-11-02,522.45,522.45,522.45,0,Options,Put,NIFTY,20250.0,0
522.45,2023-10-19 10:16:00,NFO,2023-11-02,522.45,522.45,522.45,0,Options,Put,NIFTY,20250.0,0
522.45,2023-10-19 10:17:00,NFO,2023-11-02,522.45,522.45,522.45,0,Options,Put,NIFTY,20250.0,0
522.45,2023-10-19 10:18:00,NFO,2023-11-02,522.45,522.45,522.45,0,Options,Put,NIFTY,20250.0,0
522.45,2023-10-19 10:19:00,NFO,2023-11-02,522.45,522.45,522.45,0,Options,Put,NIFTY,20250.0,0
522.45,2023-10-19 10:20:00,NFO,2023-11-02,522.45,522.45,522.45,0,Options,Put,NIFTY,20250.0,0
522.45,2023-10-19 10:21:00,NFO,2023-11-02,522.45,522.45,522.45,0,Options,Put,NIFTY,20250.0,0
522.45,2023-10-19 10:22:00,NFO,2023-11-02,522.45,522.45,522.45,0,Options,Put,NIFTY,20250.0,0
522.45,2023-10-19 10:23:00,NFO,2023-11-02,522.45,522.45,522.45,0,Options,Put,NIFTY,20250.0,0
522.45,2023-10-19 10:24:00,NFO,2023-11-02,522.45,522.45,522.45,0,Options,Put,NIFTY,20250.0,0
522.45,2023-10-19 10:25:00,NFO,2023-11-02,522.45,522.45,522.45,0,Options,Put,NIFTY,20250.0,0
522.45,2023-10-19 10:26:00,NFO,2023-11-02,522.45,522.45,522.45,0,Options,Put,NIFTY,20250.0,0
522.45,2023-10-19 10:27:00,NFO,2023-11-02,522.45,522.45,522.45,0,Options,Put,NIFTY,20250.0,0
522.45,2023-10-19 10:28:00,NFO,2023-11-02,522.45,522.45,522.45,0,Options,Put,NIFTY,20250.0,0
522.45,2023-10-19 10:29:00,NFO,2023-11-02,522.45,522.45,522.45,0,Options,Put,NIFTY,20250.0,0
522.45,2023-10-19 10:30:00,NFO,2023-11-02,522.45,522.45,522.45,0,Options,Put,NIFTY,20250.0,0
522.45,2023-10-19 10:31:00,NFO,2023-11-02,522.45,522.45,522.45,0,Options,Put,NIFTY,20250.0,0
522.45,2023-10-19 10:32:00,NFO,2023-11-02,522.45,522.45,522.45,0,Options,Put,NIFTY,20250.0,0
522.45,2023-10-19 10:33:00,NFO,2023-11-02,522.45,522.45,522.45,0,Options,Put,NIFTY,20250.0,0
522.45,2023-10-19 10:34:00,NFO,2023-11-02,522.45,522.45,522.45,0,Options,Put,NIFTY,20250.0,0
522.45,2023-10-19 10:35:00,NFO,2023-11-02,522.45,522.45,522.45,0,Options,Put,NIFTY,20250.0,0
522.45,2023-10-19 10:36:00,NFO,2023-11-02,522.45,522.45,522.45,0,Options,Put,NIFTY,20250.0,0
522.45,2023-10-19 10:37:00,NFO,2023-11-02,522.45,522.45,522.45,0,Options,Put,NIFTY,20250.0,0
522.45,2023-10-19 10:38:00,NFO,2023-11-02,522.45,522.45,522.45,0,Options,Put,NIFTY,20250.0,0
522.45,2023-10-19 10:39:00,NFO,2023-11-02,522.45,522.45,522.45,0,Options,Put,NIFTY,20250.0,0
522.45,2023-10-19 10:40:00,NFO,2023-11-02,522.45,522.45,522.45,0,Options,Put,NIFTY,20250.0,0
522.45,2023-10-19 10:41:00,NFO,2023-11-02,522.45,522.45,522.45,0,Options,Put,NIFTY,20250.0,0
522.45,2023-10-19 10:42:00,NFO,2023-11-02,522.45,522.45,522.45,0,Options,Put,NIFTY,20250.0,0
522.45,2023-10-19 10:43:00,NFO,2023-11-02,522.45,522.45,522.45,0,Options,Put,NIFTY,20250.0,0
522.45,2023-10-19 10:44:00,NFO,2023-11-02,522.45,522.45,522.45,0,Options,Put,NIFTY,20250.0,0
522.45,2023-10-19 10:45:00,NFO,2023-11-02,522.45,522.45,522.45,0,Options,Put,NIFTY,20250.0,0
522.45,2023-10-19 10:46:00,NFO,2023-11-02,522.45,522.45,522.45,0,Options,Put,NIFTY,20250.0,0
522.45,2023-10-19 10:47:00,NFO,2023-11-02,522.45,522.45,522.45,0,Options,Put,NIFTY,20250.0,0
522.45,2023-10-19 10:48:00,NFO,2023-11-02,522.45,522.45,522.45,0,Options,Put,NIFTY,20250.0,0
522.45,2023-10-19 10:49:00,NFO,2023-11-02,522.45,522.45,522.45,0,Options,Put,NIFTY,20250.0,0
522.45,2023-10-19 10:51:00,NFO,2023-11-02,522.45,522.45,522.45,0,Options,Put,NIFTY,20250.0,0
522.45,2023-10-19 10:52:00,NFO,2023-11-02,522.45,522.45,522.45,0,Options,Put,NIFTY,20250.0,0
522.45,2023-10-19 10:53:00,NFO,2023-11-02,522.45,522.45,522.45,0,Options,Put,NIFTY,20250.0,0
522.45,2023-10-19 10:54:00,NFO,2023-11-02,522.45,522.45,522.45,0,Options,Put,NIFTY,20250.0,0
522.45,2023-10-19 10:55:00,NFO,2023-11-02,522.45,522.45,522.45,0,Options,Put,NIFTY,20250.0,0
522.45,2023-10-19 10:56:00,NFO,2023-11-02,522.45,522.45,522.45,0,Options,Put,NIFTY,20250.0,0
522.45,2023-10-19 10:58:00,NFO,2023-11-02,522.45,522.45,522.45,0,Options,Put,NIFTY,20250.0,0
522.45,2023-10-19 11:00:00,NFO,2023-11-02,522.45,522.45,522.45,0,Options,Put,NIFTY,20250.0,0
522.45,2023-10-19 11:01:00,NFO,2023-11-02,522.45,522.45,522.45,0,Options,Put,NIFTY,20250.0,0
522.45,2023-10-19 11:02:00,NFO,2023-11-02,522.45,522.45,522.45,0,Options,Put,NIFTY,20250.0,0
522.45,2023-10-19 11:03:00,NFO,2023-11-02,522.45,522.45,522.45,0,Options,Put,NIFTY,20250.0,0
522.45,2023-10-19 11:04:00,NFO,2023-11-02,522.45,522.45,522.45,0,Options,Put,NIFTY,20250.0,0
522.45,2023-10-19 11:05:00,NFO,2023-11-02,522.45,522.45,522.45,0,Options,Put,NIFTY,20250.0,0
522.45,2023-10-19 11:06:00,NFO,2023-11-02,522.45,522.45,522.45,0,Options,Put,NIFTY,20250.0,0
522.45,2023-10-19 11:07:00,NFO,2023-11-02,522.45,522.45,522.45,0,Options,Put,NIFTY,20250.0,0
522.45,2023-10-19 11:08:00,NFO,2023-11-02,522.45,522.45,522.45,0,Options,Put,NIFTY,20250.0,0
522.45,2023-10-19 11:09:00,NFO,2023-11-02,522.45,522.45,522.45,0,Options,Put,NIFTY,20250.0,0
522.45,2023-10-19 11:10:00,NFO,2023-11-02,522.45,522.45,522.45,0,Options,Put,NIFTY,20250.0,0
522.45,2023-10-19 11:11:00,NFO,2023-11-02,522.45,522.45,522.45,0,Options,Put,NIFTY,20250.0,0
522.45,2023-10-19 11:12:00,NFO,2023-11-02,522.45,522.45,522.45,0,Options,Put,NIFTY,20250.0,0
522.45,2023-10-19 11:13:00,NFO,2023-11-02,522.45,522.45,522.45,0,Options,Put,NIFTY,20250.0,0
522.45,2023-10-19 11:14:00,NFO,2023-11-02,522.45,522.45,522.45,0,Options,Put,NIFTY,20250.0,0
522.45,2023-10-19 11:15:00,NFO,2023-11-02,522.45,522.45,522.45,0,Options,Put,NIFTY,20250.0,0
522.45,2023-10-19 11:16:00,NFO,2023-11-02,522.45,522.45,522.45,0,Options,Put,NIFTY,20250.0,0
522.45,2023-10-19 11:17:00,NFO,2023-11-02,522.45,522.45,522.45,0,Options,Put,NIFTY,20250.0,0
522.45,2023-10-19 11:18:00,NFO,2023-11-02,522.45,522.45,522.45,0,Options,Put,NIFTY,20250.0,0
522.45,2023-10-19 11:19:00,NFO,2023-11-02,522.45,522.45,522.45,0,Options,Put,NIFTY,20250.0,0
522.45,2023-10-19 11:20:00,NFO,2023-11-02,522.45,522.45,522.45,0,Options,Put,NIFTY,20250.0,0
522.45,2023-10-19 11:21:00,NFO,2023-11-02,522.45,522.45,522.45,0,Options,Put,NIFTY,20250.0,0
522.45,2023-10-19 11:22:00,NFO,2023-11-02,522.45,522.45,522.45,0,Options,Put,NIFTY,20250.0,0
522.45,2023-10-19 11:23:00,NFO,2023-11-02,522.45,522.45,522.45,0,Options,Put,NIFTY,20250.0,0
522.45,2023-10-19 11:24:00,NFO,2023-11-02,522.45,522.45,522.45,0,Options,Put,NIFTY,20250.0,0
522.45,2023-10-19 11:25:00,NFO,2023-11-02,522.45,522.45,522.45,0,Options,Put,NIFTY,20250.0,0
522.45,2023-10-19 11:26:00,NFO,2023-11-02,522.45,522.45,522.45,0,Options,Put,NIFTY,20250.0,0
522.45,2023-10-19 11:27:00,NFO,2023-11-02,522.45,522.45,522.45,0,Options,Put,NIFTY,20250.0,0
522.45,2023-10-19 11:28:00,NFO,2023-11-02,522.45,522.45,522.45,0,Options,Put,NIFTY,20250.0,0
522.45,2023-10-19 11:29:00,NFO,2023-11-02,522.45,522.45,522.45,0,Options,Put,NIFTY,20250.0,0
522.45,2023-10-19 11:30:00,NFO,2023-11-02,522.45,522.45,522.45,0,Options,Put,NIFTY,20250.0,0
522.45,2023-10-19 11:31:00,NFO,2023-11-02,522.45,522.45,522.45,0,Options,Put,NIFTY,20250.0,0
522.45,2023-10-19 11:32:00,NFO,2023-11-02,522.45,522.45,522.45,0,Options,Put,NIFTY,20250.0,0
522.45,2023-10-19 11:33:00,NFO,2023-11-02,522.45,522.45,522.45,0,Options,Put,NIFTY,20250.0,0
522.45,2023-10-19 11:34:00,NFO,2023-11-02,522.45,522.45,522.45,0,Options,Put,NIFTY,20250.0,0
522.45,2023-10-19 11:35:00,NFO,2023-11-02,522.45,522.45,522.45,0,Options,Put,NIFTY,20250.0,0
522.45,2023-10-19 11:36:00,NFO,2023-11-02,522.45,522.45,522.45,0,Options,Put,NIFTY,20250.0,0
522.45,2023-10-19 11:37:00,NFO,2023-11-02,522.45,522.45,522.45,0,Options,Put,NIFTY,20250.0,0
522.45,2023-10-19 11:38:00,NFO,2023-11-02,522.45,522.45,522.45,0,Options,Put,NIFTY,20250.0,0
522.45,2023-10-19 11:39:00,NFO,2023-11-02,522.45,522.45,522.45,0,Options,Put,NIFTY,20250.0,0
522.45,2023-10-19 11:40:00,NFO,2023-11-02,522.45,522.45,522.45,0,Options,Put,NIFTY,20250.0,0
522.45,2023-10-19 11:41:00,NFO,2023-11-02,522.45,522.45,522.45,0,Options,Put,NIFTY,20250.0,0
522.45,2023-10-19 11:42:00,NFO,2023-11-02,522.45,522.45,522.45,0,Options,Put,NIFTY,20250.0,0
522.45,2023-10-19 11:43:00,NFO,2023-11-02,522.45,522.45,522.45,0,Options,Put,NIFTY,20250.0,0
522.45,2023-10-19 11:44:00,NFO,2023-11-02,522.45,522.45,522.45,0,Options,Put,NIFTY,20250.0,0
522.45,2023-10-19 11:45:00,NFO,2023-11-02,522.45,522.45,522.45,0,Options,Put,NIFTY,20250.0,0
522.45,2023-10-19 11:46:00,NFO,2023-11-02,522.45,522.45,522.45,0,Options,Put,NIFTY,20250.0,0
522.45,2023-10-19 11:47:00,NFO,2023-11-02,522.45,522.45,522.45,0,Options,Put,NIFTY,20250.0,0
522.45,2023-10-19 11:48:00,NFO,2023-11-02,522.45,522.45,522.45,0,Options,Put,NIFTY,20250.0,0
522.45,2023-10-19 11:49:00,NFO,2023-11-02,522.45,522.45,522.45,0,Options,Put,NIFTY,20250.0,0
522.45,2023-10-19 11:50:00,NFO,2023-11-02,522.45,522.45,522.45,0,Options,Put,NIFTY,20250.0,0
522.45,2023-10-19 11:51:00,NFO,2023-11-02,522.45,522.45,522.45,0,Options,Put,NIFTY,20250.0,0
522.45,2023-10-19 11:52:00,NFO,2023-11-02,522.45,522.45,522.45,0,Options,Put,NIFTY,20250.0,0
522.45,2023-10-19 11:53:00,NFO,2023-11-02,522.45,522.45,522.45,0,Options,Put,NIFTY,20250.0,0
522.45,2023-10-19 11:54:00,NFO,2023-11-02,522.45,522.45,522.45,0,Options,Put,NIFTY,20250.0,0
522.45,2023-10-19 11:55:00,NFO,2023-11-02,522.45,522.45,522.45,0,Options,Put,NIFTY,20250.0,0
522.45,2023-10-19 11:56:00,NFO,2023-11-02,522.45,522.45,522.45,0,Options,Put,NIFTY,20250.0,0
522.45,2023-10-19 11:57:00,NFO,2023-11-02,522.45,522.45,522.45,0,Options,Put,NIFTY,20250.0,0
522.45,2023-10-19 11:58:00,NFO,2023-11-02,522.45,522.45,522.45,0,Options,Put,NIFTY,20250.0,0
522.45,2023-10-19 11:59:00,NFO,2023-11-02,522.45,522.45,522.45,0,Options,Put,NIFTY,20250.0,0
522.45,2023-10-19 12:00:00,NFO,2023-11-02,522.45,522.45,522.45,0,Options,Put,NIFTY,20250.0,0
522.45,2023-10-19 12:01:00,NFO,2023-11-02,522.45,522.45,522.45,0,Options,Put,NIFTY,20250.0,0
522.45,2023-10-19 12:02:00,NFO,2023-11-02,522.45,522.45,522.45,0,Options,Put,NIFTY,20250.0,0
522.45,2023-10-19 12:03:00,NFO,2023-11-02,522.45,522.45,522.45,0,Options,Put,NIFTY,20250.0,0
594.35,2023-10-19 12:04:00,NFO,2023-11-02,594.35,594.35,594.35,1200,Options,Put,NIFTY,20250.0,100
594.35,2023-10-19 12:05:00,NFO,2023-11-02,594.35,594.35,594.35,1200,Options,Put,NIFTY,20250.0,0
594.35,2023-10-19 12:06:00,NFO,2023-11-02,594.35,594.35,594.35,1200,Options,Put,NIFTY,20250.0,0
594.35,2023-10-19 12:07:00,NFO,2023-11-02,594.35,594.35,594.35,1200,Options,Put,NIFTY,20250.0,0
594.35,2023-10-19 12:08:00,NFO,2023-11-02,594.35,594.35,594.35,1200,Options,Put,NIFTY,20250.0,0
594.35,2023-10-19 12:09:00,NFO,2023-11-02,594.35,594.35,594.35,1200,Options,Put,NIFTY,20250.0,0
594.35,2023-10-19 12:10:00,NFO,2023-11-02,594.35,594.35,594.35,1200,Options,Put,NIFTY,20250.0,0
594.35,2023-10-19 12:11:00,NFO,2023-11-02,594.35,594.35,594.35,1200,Options,Put,NIFTY,20250.0,0
594.35,2023-10-19 12:12:00,NFO,2023-11-02,594.35,594.35,594.35,1200,Options,Put,NIFTY,20250.0,0
594.35,2023-10-19 12:13:00,NFO,2023-11-02,594.35,594.35,594.35,1200,Options,Put,NIFTY,20250.0,0
594.35,2023-10-19 12:14:00,NFO,2023-11-02,594.35,594.35,594.35,1200,Options,Put,NIFTY,20250.0,0
594.35,2023-10-19 12:15:00,NFO,2023-11-02,594.35,594.35,594.35,1200,Options,Put,NIFTY,20250.0,0
594.35,2023-10-19 12:16:00,NFO,2023-11-02,594.35,594.35,594.35,1200,Options,Put,NIFTY,20250.0,0
594.35,2023-10-19 12:17:00,NFO,2023-11-02,594.35,594.35,594.35,1200,Options,Put,NIFTY,20250.0,0
594.35,2023-10-19 12:18:00,NFO,2023-11-02,594.35,594.35,594.35,1200,Options,Put,NIFTY,20250.0,0
594.35,2023-10-19 12:19:00,NFO,2023-11-02,594.35,594.35,594.35,1200,Options,Put,NIFTY,20250.0,0
594.35,2023-10-19 12:20:00,NFO,2023-11-02,594.35,594.35,594.35,1200,Options,Put,NIFTY,20250.0,0
594.35,2023-10-19 12:21:00,NFO,2023-11-02,594.35,594.35,594.35,1200,Options,Put,NIFTY,20250.0,0
594.35,2023-10-19 12:22:00,NFO,2023-11-02,594.35,594.35,594.35,1200,Options,Put,NIFTY,20250.0,0
594.35,2023-10-19 12:23:00,NFO,2023-11-02,594.35,594.35,594.35,1200,Options,Put,NIFTY,20250.0,0
594.35,2023-10-19 12:24:00,NFO,2023-11-02,594.35,594.35,594.35,1200,Options,Put,NIFTY,20250.0,0
594.35,2023-10-19 12:25:00,NFO,2023-11-02,594.35,594.35,594.35,1200,Options,Put,NIFTY,20250.0,0
594.35,2023-10-19 12:26:00,NFO,2023-11-02,594.35,594.35,594.35,1200,Options,Put,NIFTY,20250.0,0
594.35,2023-10-19 12:27:00,NFO,2023-11-02,594.35,594.35,594.35,1200,Options,Put,NIFTY,20250.0,0
594.35,2023-10-19 12:28:00,NFO,2023-11-02,594.35,594.35,594.35,1200,Options,Put,NIFTY,20250.0,0
594.35,2023-10-19 12:29:00,NFO,2023-11-02,594.35,594.35,594.35,1200,Options,Put,NIFTY,20250.0,0
594.35,2023-10-19 12:30:00,NFO,2023-11-02,594.35,594.35,594.35,1200,Options,Put,NIFTY,20250.0,0
594.35,2023-10-19 12:31:00,NFO,2023-11-02,594.35,594.35,594.35,1200,Options,Put,NIFTY,20250.0,0
594.35,2023-10-19 12:32:00,NFO,2023-11-02,594.35,594.35,594.35,1200,Options,Put,NIFTY,20250.0,0
594.35,2023-10-19 12:33:00,NFO,2023-11-02,594.35,594.35,594.35,1200,Options,Put,NIFTY,20250.0,0
594.35,2023-10-19 12:34:00,NFO,2023-11-02,594.35,594.35,594.35,1200,Options,Put,NIFTY,20250.0,0
594.35,2023-10-19 12:35:00,NFO,2023-11-02,594.35,594.35,594.35,1200,Options,Put,NIFTY,20250.0,0
594.35,2023-10-19 12:37:00,NFO,2023-11-02,594.35,594.35,594.35,1200,Options,Put,NIFTY,20250.0,0
594.35,2023-10-19 12:38:00,NFO,2023-11-02,594.35,594.35,594.35,1200,Options,Put,NIFTY,20250.0,0
594.35,2023-10-19 12:39:00,NFO,2023-11-02,594.35,594.35,594.35,1200,Options,Put,NIFTY,20250.0,0
594.35,2023-10-19 12:40:00,NFO,2023-11-02,594.35,594.35,594.35,1200,Options,Put,NIFTY,20250.0,0
594.35,2023-10-19 12:41:00,NFO,2023-11-02,594.35,594.35,594.35,1200,Options,Put,NIFTY,20250.0,0
594.35,2023-10-19 12:42:00,NFO,2023-11-02,594.35,594.35,594.35,1200,Options,Put,NIFTY,20250.0,0
594.35,2023-10-19 12:43:00,NFO,2023-11-02,594.35,594.35,594.35,1200,Options,Put,NIFTY,20250.0,0
594.35,2023-10-19 12:44:00,NFO,2023-11-02,594.35,594.35,594.35,1200,Options,Put,NIFTY,20250.0,0
594.35,2023-10-19 12:45:00,NFO,2023-11-02,594.35,594.35,594.35,1200,Options,Put,NIFTY,20250.0,0
594.35,2023-10-19 12:46:00,NFO,2023-11-02,594.35,594.35,594.35,1200,Options,Put,NIFTY,20250.0,0
594.35,2023-10-19 12:47:00,NFO,2023-11-02,594.35,594.35,594.35,1200,Options,Put,NIFTY,20250.0,0
594.35,2023-10-19 12:48:00,NFO,2023-11-02,594.35,594.35,594.35,1200,Options,Put,NIFTY,20250.0,0
594.35,2023-10-19 12:49:00,NFO,2023-11-02,594.35,594.35,594.35,1200,Options,Put,NIFTY,20250.0,0
594.35,2023-10-19 12:50:00,NFO,2023-11-02,594.35,594.35,594.35,1200,Options,Put,NIFTY,20250.0,0
594.35,2023-10-19 12:51:00,NFO,2023-11-02,594.35,594.35,594.35,1200,Options,Put,NIFTY,20250.0,0
594.35,2023-10-19 12:52:00,NFO,2023-11-02,594.35,594.35,594.35,1200,Options,Put,NIFTY,20250.0,0
594.35,2023-10-19 12:53:00,NFO,2023-11-02,594.35,594.35,594.35,1200,Options,Put,NIFTY,20250.0,0
594.35,2023-10-19 12:54:00,NFO,2023-11-02,594.35,594.35,594.35,1200,Options,Put,NIFTY,20250.0,0
594.35,2023-10-19 12:55:00,NFO,2023-11-02,594.35,594.35,594.35,1200,Options,Put,NIFTY,20250.0,0
594.35,2023-10-19 12:56:00,NFO,2023-11-02,594.35,594.35,594.35,1200,Options,Put,NIFTY,20250.0,0
594.35,2023-10-19 12:57:00,NFO,2023-11-02,594.35,594.35,594.35,1200,Options,Put,NIFTY,20250.0,0
594.35,2023-10-19 12:58:00,NFO,2023-11-02,594.35,594.35,594.35,1200,Options,Put,NIFTY,20250.0,0
594.35,2023-10-19 12:59:00,NFO,2023-11-02,594.35,594.35,594.35,1200,Options,Put,NIFTY,20250.0,0
594.35,2023-10-19 13:01:00,NFO,2023-11-02,594.35,594.35,594.35,1200,Options,Put,NIFTY,20250.0,0
594.35,2023-10-19 13:03:00,NFO,2023-11-02,594.35,594.35,594.35,1200,Options,Put,NIFTY,20250.0,0
594.35,2023-10-19 13:04:00,NFO,2023-11-02,594.35,594.35,594.35,1200,Options,Put,NIFTY,20250.0,0
594.35,2023-10-19 13:05:00,NFO,2023-11-02,594.35,594.35,594.35,1200,Options,Put,NIFTY,20250.0,0
594.35,2023-10-19 13:06:00,NFO,2023-11-02,594.35,594.35,594.35,1200,Options,Put,NIFTY,20250.0,0
594.35,2023-10-19 13:07:00,NFO,2023-11-02,594.35,594.35,594.35,1200,Options,Put,NIFTY,20250.0,0
594.35,2023-10-19 13:08:00,NFO,2023-11-02,594.35,594.35,594.35,1200,Options,Put,NIFTY,20250.0,0
594.35,2023-10-19 13:09:00,NFO,2023-11-02,594.35,594.35,594.35,1200,Options,Put,NIFTY,20250.0,0
594.35,2023-10-19 13:10:00,NFO,2023-11-02,594.35,594.35,594.35,1200,Options,Put,NIFTY,20250.0,0
594.35,2023-10-19 13:11:00,NFO,2023-11-02,594.35,594.35,594.35,1200,Options,Put,NIFTY,20250.0,0
594.35,2023-10-19 13:12:00,NFO,2023-11-02,594.35,594.35,594.35,1200,Options,Put,NIFTY,20250.0,0
594.35,2023-10-19 13:13:00,NFO,2023-11-02,594.35,594.35,594.35,1200,Options,Put,NIFTY,20250.0,0
594.35,2023-10-19 13:14:00,NFO,2023-11-02,594.35,594.35,594.35,1200,Options,Put,NIFTY,20250.0,0
594.35,2023-10-19 13:15:00,NFO,2023-11-02,594.35,594.35,594.35,1200,Options,Put,NIFTY,20250.0,0
594.35,2023-10-19 13:16:00,NFO,2023-11-02,594.35,594.35,594.35,1200,Options,Put,NIFTY,20250.0,0
594.35,2023-10-19 13:17:00,NFO,2023-11-02,594.35,594.35,594.35,1200,Options,Put,NIFTY,20250.0,0
594.35,2023-10-19 13:18:00,NFO,2023-11-02,594.35,594.35,594.35,1200,Options,Put,NIFTY,20250.0,0
594.35,2023-10-19 13:19:00,NFO,2023-11-02,594.35,594.35,594.35,1200,Options,Put,NIFTY,20250.0,0
594.35,2023-10-19 13:20:00,NFO,2023-11-02,594.35,594.35,594.35,1200,Options,Put,NIFTY,20250.0,0
594.35,2023-10-19 13:21:00,NFO,2023-11-02,594.35,594.35,594.35,1200,Options,Put,NIFTY,20250.0,0
594.35,2023-10-19 13:22:00,NFO,2023-11-02,594.35,594.35,594.35,1200,Options,Put,NIFTY,20250.0,0
594.35,2023-10-19 13:23:00,NFO,2023-11-02,594.35,594.35,594.35,1200,Options,Put,NIFTY,20250.0,0
594.35,2023-10-19 13:24:00,NFO,2023-11-02,594.35,594.35,594.35,1200,Options,Put,NIFTY,20250.0,0
594.35,2023-10-19 13:25:00,NFO,2023-11-02,594.35,594.35,594.35,1200,Options,Put,NIFTY,20250.0,0
594.35,2023-10-19 13:26:00,NFO,2023-11-02,594.35,594.35,594.35,1200,Options,Put,NIFTY,20250.0,0
594.35,2023-10-19 13:27:00,NFO,2023-11-02,594.35,594.35,594.35,1200,Options,Put,NIFTY,20250.0,0
594.35,2023-10-19 13:28:00,NFO,2023-11-02,594.35,594.35,594.35,1200,Options,Put,NIFTY,20250.0,0
594.35,2023-10-19 13:30:00,NFO,2023-11-02,594.35,594.35,594.35,1200,Options,Put,NIFTY,20250.0,0
594.35,2023-10-19 13:31:00,NFO,2023-11-02,594.35,594.35,594.35,1200,Options,Put,NIFTY,20250.0,0
594.35,2023-10-19 13:32:00,NFO,2023-11-02,594.35,594.35,594.35,1200,Options,Put,NIFTY,20250.0,0
594.35,2023-10-19 13:33:00,NFO,2023-11-02,594.35,594.35,594.35,1200,Options,Put,NIFTY,20250.0,0
594.35,2023-10-19 13:34:00,NFO,2023-11-02,594.35,594.35,594.35,1200,Options,Put,NIFTY,20250.0,0
594.35,2023-10-19 13:35:00,NFO,2023-11-02,594.35,594.35,594.35,1200,Options,Put,NIFTY,20250.0,0
594.35,2023-10-19 13:36:00,NFO,2023-11-02,594.35,594.35,594.35,1200,Options,Put,NIFTY,20250.0,0
594.35,2023-10-19 13:37:00,NFO,2023-11-02,594.35,594.35,594.35,1200,Options,Put,NIFTY,20250.0,0
594.35,2023-10-19 13:38:00,NFO,2023-11-02,594.35,594.35,594.35,1200,Options,Put,NIFTY,20250.0,0
594.35,2023-10-19 13:40:00,NFO,2023-11-02,594.35,594.35,594.35,1200,Options,Put,NIFTY,20250.0,0
594.35,2023-10-19 13:41:00,NFO,2023-11-02,594.35,594.35,594.35,1200,Options,Put,NIFTY,20250.0,0
594.35,2023-10-19 13:42:00,NFO,2023-11-02,594.35,594.35,594.35,1200,Options,Put,NIFTY,20250.0,0
594.35,2023-10-19 13:43:00,NFO,2023-11-02,594.35,594.35,594.35,1200,Options,Put,NIFTY,20250.0,0
594.35,2023-10-19 13:44:00,NFO,2023-11-02,594.35,594.35,594.35,1200,Options,Put,NIFTY,20250.0,0
594.35,2023-10-19 13:45:00,NFO,2023-11-02,594.35,594.35,594.35,1200,Options,Put,NIFTY,20250.0,0
594.35,2023-10-19 13:46:00,NFO,2023-11-02,594.35,594.35,594.35,1200,Options,Put,NIFTY,20250.0,0
594.35,2023-10-19 13:47:00,NFO,2023-11-02,594.35,594.35,594.35,1200,Options,Put,NIFTY,20250.0,0
594.35,2023-10-19 13:48:00,NFO,2023-11-02,594.35,594.35,594.35,1200,Options,Put,NIFTY,20250.0,0
594.35,2023-10-19 13:49:00,NFO,2023-11-02,594.35,594.35,594.35,1200,Options,Put,NIFTY,20250.0,0
594.35,2023-10-19 13:50:00,NFO,2023-11-02,594.35,594.35,594.35,1200,Options,Put,NIFTY,20250.0,0
594.35,2023-10-19 13:51:00,NFO,2023-11-02,594.35,594.35,594.35,1200,Options,Put,NIFTY,20250.0,0
594.35,2023-10-19 13:52:00,NFO,2023-11-02,594.35,594.35,594.35,1200,Options,Put,NIFTY,20250.0,0
594.35,2023-10-19 13:53:00,NFO,2023-11-02,594.35,594.35,594.35,1200,Options,Put,NIFTY,20250.0,0
594.35,2023-10-19 13:54:00,NFO,2023-11-02,594.35,594.35,594.35,1200,Options,Put,NIFTY,20250.0,0
594.35,2023-10-19 13:55:00,NFO,2023-11-02,594.35,594.35,594.35,1200,Options,Put,NIFTY,20250.0,0
594.35,2023-10-19 13:56:00,NFO,2023-11-02,594.35,594.35,594.35,1200,Options,Put,NIFTY,20250.0,0
594.35,2023-10-19 13:57:00,NFO,2023-11-02,594.35,594.35,594.35,1200,Options,Put,NIFTY,20250.0,0
594.35,2023-10-19 13:58:00,NFO,2023-11-02,594.35,594.35,594.35,1200,Options,Put,NIFTY,20250.0,0
594.35,2023-10-19 13:59:00,NFO,2023-11-02,594.35,594.35,594.35,1200,Options,Put,NIFTY,20250.0,0
594.35,2023-10-19 14:00:00,NFO,2023-11-02,594.35,594.35,594.35,1200,Options,Put,NIFTY,20250.0,0
594.35,2023-10-19 14:01:00,NFO,2023-11-02,594.35,594.35,594.35,1200,Options,Put,NIFTY,20250.0,0
594.35,2023-10-19 14:02:00,NFO,2023-11-02,594.35,594.35,594.35,1200,Options,Put,NIFTY,20250.0,0
594.35,2023-10-19 14:03:00,NFO,2023-11-02,594.35,594.35,594.35,1200,Options,Put,NIFTY,20250.0,0
594.35,2023-10-19 14:04:00,NFO,2023-11-02,594.35,594.35,594.35,1200,Options,Put,NIFTY,20250.0,0
594.35,2023-10-19 14:05:00,NFO,2023-11-02,594.35,594.35,594.35,1200,Options,Put,NIFTY,20250.0,0
594.35,2023-10-19 14:06:00,NFO,2023-11-02,594.35,594.35,594.35,1200,Options,Put,NIFTY,20250.0,0
594.35,2023-10-19 14:07:00,NFO,2023-11-02,594.35,594.35,594.35,1200,Options,Put,NIFTY,20250.0,0
594.35,2023-10-19 14:08:00,NFO,2023-11-02,594.35,594.35,594.35,1200,Options,Put,NIFTY,20250.0,0
594.35,2023-10-19 14:09:00,NFO,2023-11-02,594.35,594.35,594.35,1200,Options,Put,NIFTY,20250.0,0
594.35,2023-10-19 14:10:00,NFO,2023-11-02,594.35,594.35,594.35,1200,Options,Put,NIFTY,20250.0,0
594.35,2023-10-19 14:11:00,NFO,2023-11-02,594.35,594.35,594.35,1200,Options,Put,NIFTY,20250.0,0
594.35,2023-10-19 14:12:00,NFO,2023-11-02,594.35,594.35,594.35,1200,Options,Put,NIFTY,20250.0,0
594.35,2023-10-19 14:14:00,NFO,2023-11-02,594.35,594.35,594.35,1200,Options,Put,NIFTY,20250.0,0
594.35,2023-10-19 14:15:00,NFO,2023-11-02,594.35,594.35,594.35,1200,Options,Put,NIFTY,20250.0,0
594.35,2023-10-19 14:16:00,NFO,2023-11-02,594.35,594.35,594.35,1200,Options,Put,NIFTY,20250.0,0
594.35,2023-10-19 14:17:00,NFO,2023-11-02,594.35,594.35,594.35,1200,Options,Put,NIFTY,20250.0,0
594.35,2023-10-19 14:18:00,NFO,2023-11-02,594.35,594.35,594.35,1200,Options,Put,NIFTY,20250.0,0
594.35,2023-10-19 14:19:00,NFO,2023-11-02,594.35,594.35,594.35,1200,Options,Put,NIFTY,20250.0,0
594.35,2023-10-19 14:20:00,NFO,2023-11-02,594.35,594.35,594.35,1200,Options,Put,NIFTY,20250.0,0
594.35,2023-10-19 14:21:00,NFO,2023-11-02,594.35,594.35,594.35,1200,Options,Put,NIFTY,20250.0,0
594.35,2023-10-19 14:22:00,NFO,2023-11-02,594.35,594.35,594.35,1200,Options,Put,NIFTY,20250.0,0
594.35,2023-10-19 14:23:00,NFO,2023-11-02,594.35,594.35,594.35,1200,Options,Put,NIFTY,20250.0,0
594.35,2023-10-19 14:24:00,NFO,2023-11-02,594.35,594.35,594.35,1200,Options,Put,NIFTY,20250.0,0
594.35,2023-10-19 14:25:00,NFO,2023-11-02,594.35,594.35,594.35,1200,Options,Put,NIFTY,20250.0,0
594.35,2023-10-19 14:26:00,NFO,2023-11-02,594.35,594.35,594.35,1200,Options,Put,NIFTY,20250.0,0
594.35,2023-10-19 14:27:00,NFO,2023-11-02,594.35,594.35,594.35,1200,Options,Put,NIFTY,20250.0,0
594.35,2023-10-19 14:28:00,NFO,2023-11-02,594.35,594.35,594.35,1200,Options,Put,NIFTY,20250.0,0
594.35,2023-10-19 14:29:00,NFO,2023-11-02,594.35,594.35,594.35,1200,Options,Put,NIFTY,20250.0,0
594.35,2023-10-19 14:30:00,NFO,2023-11-02,594.35,594.35,594.35,1200,Options,Put,NIFTY,20250.0,0
594.35,2023-10-19 14:31:00,NFO,2023-11-02,594.35,594.35,594.35,1200,Options,Put,NIFTY,20250.0,0
571.45,2023-10-19 14:32:00,NFO,2023-11-02,594.35,571.45,594.35,1300,Options,Put,NIFTY,20250.0,50
571.45,2023-10-19 14:33:00,NFO,2023-11-02,571.45,571.45,571.45,1300,Options,Put,NIFTY,20250.0,0
571.45,2023-10-19 14:34:00,NFO,2023-11-02,571.45,571.45,571.45,1300,Options,Put,NIFTY,20250.0,0
571.45,2023-10-19 14:35:00,NFO,2023-11-02,571.45,571.45,571.45,1300,Options,Put,NIFTY,20250.0,0
571.45,2023-10-19 14:36:00,NFO,2023-11-02,571.45,571.45,571.45,1300,Options,Put,NIFTY,20250.0,0
571.45,2023-10-19 14:37:00,NFO,2023-11-02,571.45,571.45,571.45,1300,Options,Put,NIFTY,20250.0,0
571.45,2023-10-19 14:38:00,NFO,2023-11-02,571.45,571.45,571.45,1300,Options,Put,NIFTY,20250.0,0
571.45,2023-10-19 14:39:00,NFO,2023-11-02,571.45,571.45,571.45,1300,Options,Put,NIFTY,20250.0,0
571.45,2023-10-19 14:40:00,NFO,2023-11-02,571.45,571.45,571.45,1300,Options,Put,NIFTY,20250.0,0
571.45,2023-10-19 14:41:00,NFO,2023-11-02,571.45,571.45,571.45,1300,Options,Put,NIFTY,20250.0,0
571.45,2023-10-19 14:42:00,NFO,2023-11-02,571.45,571.45,571.45,1300,Options,Put,NIFTY,20250.0,0
571.45,2023-10-19 14:43:00,NFO,2023-11-02,571.45,571.45,571.45,1300,Options,Put,NIFTY,20250.0,0
571.45,2023-10-19 14:44:00,NFO,2023-11-02,571.45,571.45,571.45,1300,Options,Put,NIFTY,20250.0,0
571.45,2023-10-19 14:45:00,NFO,2023-11-02,571.45,571.45,571.45,1300,Options,Put,NIFTY,20250.0,0
571.45,2023-10-19 14:46:00,NFO,2023-11-02,571.45,571.45,571.45,1300,Options,Put,NIFTY,20250.0,0
571.45,2023-10-19 14:47:00,NFO,2023-11-02,571.45,571.45,571.45,1300,Options,Put,NIFTY,20250.0,0
571.45,2023-10-19 14:48:00,NFO,2023-11-02,571.45,571.45,571.45,1300,Options,Put,NIFTY,20250.0,0
571.45,2023-10-19 14:49:00,NFO,2023-11-02,571.45,571.45,571.45,1300,Options,Put,NIFTY,20250.0,0
571.45,2023-10-19 14:50:00,NFO,2023-11-02,571.45,571.45,571.45,1300,Options,Put,NIFTY,20250.0,0
571.45,2023-10-19 14:51:00,NFO,2023-11-02,571.45,571.45,571.45,1300,Options,Put,NIFTY,20250.0,0
571.45,2023-10-19 14:52:00,NFO,2023-11-02,571.45,571.45,571.45,1300,Options,Put,NIFTY,20250.0,0
571.45,2023-10-19 14:53:00,NFO,2023-11-02,571.45,571.45,571.45,1300,Options,Put,NIFTY,20250.0,0
571.45,2023-10-19 14:54:00,NFO,2023-11-02,571.45,571.45,571.45,1300,Options,Put,NIFTY,20250.0,0
571.45,2023-10-19 14:55:00,NFO,2023-11-02,571.45,571.45,571.45,1300,Options,Put,NIFTY,20250.0,0
571.45,2023-10-19 14:56:00,NFO,2023-11-02,571.45,571.45,571.45,1300,Options,Put,NIFTY,20250.0,0
571.45,2023-10-19 14:57:00,NFO,2023-11-02,571.45,571.45,571.45,1300,Options,Put,NIFTY,20250.0,0
571.45,2023-10-19 14:58:00,NFO,2023-11-02,571.45,571.45,571.45,1300,Options,Put,NIFTY,20250.0,0
571.45,2023-10-19 14:59:00,NFO,2023-11-02,571.45,571.45,571.45,1300,Options,Put,NIFTY,20250.0,0
571.45,2023-10-19 15:00:00,NFO,2023-11-02,571.45,571.45,571.45,1300,Options,Put,NIFTY,20250.0,0
571.45,2023-10-19 15:01:00,NFO,2023-11-02,571.45,571.45,571.45,1300,Options,Put,NIFTY,20250.0,0
571.45,2023-10-19 15:02:00,NFO,2023-11-02,571.45,571.45,571.45,1300,Options,Put,NIFTY,20250.0,0
571.45,2023-10-19 15:03:00,NFO,2023-11-02,571.45,571.45,571.45,1300,Options,Put,NIFTY,20250.0,0
571.45,2023-10-19 15:04:00,NFO,2023-11-02,571.45,571.45,571.45,1300,Options,Put,NIFTY,20250.0,0
571.45,2023-10-19 15:05:00,NFO,2023-11-02,571.45,571.45,571.45,1300,Options,Put,NIFTY,20250.0,0
571.45,2023-10-19 15:06:00,NFO,2023-11-02,571.45,571.45,571.45,1300,Options,Put,NIFTY,20250.0,0
571.45,2023-10-19 15:07:00,NFO,2023-11-02,571.45,571.45,571.45,1300,Options,Put,NIFTY,20250.0,0
571.45,2023-10-19 15:08:00,NFO,2023-11-02,571.45,571.45,571.45,1300,Options,Put,NIFTY,20250.0,0
571.45,2023-10-19 15:09:00,NFO,2023-11-02,571.45,571.45,571.45,1300,Options,Put,NIFTY,20250.0,0
571.45,2023-10-19 15:10:00,NFO,2023-11-02,571.45,571.45,571.45,1300,Options,Put,NIFTY,20250.0,0
571.45,2023-10-19 15:11:00,NFO,2023-11-02,571.45,571.45,571.45,1300,Options,Put,NIFTY,20250.0,0
571.45,2023-10-19 15:12:00,NFO,2023-11-02,571.45,571.45,571.45,1300,Options,Put,NIFTY,20250.0,0
571.45,2023-10-19 15:13:00,NFO,2023-11-02,571.45,571.45,571.45,1300,Options,Put,NIFTY,20250.0,0
571.45,2023-10-19 15:14:00,NFO,2023-11-02,571.45,571.45,571.45,1300,Options,Put,NIFTY,20250.0,0
571.45,2023-10-19 15:15:00,NFO,2023-11-02,571.45,571.45,571.45,1300,Options,Put,NIFTY,20250.0,0
571.45,2023-10-19 15:16:00,NFO,2023-11-02,571.45,571.45,571.45,1300,Options,Put,NIFTY,20250.0,0
571.45,2023-10-19 15:17:00,NFO,2023-11-02,571.45,571.45,571.45,1300,Options,Put,NIFTY,20250.0,0
571.45,2023-10-19 15:18:00,NFO,2023-11-02,571.45,571.45,571.45,1300,Options,Put,NIFTY,20250.0,0
571.45,2023-10-19 15:19:00,NFO,2023-11-02,571.45,571.45,571.45,1300,Options,Put,NIFTY,20250.0,0
571.45,2023-10-19 15:20:00,NFO,2023-11-02,571.45,571.45,571.45,1300,Options,Put,NIFTY,20250.0,0
571.45,2023-10-19 15:21:00,NFO,2023-11-02,571.45,571.45,571.45,1300,Options,Put,NIFTY,20250.0,0
571.45,2023-10-19 15:22:00,NFO,2023-11-02,571.45,571.45,571.45,1300,Options,Put,NIFTY,20250.0,0
571.45,2023-10-19 15:23:00,NFO,2023-11-02,571.45,571.45,571.45,1300,Options,Put,NIFTY,20250.0,0
571.45,2023-10-19 15:24:00,NFO,2023-11-02,571.45,571.45,571.45,1300,Options,Put,NIFTY,20250.0,0
571.45,2023-10-19 15:25:00,NFO,2023-11-02,571.45,571.45,571.45,1300,Options,Put,NIFTY,20250.0,0
571.45,2023-10-19 15:26:00,NFO,2023-11-02,571.45,571.45,571.45,1300,Options,Put,NIFTY,20250.0,0
571.45,2023-10-19 15:27:00,NFO,2023-11-02,571.45,571.45,571.45,1300,Options,Put,NIFTY,20250.0,0
571.45,2023-10-19 15:28:00,NFO,2023-11-02,571.45,571.45,571.45,1300,Options,Put,NIFTY,20250.0,0
571.45,2023-10-19 15:29:00,NFO,2023-11-02,571.45,571.45,571.45,1300,Options,Put,NIFTY,20250.0,0
