,datetime,close,exchange_code,high,low,open,stock_code,volume
0,2023-05-09 09:30:00,84.65,NSE,84.7,84.6,84.7,SAIL,14043
1,2023-05-09 09:31:00,84.55,NSE,84.6,84.45,84.6,SAIL,103901
2,2023-05-09 09:32:00,84.4,NSE,84.5,84.35,84.5,SAIL,161950
3,2023-05-09 09:33:00,84.35,NSE,84.4,84.35,84.35,SAIL,10974
4,2023-05-09 09:34:00,84.4,NSE,84.45,84.3,84.4,SAIL,40524
5,2023-05-09 09:35:00,84.45,NSE,84.45,84.4,84.45,SAIL,10660
6,2023-05-09 09:36:00,84.35,NSE,84.45,84.35,84.45,SAIL,20916
7,2023-05-09 09:37:00,84.55,NSE,84.55,84.35,84.4,SAIL,45312
8,2023-05-09 09:38:00,84.5,NSE,84.5,84.45,84.5,SAIL,25696
9,2023-05-09 09:39:00,84.5,NSE,84.5,84.45,84.5,SAIL,4536
10,2023-05-09 09:40:00,84.5,NSE,84.5,84.4,84.45,SAIL,19818
11,2023-05-09 09:41:00,84.5,NSE,84.5,84.45,84.5,SAIL,4584
12,2023-05-09 09:42:00,84.5,NSE,84.55,84.5,84.55,SAIL,9578
13,2023-05-09 09:43:00,84.55,NSE,84.55,84.45,84.55,SAIL,7734
14,2023-05-09 09:44:00,84.55,NSE,84.55,84.5,84.55,SAIL,22194
15,2023-05-09 09:45:00,84.45,NSE,84.55,84.45,84.55,SAIL,36526
16,2023-05-09 09:46:00,84.4,NSE,84.5,84.4,84.5,SAIL,10356
17,2023-05-09 09:47:00,84.3,NSE,84.45,84.25,84.45,SAIL,92726
18,2023-05-09 09:48:00,84.25,NSE,84.35,84.25,84.35,SAIL,16836
19,2023-05-09 09:49:00,84.25,NSE,84.3,84.25,84.3,SAIL,15762
20,2023-05-09 09:50:00,84.3,NSE,84.35,84.25,84.3,SAIL,28443
21,2023-05-09 09:51:00,84.35,NSE,84.4,84.3,84.35,SAIL,12965
22,2023-05-09 09:52:00,84.3,NSE,84.4,84.3,84.35,SAIL,18295
23,2023-05-09 09:53:00,84.2,NSE,84.35,84.2,84.3,SAIL,58420
24,2023-05-09 09:54:00,84.25,NSE,84.25,84.2,84.2,SAIL,51123
25,2023-05-09 09:55:00,84.25,NSE,84.3,84.25,84.25,SAIL,18252
26,2023-05-09 09:56:00,84.3,NSE,84.3,84.25,84.25,SAIL,4392
27,2023-05-09 09:57:00,84.25,NSE,84.35,84.25,84.25,SAIL,12544
28,2023-05-09 09:58:00,84.35,NSE,84.35,84.3,84.35,SAIL,5376
29,2023-05-09 09:59:00,84.35,NSE,84.4,84.3,84.35,SAIL,20905
30,2023-05-09 10:00:00,84.4,NSE,84.4,84.3,84.4,SAIL,41774
31,2023-05-09 10:01:00,84.4,NSE,84.45,84.3,84.4,SAIL,28708
32,2023-05-09 10:02:00,84.4,NSE,84.45,84.4,84.4,SAIL,10095
33,2023-05-09 10:03:00,84.45,NSE,84.45,84.4,84.45,SAIL,1742
34,2023-05-09 10:04:00,84.4,NSE,84.45,84.4,84.4,SAIL,532
35,2023-05-09 10:05:00,84.45,NSE,84.45,84.4,84.4,SAIL,26941
36,2023-05-09 10:06:00,84.4,NSE,84.4,84.35,84.4,SAIL,48587
37,2023-05-09 10:07:00,84.4,NSE,84.45,84.35,84.35,SAIL,15019
38,2023-05-09 10:08:00,84.45,NSE,84.45,84.4,84.4,SAIL,6414
39,2023-05-09 10:09:00,84.45,NSE,84.45,84.4,84.45,SAIL,8532
40,2023-05-09 10:10:00,84.35,NSE,84.5,84.35,84.4,SAIL,149200
41,2023-05-09 10:11:00,84.3,NSE,84.4,84.25,84.4,SAIL,69807
42,2023-05-09 10:12:00,84.3,NSE,84.4,84.3,84.35,SAIL,5542
43,2023-05-09 10:13:00,84.3,NSE,84.35,84.3,84.3,SAIL,2096
44,2023-05-09 10:14:00,84.35,NSE,84.35,84.3,84.3,SAIL,9679
45,2023-05-09 10:15:00,84.35,NSE,84.4,84.3,84.3,SAIL,17243
46,2023-05-09 10:16:00,84.35,NSE,84.4,84.3,84.35,SAIL,15657
47,2023-05-09 10:17:00,84.35,NSE,84.4,84.35,84.35,SAIL,2958
48,2023-05-09 10:18:00,84.35,NSE,84.4,84.3,84.4,SAIL,86792
49,2023-05-09 10:19:00,84.35,NSE,84.4,84.3,84.35,SAIL,22309
50,2023-05-09 10:20:00,84.45,NSE,84.45,84.35,84.35,SAIL,28155
51,2023-05-09 10:21:00,84.4,NSE,84.45,84.35,84.45,SAIL,7603
52,2023-05-09 10:22:00,84.4,NSE,84.4,84.35,84.4,SAIL,4646
53,2023-05-09 10:23:00,84.4,NSE,84.45,84.35,84.35,SAIL,11987
54,2023-05-09 10:24:00,84.4,NSE,84.4,84.3,84.4,SAIL,137595
55,2023-05-09 10:25:00,84.4,NSE,84.4,84.35,84.35,SAIL,11704
56,2023-05-09 10:26:00,84.45,NSE,84.45,84.4,84.4,SAIL,51864
57,2023-05-09 10:27:00,84.6,NSE,84.6,84.5,84.5,SAIL,37769
58,2023-05-09 10:28:00,84.55,NSE,84.6,84.5,84.55,SAIL,34058
59,2023-05-09 10:29:00,84.5,NSE,84.55,84.5,84.55,SAIL,21907
60,2023-05-09 10:30:00,84.55,NSE,84.6,84.5,84.5,SAIL,1249
61,2023-05-09 10:31:00,84.55,NSE,84.55,84.5,84.5,SAIL,4356
62,2023-05-09 10:32:00,84.55,NSE,84.55,84.5,84.5,SAIL,5900
63,2023-05-09 10:33:00,84.55,NSE,84.55,84.5,84.5,SAIL,2213
64,2023-05-09 10:34:00,84.45,NSE,84.55,84.45,84.55,SAIL,8513
65,2023-05-09 10:35:00,84.5,NSE,84.55,84.45,84.45,SAIL,6602
66,2023-05-09 10:36:00,84.5,NSE,84.6,84.5,84.5,SAIL,8932
67,2023-05-09 10:37:00,84.5,NSE,84.55,84.5,84.5,SAIL,1503
68,2023-05-09 10:38:00,84.55,NSE,84.55,84.5,84.55,SAIL,5321
69,2023-05-09 10:39:00,84.55,NSE,84.55,84.5,84.55,SAIL,2099
70,2023-05-09 10:40:00,84.55,NSE,84.6,84.5,84.5,SAIL,40567
71,2023-05-09 10:41:00,84.55,NSE,84.6,84.55,84.6,SAIL,4662
72,2023-05-09 10:42:00,84.6,NSE,84.6,84.55,84.6,SAIL,35035
73,2023-05-09 10:43:00,84.6,NSE,84.6,84.55,84.6,SAIL,25430
74,2023-05-09 10:44:00,84.55,NSE,84.6,84.55,84.55,SAIL,3481
75,2023-05-09 10:45:00,84.55,NSE,84.6,84.55,84.6,SAIL,25596
76,2023-05-09 10:46:00,84.7,NSE,84.75,84.55,84.55,SAIL,188333
77,2023-05-09 10:47:00,84.8,NSE,84.8,84.65,84.75,SAIL,62923
78,2023-05-09 10:48:00,84.95,NSE,84.95,84.8,84.8,SAIL,258228
79,2023-05-09 10:49:00,85.05,NSE,85.05,84.85,84.95,SAIL,305788
80,2023-05-09 10:50:00,85.0,NSE,85.1,85.0,85.05,SAIL,28479
81,2023-05-09 10:51:00,85.0,NSE,85.05,85.0,85.05,SAIL,21655
82,2023-05-09 10:52:00,85.05,NSE,85.05,85.0,85.0,SAIL,33287
83,2023-05-09 10:53:00,85.0,NSE,85.05,85.0,85.0,SAIL,91415
84,2023-05-09 10:54:00,85.0,NSE,85.05,84.95,85.05,SAIL,66353
85,2023-05-09 10:55:00,84.85,NSE,84.9,84.8,84.9,SAIL,17816
86,2023-05-09 10:56:00,84.8,NSE,84.85,84.8,84.8,SAIL,10146
87,2023-05-09 10:57:00,84.85,NSE,84.9,84.85,84.9,SAIL,9977
88,2023-05-09 10:58:00,84.75,NSE,84.9,84.75,84.85,SAIL,13827
89,2023-05-09 10:59:00,84.8,NSE,84.85,84.75,84.8,SAIL,11038
90,2023-05-09 11:00:00,84.75,NSE,84.8,84.75,84.75,SAIL,1157
91,2023-05-09 11:01:00,84.75,NSE,84.8,84.75,84.75,SAIL,8720
92,2023-05-09 11:02:00,84.85,NSE,84.85,84.75,84.8,SAIL,9724
93,2023-05-09 11:03:00,84.9,NSE,84.9,84.8,84.8,SAIL,4749
94,2023-05-09 11:04:00,84.8,NSE,84.9,84.8,84.9,SAIL,661
95,2023-05-09 11:05:00,84.8,NSE,84.85,84.8,84.8,SAIL,4787
96,2023-05-09 11:06:00,84.8,NSE,84.85,84.8,84.8,SAIL,10416
97,2023-05-09 11:07:00,84.85,NSE,84.85,84.8,84.85,SAIL,2092
98,2023-05-09 11:08:00,84.85,NSE,84.85,84.75,84.85,SAIL,61146
99,2023-05-09 11:09:00,85.0,NSE,85.05,84.85,84.85,SAIL,217332
100,2023-05-09 11:10:00,85.05,NSE,85.05,85.0,85.05,SAIL,12333
101,2023-05-09 11:11:00,85.0,NSE,85.05,85.0,85.0,SAIL,48501
102,2023-05-09 11:12:00,85.05,NSE,85.05,85.0,85.0,SAIL,14380
103,2023-05-09 11:13:00,85.05,NSE,85.05,85.0,85.0,SAIL,156236
104,2023-05-09 11:14:00,85.05,NSE,85.15,85.0,85.05,SAIL,149534
105,2023-05-09 11:15:00,85.05,NSE,85.15,85.05,85.15,SAIL,7384
106,2023-05-09 11:16:00,85.1,NSE,85.15,85.05,85.05,SAIL,14656
107,2023-05-09 11:17:00,85.05,NSE,85.1,85.05,85.1,SAIL,8604
108,2023-05-09 11:18:00,85.05,NSE,85.1,85.05,85.05,SAIL,7445
109,2023-05-09 11:19:00,85.05,NSE,85.1,85.05,85.1,SAIL,5728
110,2023-05-09 11:20:00,85.05,NSE,85.1,85.0,85.05,SAIL,15333
111,2023-05-09 11:21:00,85.0,NSE,85.1,85.0,85.0,SAIL,23166
112,2023-05-09 11:22:00,85.1,NSE,85.1,85.0,85.0,SAIL,61679
113,2023-05-09 11:23:00,85.1,NSE,85.15,85.0,85.05,SAIL,63947
114,2023-05-09 11:24:00,85.1,NSE,85.15,85.0,85.1,SAIL,8933
115,2023-05-09 11:25:00,85.05,NSE,85.1,85.0,85.0,SAIL,9415
116,2023-05-09 11:26:00,85.05,NSE,85.05,85.0,85.05,SAIL,25710
117,2023-05-09 11:27:00,85.0,NSE,85.05,85.0,85.0,SAIL,23571
118,2023-05-09 11:28:00,85.0,NSE,85.05,85.0,85.0,SAIL,10142
119,2023-05-09 11:29:00,85.0,NSE,85.0,85.0,85.0,SAIL,44119
120,2023-05-09 11:30:00,85.05,NSE,85.05,85.0,85.0,SAIL,16671
121,2023-05-09 11:31:00,85.05,NSE,85.1,85.0,85.05,SAIL,112048
122,2023-05-09 11:32:00,85.05,NSE,85.1,85.05,85.1,SAIL,3253
123,2023-05-09 11:33:00,85.0,NSE,85.1,85.0,85.05,SAIL,7680
124,2023-05-09 11:34:00,85.0,NSE,85.05,85.0,85.0,SAIL,5258
125,2023-05-09 11:35:00,85.05,NSE,85.05,85.0,85.0,SAIL,32192
126,2023-05-09 11:36:00,85.05,NSE,85.05,85.0,85.0,SAIL,7557
127,2023-05-09 11:37:00,84.9,NSE,85.05,84.85,85.05,SAIL,155325
128,2023-05-09 11:38:00,84.85,NSE,84.9,84.8,84.85,SAIL,16760
129,2023-05-09 11:39:00,84.8,NSE,84.9,84.8,84.8,SAIL,45648
130,2023-05-09 11:40:00,84.85,NSE,84.9,84.8,84.85,SAIL,4904
131,2023-05-09 11:41:00,84.85,NSE,84.85,84.8,84.85,SAIL,2729
132,2023-05-09 11:42:00,84.85,NSE,84.85,84.8,84.8,SAIL,1380
133,2023-05-09 11:43:00,84.85,NSE,84.85,84.8,84.85,SAIL,5025
134,2023-05-09 11:44:00,84.7,NSE,84.8,84.7,84.75,SAIL,34846
135,2023-05-09 11:45:00,84.75,NSE,84.75,84.65,84.75,SAIL,34817
136,2023-05-09 11:46:00,84.8,NSE,84.8,84.7,84.75,SAIL,35762
137,2023-05-09 11:47:00,84.85,NSE,84.85,84.75,84.75,SAIL,13782
138,2023-05-09 11:48:00,84.8,NSE,84.85,84.8,84.8,SAIL,20229
139,2023-05-09 11:49:00,84.85,NSE,84.85,84.8,84.8,SAIL,11486
140,2023-05-09 11:50:00,84.85,NSE,84.9,84.8,84.85,SAIL,34774
141,2023-05-09 11:51:00,84.9,NSE,84.9,84.85,84.9,SAIL,19974
142,2023-05-09 11:52:00,84.9,NSE,84.95,84.9,84.9,SAIL,42525
143,2023-05-09 11:53:00,84.9,NSE,84.95,84.85,84.95,SAIL,16802
144,2023-05-09 11:54:00,84.95,NSE,84.95,84.9,84.9,SAIL,50397
145,2023-05-09 11:55:00,84.85,NSE,84.95,84.85,84.95,SAIL,55272
146,2023-05-09 11:56:00,85.05,NSE,85.05,84.85,84.85,SAIL,92432
147,2023-05-09 11:57:00,85.0,NSE,85.05,85.0,85.05,SAIL,50305
148,2023-05-09 11:58:00,85.0,NSE,85.05,85.0,85.0,SAIL,33217
149,2023-05-09 11:59:00,85.0,NSE,85.05,85.0,85.0,SAIL,17045
150,2023-05-09 12:00:00,84.95,NSE,85.05,84.95,85.0,SAIL,17087
151,2023-05-09 12:01:00,85.0,NSE,85.05,84.95,84.95,SAIL,8704
152,2023-05-09 12:02:00,85.0,NSE,85.05,85.0,85.0,SAIL,2059
153,2023-05-09 12:03:00,84.95,NSE,85.05,84.95,85.0,SAIL,43566
154,2023-05-09 12:04:00,85.0,NSE,85.0,84.95,85.0,SAIL,2390
155,2023-05-09 12:05:00,85.05,NSE,85.05,84.95,84.95,SAIL,22356
156,2023-05-09 12:06:00,85.05,NSE,85.05,85.0,85.05,SAIL,2478
157,2023-05-09 12:07:00,85.0,NSE,85.05,85.0,85.05,SAIL,3009
158,2023-05-09 12:08:00,85.0,NSE,85.05,85.0,85.0,SAIL,3181
159,2023-05-09 12:09:00,85.05,NSE,85.05,85.0,85.0,SAIL,37024
160,2023-05-09 12:10:00,85.05,NSE,85.05,85.0,85.05,SAIL,682
161,2023-05-09 12:11:00,85.0,NSE,85.05,85.0,85.05,SAIL,11965
162,2023-05-09 12:12:00,85.05,NSE,85.05,85.0,85.0,SAIL,26223
163,2023-05-09 12:13:00,84.95,NSE,85.05,84.95,85.0,SAIL,253043
164,2023-05-09 12:14:00,84.85,NSE,84.95,84.85,84.95,SAIL,24936
165,2023-05-09 12:15:00,84.85,NSE,84.9,84.8,84.8,SAIL,7499
166,2023-05-09 12:16:00,84.8,NSE,84.85,84.8,84.8,SAIL,39412
167,2023-05-09 12:17:00,84.75,NSE,84.85,84.75,84.85,SAIL,6886
168,2023-05-09 12:18:00,84.75,NSE,84.85,84.75,84.75,SAIL,15382
169,2023-05-09 12:19:00,84.8,NSE,84.8,84.75,84.75,SAIL,16749
170,2023-05-09 12:20:00,84.75,NSE,84.8,84.75,84.8,SAIL,4292
171,2023-05-09 12:21:00,84.75,NSE,84.8,84.75,84.8,SAIL,4576
172,2023-05-09 12:22:00,84.75,NSE,84.85,84.75,84.75,SAIL,8325
173,2023-05-09 12:23:00,84.8,NSE,84.85,84.75,84.8,SAIL,8176
174,2023-05-09 12:24:00,84.8,NSE,84.8,84.75,84.8,SAIL,4130
175,2023-05-09 12:25:00,84.9,NSE,84.95,84.75,84.8,SAIL,88501
176,2023-05-09 12:26:00,84.95,NSE,84.95,84.9,84.95,SAIL,17364
177,2023-05-09 12:27:00,84.95,NSE,85.0,84.9,84.95,SAIL,164555
178,2023-05-09 12:28:00,84.95,NSE,84.95,84.9,84.9,SAIL,3145
179,2023-05-09 12:29:00,84.75,NSE,84.95,84.75,84.95,SAIL,52036
180,2023-05-09 12:30:00,84.85,NSE,84.85,84.75,84.75,SAIL,2129
181,2023-05-09 12:31:00,84.75,NSE,84.85,84.75,84.8,SAIL,8582
182,2023-05-09 12:32:00,84.8,NSE,84.85,84.75,84.75,SAIL,1619
183,2023-05-09 12:33:00,84.75,NSE,84.8,84.75,84.8,SAIL,15356
184,2023-05-09 12:34:00,84.7,NSE,84.8,84.7,84.75,SAIL,48170
185,2023-05-09 12:35:00,84.7,NSE,84.8,84.65,84.75,SAIL,44617
186,2023-05-09 12:36:00,84.7,NSE,84.75,84.65,84.7,SAIL,23670
187,2023-05-09 12:37:00,84.75,NSE,84.75,84.65,84.7,SAIL,9924
188,2023-05-09 12:38:00,84.7,NSE,84.75,84.7,84.75,SAIL,3104
189,2023-05-09 12:39:00,84.75,NSE,84.75,84.7,84.7,SAIL,1999
190,2023-05-09 12:40:00,84.75,NSE,84.75,84.7,84.75,SAIL,778
191,2023-05-09 12:41:00,84.8,NSE,84.8,84.7,84.75,SAIL,13800
192,2023-05-09 12:42:00,84.75,NSE,84.8,84.7,84.8,SAIL,16072
193,2023-05-09 12:43:00,84.75,NSE,84.75,84.7,84.7,SAIL,2907
194,2023-05-09 12:44:00,84.7,NSE,84.75,84.7,84.75,SAIL,1130
195,2023-05-09 12:45:00,84.75,NSE,84.75,84.7,84.7,SAIL,2018
196,2023-05-09 12:46:00,84.75,NSE,84.75,84.7,84.7,SAIL,608
197,2023-05-09 12:47:00,84.75,NSE,84.75,84.7,84.7,SAIL,10770
198,2023-05-09 12:48:00,84.7,NSE,84.75,84.7,84.7,SAIL,27875
199,2023-05-09 12:49:00,84.7,NSE,84.75,84.65,84.65,SAIL,1801
200,2023-05-09 12:50:00,84.65,NSE,84.75,84.65,84.7,SAIL,76947
201,2023-05-09 12:51:00,84.65,NSE,84.75,84.65,84.7,SAIL,2890
202,2023-05-09 12:52:00,84.65,NSE,84.7,84.65,84.65,SAIL,6078
203,2023-05-09 12:53:00,84.6,NSE,84.75,84.6,84.65,SAIL,303204
204,2023-05-09 12:54:00,84.55,NSE,84.65,84.55,84.6,SAIL,276357
205,2023-05-09 12:55:00,84.5,NSE,84.6,84.45,84.55,SAIL,70345
206,2023-05-09 12:56:00,84.45,NSE,84.5,84.45,84.5,SAIL,2138
207,2023-05-09 12:57:00,84.5,NSE,84.5,84.4,84.45,SAIL,94131
208,2023-05-09 12:58:00,84.45,NSE,84.45,84.4,84.4,SAIL,13009
209,2023-05-09 12:59:00,84.5,NSE,84.5,84.45,84.5,SAIL,1381
210,2023-05-09 13:00:00,84.5,NSE,84.5,84.45,84.45,SAIL,5983
211,2023-05-09 13:01:00,84.5,NSE,84.5,84.45,84.45,SAIL,32987
212,2023-05-09 13:02:00,84.5,NSE,84.5,84.45,84.5,SAIL,1321
213,2023-05-09 13:03:00,84.45,NSE,84.5,84.4,84.5,SAIL,38291
214,2023-05-09 13:04:00,84.35,NSE,84.45,84.35,84.45,SAIL,66993
215,2023-05-09 13:05:00,84.4,NSE,84.4,84.3,84.3,SAIL,2191
216,2023-05-09 13:06:00,84.35,NSE,84.35,84.3,84.35,SAIL,71077
217,2023-05-09 13:07:00,84.3,NSE,84.35,84.3,84.35,SAIL,4109
218,2023-05-09 13:08:00,84.2,NSE,84.3,84.15,84.25,SAIL,279137
219,2023-05-09 13:09:00,84.2,NSE,84.2,84.1,84.2,SAIL,22172
220,2023-05-09 13:10:00,84.15,NSE,84.2,84.15,84.15,SAIL,7940
221,2023-05-09 13:11:00,84.15,NSE,84.2,84.1,84.15,SAIL,40219
222,2023-05-09 13:12:00,84.25,NSE,84.25,84.15,84.25,SAIL,3367
223,2023-05-09 13:13:00,84.2,NSE,84.2,84.15,84.2,SAIL,13288
224,2023-05-09 13:14:00,84.25,NSE,84.25,84.2,84.2,SAIL,1881
225,2023-05-09 13:15:00,84.25,NSE,84.25,84.2,84.25,SAIL,13657
226,2023-05-09 13:16:00,84.3,NSE,84.3,84.2,84.25,SAIL,8843
227,2023-05-09 13:17:00,84.3,NSE,84.3,84.2,84.2,SAIL,5740
228,2023-05-09 13:18:00,84.3,NSE,84.3,84.25,84.3,SAIL,3760
229,2023-05-09 13:19:00,84.3,NSE,84.3,84.25,84.3,SAIL,7111
230,2023-05-09 13:20:00,84.3,NSE,84.3,84.25,84.3,SAIL,3565
231,2023-05-09 13:21:00,84.25,NSE,84.3,84.25,84.3,SAIL,1128
232,2023-05-09 13:22:00,84.3,NSE,84.3,84.25,84.25,SAIL,601
233,2023-05-09 13:23:00,84.25,NSE,84.3,84.25,84.3,SAIL,14800
234,2023-05-09 13:24:00,84.25,NSE,84.3,84.2,84.3,SAIL,10857
235,2023-05-09 13:25:00,84.3,NSE,84.3,84.2,84.25,SAIL,6754
236,2023-05-09 13:26:00,84.25,NSE,84.3,84.2,84.2,SAIL,2713
237,2023-05-09 13:27:00,84.1,NSE,84.25,84.1,84.2,SAIL,65076
238,2023-05-09 13:28:00,84.15,NSE,84.2,84.1,84.15,SAIL,23391
239,2023-05-09 13:29:00,84.15,NSE,84.2,84.1,84.15,SAIL,46587
240,2023-05-09 13:30:00,84.15,NSE,84.2,84.1,84.15,SAIL,12611
241,2023-05-09 13:31:00,84.15,NSE,84.2,84.15,84.15,SAIL,10960
242,2023-05-09 13:32:00,84.3,NSE,84.35,84.15,84.2,SAIL,152590
243,2023-05-09 13:33:00,84.25,NSE,84.3,84.2,84.3,SAIL,118226
244,2023-05-09 13:34:00,84.15,NSE,84.3,84.15,84.2,SAIL,118376
245,2023-05-09 13:35:00,84.25,NSE,84.3,84.2,84.2,SAIL,84223
246,2023-05-09 13:36:00,84.1,NSE,84.2,84.1,84.2,SAIL,85823
247,2023-05-09 13:37:00,84.05,NSE,84.15,84.05,84.05,SAIL,23233
248,2023-05-09 13:38:00,84.05,NSE,84.1,84.05,84.05,SAIL,18297
249,2023-05-09 13:39:00,84.05,NSE,84.1,84.05,84.1,SAIL,9269
250,2023-05-09 13:40:00,84.05,NSE,84.1,84.05,84.05,SAIL,34777
251,2023-05-09 13:41:00,84.0,NSE,84.1,84.0,84.1,SAIL,21416
252,2023-05-09 13:42:00,84.05,NSE,84.05,84.0,84.0,SAIL,13020
253,2023-05-09 13:43:00,84.1,NSE,84.1,84.0,84.0,SAIL,17938
254,2023-05-09 13:44:00,84.05,NSE,84.1,84.05,84.1,SAIL,1318
255,2023-05-09 13:45:00,84.1,NSE,84.1,84.05,84.1,SAIL,12285
256,2023-05-09 13:46:00,84.15,NSE,84.15,84.05,84.05,SAIL,4567
257,2023-05-09 13:47:00,84.15,NSE,84.25,84.15,84.2,SAIL,158558
258,2023-05-09 13:48:00,84.2,NSE,84.2,84.15,84.15,SAIL,112460
259,2023-05-09 13:49:00,84.1,NSE,84.25,84.1,84.2,SAIL,80874
260,2023-05-09 13:50:00,84.15,NSE,84.2,84.1,84.15,SAIL,5565
261,2023-05-09 13:51:00,84.15,NSE,84.2,84.15,84.15,SAIL,4359
262,2023-05-09 13:52:00,84.15,NSE,84.2,84.15,84.15,SAIL,5786
263,2023-05-09 13:53:00,84.1,NSE,84.15,84.05,84.1,SAIL,45431
264,2023-05-09 13:54:00,84.05,NSE,84.05,84.0,84.05,SAIL,14684
265,2023-05-09 13:55:00,83.9,NSE,84.0,83.9,84.0,SAIL,214249
266,2023-05-09 13:56:00,83.9,NSE,84.0,83.9,83.95,SAIL,6039
267,2023-05-09 13:57:00,83.85,NSE,83.95,83.85,83.9,SAIL,19046
268,2023-05-09 13:58:00,83.9,NSE,83.95,83.85,83.9,SAIL,21213
269,2023-05-09 13:59:00,83.85,NSE,83.95,83.85,83.9,SAIL,29619
270,2023-05-09 14:00:00,83.75,NSE,83.9,83.75,83.85,SAIL,40107
271,2023-05-09 14:01:00,83.75,NSE,83.85,83.75,83.8,SAIL,57534
272,2023-05-09 14:02:00,83.75,NSE,83.75,83.7,83.75,SAIL,32531
273,2023-05-09 14:03:00,83.75,NSE,83.8,83.7,83.7,SAIL,33289
274,2023-05-09 14:04:00,83.75,NSE,83.8,83.7,83.7,SAIL,14939
275,2023-05-09 14:05:00,83.7,NSE,83.8,83.65,83.8,SAIL,28260
276,2023-05-09 14:06:00,83.85,NSE,83.85,83.65,83.65,SAIL,57572
277,2023-05-09 14:07:00,83.85,NSE,83.85,83.8,83.8,SAIL,6905
278,2023-05-09 14:08:00,83.8,NSE,83.85,83.8,83.85,SAIL,7906
279,2023-05-09 14:09:00,83.85,NSE,83.9,83.85,83.85,SAIL,49766
280,2023-05-09 14:10:00,83.95,NSE,83.95,83.85,83.85,SAIL,21394
281,2023-05-09 14:11:00,83.95,NSE,84.0,83.9,83.95,SAIL,95084
282,2023-05-09 14:12:00,84.05,NSE,84.05,83.95,84.0,SAIL,89993
283,2023-05-09 14:13:00,84.05,NSE,84.1,84.0,84.0,SAIL,98392
284,2023-05-09 14:14:00,84.0,NSE,84.05,84.0,84.05,SAIL,3510
285,2023-05-09 14:15:00,84.05,NSE,84.1,83.95,84.0,SAIL,115568
286,2023-05-09 14:16:00,84.05,NSE,84.1,84.05,84.05,SAIL,3252
287,2023-05-09 14:17:00,84.05,NSE,84.05,84.0,84.05,SAIL,6523
288,2023-05-09 14:18:00,84.0,NSE,84.05,83.95,84.0,SAIL,14218
289,2023-05-09 14:19:00,84.0,NSE,84.05,83.95,83.95,SAIL,42478
290,2023-05-09 14:20:00,84.05,NSE,84.05,84.0,84.05,SAIL,13944
291,2023-05-09 14:21:00,84.0,NSE,84.05,84.0,84.0,SAIL,2151
292,2023-05-09 14:22:00,84.0,NSE,84.05,84.0,84.0,SAIL,84629
293,2023-05-09 14:23:00,84.1,NSE,84.15,84.0,84.0,SAIL,49617
294,2023-05-09 14:24:00,84.05,NSE,84.1,84.0,84.1,SAIL,2462
295,2023-05-09 14:25:00,84.05,NSE,84.1,84.0,84.0,SAIL,6798
296,2023-05-09 14:26:00,84.1,NSE,84.15,84.05,84.15,SAIL,973
297,2023-05-09 14:27:00,84.1,NSE,84.1,84.05,84.05,SAIL,466
298,2023-05-09 14:28:00,84.15,NSE,84.15,84.05,84.05,SAIL,12398
299,2023-05-09 14:29:00,84.15,NSE,84.15,84.1,84.1,SAIL,5991
300,2023-05-09 14:30:00,84.1,NSE,84.15,84.05,84.1,SAIL,57234
301,2023-05-09 14:31:00,84.2,NSE,84.2,84.1,84.1,SAIL,2566
302,2023-05-09 14:32:00,84.2,NSE,84.2,84.15,84.2,SAIL,16453
303,2023-05-09 14:33:00,84.15,NSE,84.2,84.15,84.15,SAIL,56278
304,2023-05-09 14:34:00,84.25,NSE,84.3,84.15,84.15,SAIL,49823
305,2023-05-09 14:35:00,84.25,NSE,84.3,84.25,84.3,SAIL,20500
306,2023-05-09 14:36:00,84.25,NSE,84.3,84.25,84.25,SAIL,17290
307,2023-05-09 14:37:00,84.25,NSE,84.3,84.25,84.25,SAIL,18987
308,2023-05-09 14:38:00,84.3,NSE,84.3,84.25,84.25,SAIL,5981
309,2023-05-09 14:39:00,84.25,NSE,84.3,84.25,84.25,SAIL,43258
310,2023-05-09 14:40:00,84.3,NSE,84.3,84.25,84.25,SAIL,4583
311,2023-05-09 14:41:00,84.25,NSE,84.3,84.25,84.25,SAIL,13357
312,2023-05-09 14:42:00,84.25,NSE,84.3,84.25,84.25,SAIL,8512
313,2023-05-09 14:43:00,84.25,NSE,84.3,84.2,84.3,SAIL,30942
314,2023-05-09 14:44:00,84.1,NSE,84.25,84.1,84.25,SAIL,12953
315,2023-05-09 14:45:00,84.15,NSE,84.2,84.1,84.1,SAIL,3781
316,2023-05-09 14:46:00,84.15,NSE,84.25,84.15,84.15,SAIL,17295
317,2023-05-09 14:47:00,84.2,NSE,84.2,84.15,84.15,SAIL,16057
318,2023-05-09 14:48:00,84.25,NSE,84.25,84.25,84.25,SAIL,22874
319,2023-05-09 14:49:00,84.15,NSE,84.25,84.15,84.25,SAIL,15740
320,2023-05-09 14:50:00,84.2,NSE,84.2,84.15,84.15,SAIL,1887
321,2023-05-09 14:51:00,84.1,NSE,84.2,84.1,84.15,SAIL,60052
322,2023-05-09 14:52:00,84.05,NSE,84.15,84.05,84.05,SAIL,1644
323,2023-05-09 14:53:00,84.05,NSE,84.1,84.05,84.05,SAIL,8674
324,2023-05-09 14:54:00,84.05,NSE,84.1,84.05,84.1,SAIL,6260
325,2023-05-09 14:55:00,84.15,NSE,84.15,84.05,84.05,SAIL,7710
326,2023-05-09 14:56:00,83.95,NSE,84.15,83.95,84.15,SAIL,136361
327,2023-05-09 14:57:00,83.9,NSE,84.05,83.9,83.95,SAIL,5532
328,2023-05-09 14:58:00,84.1,NSE,84.1,83.95,83.95,SAIL,12082
329,2023-05-09 14:59:00,84.0,NSE,84.1,84.0,84.1,SAIL,2822
330,2023-05-09 15:00:00,84.1,NSE,84.25,84.1,84.1,SAIL,61311
331,2023-05-09 15:01:00,84.1,NSE,84.15,84.1,84.15,SAIL,3153
332,2023-05-09 15:02:00,84.15,NSE,84.15,84.05,84.15,SAIL,13363
333,2023-05-09 15:03:00,84.2,NSE,84.2,84.1,84.1,SAIL,7632
334,2023-05-09 15:04:00,84.15,NSE,84.2,84.15,84.15,SAIL,21916
335,2023-05-09 15:05:00,84.15,NSE,84.2,84.15,84.2,SAIL,4286
336,2023-05-09 15:06:00,84.25,NSE,84.3,84.15,84.2,SAIL,211215
337,2023-05-09 15:07:00,84.25,NSE,84.3,84.15,84.25,SAIL,37240
338,2023-05-09 15:08:00,84.25,NSE,84.25,84.15,84.25,SAIL,1952
339,2023-05-09 15:09:00,84.3,NSE,84.3,84.2,84.25,SAIL,120076
340,2023-05-09 15:10:00,84.2,NSE,84.25,84.15,84.25,SAIL,79470
341,2023-05-09 15:11:00,84.25,NSE,84.25,84.2,84.25,SAIL,22572
342,2023-05-09 15:12:00,84.25,NSE,84.25,84.2,84.25,SAIL,33780
343,2023-05-09 15:13:00,84.25,NSE,84.25,84.25,84.25,SAIL,28397
344,2023-05-09 15:14:00,84.25,NSE,84.25,84.2,84.25,SAIL,19163
345,2023-05-09 15:15:00,84.25,NSE,84.25,84.2,84.25,SAIL,61907
346,2023-05-09 15:16:00,84.25,NSE,84.3,84.2,84.25,SAIL,55584
347,2023-05-09 15:17:00,84.1,NSE,84.25,84.1,84.25,SAIL,59465
348,2023-05-09 15:18:00,84.2,NSE,84.2,84.1,84.15,SAIL,25750
349,2023-05-09 15:19:00,84.15,NSE,84.2,84.1,84.2,SAIL,12464
350,2023-05-09 15:20:00,84.1,NSE,84.2,84.1,84.15,SAIL,59685
351,2023-05-09 15:21:00,84.1,NSE,84.15,84.1,84.15,SAIL,14642
352,2023-05-09 15:22:00,84.15,NSE,84.15,84.1,84.1,SAIL,7716
353,2023-05-09 15:23:00,84.1,NSE,84.15,84.1,84.15,SAIL,39233
354,2023-05-09 15:24:00,84.2,NSE,84.2,84.1,84.15,SAIL,36112
355,2023-05-09 15:25:00,84.15,NSE,84.2,84.15,84.2,SAIL,27931
356,2023-05-09 15:26:00,84.2,NSE,84.2,84.15,84.15,SAIL,29355
357,2023-05-09 15:27:00,84.15,NSE,84.25,84.15,84.15,SAIL,74213
358,2023-05-09 15:28:00,84.25,NSE,84.25,84.2,84.2,SAIL,15268
359,2023-05-09 15:29:00,84.25,NSE,84.25,84.1,84.2,SAIL,26003
