,Unnamed: 0,close,datetime,exchange_code,high,low,open,stock_code,volume
0,0,1535.0,2024-02-07 09:07:00,NSE,1535.0,1535.0,1535.0,BIRCOR,0
1,1,1529.7,2024-02-07 09:15:00,NSE,1535.0,1527.65,1530.0,BIRCOR,5263
2,2,1525.0,2024-02-07 09:16:00,NSE,1530.0,1523.8,1530.0,BIRCOR,4909
3,3,1528.0,2024-02-07 09:17:00,NSE,1528.05,1526.0,1526.0,BIRCOR,2903
4,4,1536.05,2024-02-07 09:18:00,NSE,1536.05,1529.1,1530.0,BIRCOR,4928
5,5,1534.15,2024-02-07 09:19:00,NSE,1539.9,1534.15,1536.65,BIRCOR,3951
6,6,1534.0,2024-02-07 09:20:00,NSE,1534.05,1530.0,1532.4,BIRCOR,2749
7,7,1535.25,2024-02-07 09:21:00,NSE,1536.5,1534.0,1534.0,BIRCOR,2740
8,8,1535.95,2024-02-07 09:22:00,NSE,1536.55,1534.25,1535.25,BIRCOR,722
9,9,1536.8,2024-02-07 09:23:00,NSE,1536.8,1535.0,1535.95,BIRCOR,1057
10,10,1537.2,2024-02-07 09:24:00,NSE,1537.2,1534.55,1535.0,BIRCOR,543
11,11,1536.15,2024-02-07 09:25:00,NSE,1538.95,1536.15,1537.85,BIRCOR,787
12,12,1538.9,2024-02-07 09:26:00,NSE,1538.9,1536.15,1536.15,BIRCOR,493
13,13,1538.75,2024-02-07 09:27:00,NSE,1538.8,1536.35,1536.35,BIRCOR,311
14,14,1545.95,2024-02-07 09:28:00,NSE,1545.95,1538.75,1538.75,BIRCOR,2316
15,15,1540.55,2024-02-07 09:29:00,NSE,1546.4,1538.55,1546.05,BIRCOR,996
16,16,1539.2,2024-02-07 09:30:00,NSE,1541.45,1538.25,1540.55,BIRCOR,473
17,17,1541.0,2024-02-07 09:31:00,NSE,1543.55,1539.2,1540.35,BIRCOR,190
18,18,1542.25,2024-02-07 09:32:00,NSE,1544.0,1539.05,1541.0,BIRCOR,1801
19,19,1546.4,2024-02-07 09:33:00,NSE,1546.4,1542.1,1542.8,BIRCOR,851
20,20,1548.65,2024-02-07 09:34:00,NSE,1548.9,1547.05,1548.0,BIRCOR,1587
21,21,1548.65,2024-02-07 09:35:00,NSE,1548.7,1547.35,1547.6,BIRCOR,765
22,22,1547.45,2024-02-07 09:36:00,NSE,1548.5,1546.4,1548.5,BIRCOR,754
23,23,1551.8,2024-02-07 09:37:00,NSE,1554.0,1547.45,1547.45,BIRCOR,4129
24,24,1557.05,2024-02-07 09:38:00,NSE,1559.95,1551.75,1552.85,BIRCOR,3969
25,25,1565.0,2024-02-07 09:39:00,NSE,1567.7,1558.0,1558.8,BIRCOR,8033
26,26,1572.15,2024-02-07 09:40:00,NSE,1576.2,1559.8,1565.0,BIRCOR,6805
27,27,1563.15,2024-02-07 09:41:00,NSE,1572.6,1560.4,1572.45,BIRCOR,5717
28,28,1562.0,2024-02-07 09:42:00,NSE,1564.0,1556.05,1563.15,BIRCOR,2761
29,29,1560.2,2024-02-07 09:43:00,NSE,1562.0,1557.4,1562.0,BIRCOR,2224
30,30,1556.3,2024-02-07 09:44:00,NSE,1562.0,1553.0,1562.0,BIRCOR,2411
31,31,1555.75,2024-02-07 09:45:00,NSE,1556.8,1553.85,1556.8,BIRCOR,407
32,32,1550.4,2024-02-07 09:46:00,NSE,1555.75,1550.0,1555.75,BIRCOR,2966
33,33,1555.0,2024-02-07 09:47:00,NSE,1555.0,1550.05,1550.5,BIRCOR,545
34,34,1553.3,2024-02-07 09:48:00,NSE,1557.9,1553.3,1556.0,BIRCOR,875
35,35,1557.8,2024-02-07 09:49:00,NSE,1558.0,1553.3,1553.3,BIRCOR,1020
36,36,1557.5,2024-02-07 09:50:00,NSE,1557.8,1555.1,1557.8,BIRCOR,612
37,37,1556.95,2024-02-07 09:51:00,NSE,1557.8,1555.0,1557.0,BIRCOR,446
38,38,1566.1,2024-02-07 09:52:00,NSE,1566.1,1556.95,1556.95,BIRCOR,3045
39,39,1565.65,2024-02-07 09:53:00,NSE,1570.0,1565.65,1568.0,BIRCOR,3885
40,40,1562.9,2024-02-07 09:54:00,NSE,1567.85,1560.3,1566.0,BIRCOR,689
41,41,1560.2,2024-02-07 09:55:00,NSE,1562.85,1559.05,1561.15,BIRCOR,781
42,42,1562.7,2024-02-07 09:56:00,NSE,1562.9,1560.2,1560.2,BIRCOR,100
43,43,1557.85,2024-02-07 09:57:00,NSE,1561.65,1557.85,1560.2,BIRCOR,1826
44,44,1557.6,2024-02-07 09:58:00,NSE,1560.0,1557.55,1557.75,BIRCOR,307
45,45,1559.95,2024-02-07 09:59:00,NSE,1559.95,1557.0,1557.6,BIRCOR,237
46,46,1557.0,2024-02-07 10:00:00,NSE,1560.0,1555.7,1558.0,BIRCOR,295
47,47,1559.5,2024-02-07 10:01:00,NSE,1559.9,1555.8,1557.0,BIRCOR,162
48,48,1555.2,2024-02-07 10:02:00,NSE,1559.5,1555.2,1559.5,BIRCOR,33
49,49,1555.45,2024-02-07 10:03:00,NSE,1556.95,1554.4,1555.2,BIRCOR,387
50,50,1554.4,2024-02-07 10:04:00,NSE,1556.0,1553.55,1555.45,BIRCOR,356
51,51,1554.2,2024-02-07 10:05:00,NSE,1554.2,1550.75,1553.0,BIRCOR,406
52,52,1557.0,2024-02-07 10:06:00,NSE,1557.0,1552.1,1552.9,BIRCOR,1338
53,53,1559.15,2024-02-07 10:07:00,NSE,1559.15,1554.15,1555.2,BIRCOR,1496
54,54,1562.85,2024-02-07 10:08:00,NSE,1562.85,1558.95,1559.15,BIRCOR,506
55,55,1563.5,2024-02-07 10:09:00,NSE,1568.2,1562.85,1562.9,BIRCOR,2375
56,56,1566.55,2024-02-07 10:10:00,NSE,1570.0,1564.5,1566.0,BIRCOR,517
57,57,1567.7,2024-02-07 10:11:00,NSE,1571.85,1565.55,1567.95,BIRCOR,1991
58,58,1569.35,2024-02-07 10:12:00,NSE,1570.0,1566.2,1567.95,BIRCOR,301
59,59,1567.65,2024-02-07 10:13:00,NSE,1569.2,1566.5,1566.5,BIRCOR,530
60,60,1568.4,2024-02-07 10:14:00,NSE,1569.2,1566.05,1568.95,BIRCOR,323
61,61,1568.05,2024-02-07 10:15:00,NSE,1570.0,1567.2,1569.2,BIRCOR,179
62,62,1570.0,2024-02-07 10:16:00,NSE,1570.65,1568.7,1569.95,BIRCOR,462
63,63,1568.05,2024-02-07 10:17:00,NSE,1568.75,1566.05,1566.05,BIRCOR,909
64,64,1567.05,2024-02-07 10:18:00,NSE,1569.45,1565.75,1569.45,BIRCOR,718
65,65,1565.05,2024-02-07 10:19:00,NSE,1567.45,1565.05,1567.2,BIRCOR,357
66,66,1567.3,2024-02-07 10:20:00,NSE,1567.8,1565.05,1565.05,BIRCOR,150
67,67,1565.8,2024-02-07 10:21:00,NSE,1567.25,1565.05,1565.6,BIRCOR,226
68,68,1565.8,2024-02-07 10:22:00,NSE,1567.15,1565.05,1565.8,BIRCOR,212
69,69,1566.0,2024-02-07 10:23:00,NSE,1567.15,1565.05,1566.0,BIRCOR,248
70,70,1566.5,2024-02-07 10:24:00,NSE,1569.0,1565.05,1565.05,BIRCOR,1028
71,71,1566.2,2024-02-07 10:25:00,NSE,1567.85,1566.2,1567.85,BIRCOR,92
72,72,1566.85,2024-02-07 10:26:00,NSE,1566.85,1564.5,1566.2,BIRCOR,642
73,73,1566.15,2024-02-07 10:27:00,NSE,1567.9,1565.65,1567.9,BIRCOR,62
74,74,1565.95,2024-02-07 10:28:00,NSE,1567.9,1565.95,1566.15,BIRCOR,190
75,75,1566.65,2024-02-07 10:29:00,NSE,1567.0,1564.1,1565.3,BIRCOR,239
76,76,1565.9,2024-02-07 10:30:00,NSE,1566.9,1564.55,1565.0,BIRCOR,171
77,77,1566.15,2024-02-07 10:31:00,NSE,1566.4,1564.55,1564.6,BIRCOR,75
78,78,1566.9,2024-02-07 10:32:00,NSE,1566.9,1564.55,1564.55,BIRCOR,724
79,79,1565.45,2024-02-07 10:33:00,NSE,1566.9,1565.35,1566.9,BIRCOR,113
80,80,1566.2,2024-02-07 10:34:00,NSE,1566.85,1564.0,1565.45,BIRCOR,194
81,81,1565.0,2024-02-07 10:35:00,NSE,1566.15,1563.4,1566.0,BIRCOR,1607
82,82,1564.85,2024-02-07 10:36:00,NSE,1565.0,1563.45,1565.0,BIRCOR,9
83,83,1567.2,2024-02-07 10:37:00,NSE,1567.5,1564.85,1564.85,BIRCOR,494
84,84,1567.45,2024-02-07 10:38:00,NSE,1567.45,1565.55,1567.4,BIRCOR,292
85,85,1567.3,2024-02-07 10:39:00,NSE,1567.45,1565.25,1565.85,BIRCOR,148
86,86,1565.85,2024-02-07 10:40:00,NSE,1567.35,1565.55,1565.9,BIRCOR,30
87,87,1568.65,2024-02-07 10:41:00,NSE,1569.0,1565.7,1565.7,BIRCOR,886
88,88,1566.1,2024-02-07 10:42:00,NSE,1568.5,1566.0,1566.35,BIRCOR,199
89,89,1565.55,2024-02-07 10:43:00,NSE,1567.25,1563.15,1567.25,BIRCOR,388
90,90,1566.5,2024-02-07 10:44:00,NSE,1566.6,1566.05,1566.05,BIRCOR,21
91,91,1566.15,2024-02-07 10:45:00,NSE,1566.5,1564.75,1566.5,BIRCOR,496
92,92,1566.5,2024-02-07 10:46:00,NSE,1566.5,1564.15,1566.15,BIRCOR,37
93,93,1566.0,2024-02-07 10:47:00,NSE,1566.5,1564.55,1566.5,BIRCOR,380
94,94,1565.9,2024-02-07 10:48:00,NSE,1566.0,1565.9,1566.0,BIRCOR,23
95,95,1565.9,2024-02-07 10:49:00,NSE,1565.9,1564.5,1565.9,BIRCOR,19
96,96,1565.75,2024-02-07 10:50:00,NSE,1565.85,1564.25,1565.85,BIRCOR,98
97,97,1564.25,2024-02-07 10:51:00,NSE,1565.8,1564.25,1565.8,BIRCOR,5
98,98,1570.3,2024-02-07 10:52:00,NSE,1570.3,1564.25,1564.25,BIRCOR,1651
99,99,1573.4,2024-02-07 10:53:00,NSE,1573.4,1571.0,1572.0,BIRCOR,599
100,100,1572.6,2024-02-07 10:54:00,NSE,1573.95,1571.6,1573.7,BIRCOR,1570
101,101,1572.55,2024-02-07 10:55:00,NSE,1574.2,1570.85,1572.6,BIRCOR,1005
102,102,1572.55,2024-02-07 10:56:00,NSE,1574.2,1571.65,1574.1,BIRCOR,960
103,103,1575.1,2024-02-07 10:57:00,NSE,1580.0,1574.05,1574.05,BIRCOR,7034
104,104,1575.45,2024-02-07 10:58:00,NSE,1576.4,1572.2,1575.65,BIRCOR,562
105,105,1568.75,2024-02-07 10:59:00,NSE,1575.8,1566.9,1575.45,BIRCOR,1109
106,106,1567.45,2024-02-07 11:00:00,NSE,1568.8,1567.2,1568.75,BIRCOR,269
107,107,1569.0,2024-02-07 11:01:00,NSE,1570.0,1566.2,1566.2,BIRCOR,284
108,108,1568.0,2024-02-07 11:02:00,NSE,1569.0,1567.45,1569.0,BIRCOR,64
109,109,1567.35,2024-02-07 11:03:00,NSE,1568.2,1562.9,1568.2,BIRCOR,1341
110,110,1566.55,2024-02-07 11:04:00,NSE,1567.05,1565.05,1565.05,BIRCOR,80
111,111,1563.2,2024-02-07 11:05:00,NSE,1569.65,1563.2,1566.55,BIRCOR,1318
112,112,1564.45,2024-02-07 11:06:00,NSE,1564.65,1562.1,1563.9,BIRCOR,178
113,113,1563.75,2024-02-07 11:07:00,NSE,1565.65,1559.2,1562.9,BIRCOR,1952
114,114,1562.05,2024-02-07 11:08:00,NSE,1562.9,1560.3,1562.9,BIRCOR,215
115,115,1562.0,2024-02-07 11:09:00,NSE,1562.2,1560.0,1562.05,BIRCOR,52
116,116,1563.95,2024-02-07 11:10:00,NSE,1564.55,1562.0,1562.0,BIRCOR,246
117,117,1563.25,2024-02-07 11:11:00,NSE,1565.0,1562.0,1562.0,BIRCOR,288
118,118,1562.15,2024-02-07 11:12:00,NSE,1564.55,1562.15,1563.25,BIRCOR,78
119,119,1564.05,2024-02-07 11:13:00,NSE,1564.6,1562.1,1562.95,BIRCOR,340
120,120,1564.0,2024-02-07 11:14:00,NSE,1564.05,1564.0,1564.05,BIRCOR,205
121,121,1560.95,2024-02-07 11:15:00,NSE,1564.0,1557.05,1564.0,BIRCOR,1191
122,122,1562.55,2024-02-07 11:16:00,NSE,1564.55,1560.95,1560.95,BIRCOR,290
123,123,1561.9,2024-02-07 11:17:00,NSE,1563.8,1561.9,1562.55,BIRCOR,212
124,124,1563.35,2024-02-07 11:18:00,NSE,1563.55,1560.9,1561.9,BIRCOR,247
125,125,1562.75,2024-02-07 11:19:00,NSE,1563.35,1560.65,1563.35,BIRCOR,68
126,126,1564.0,2024-02-07 11:20:00,NSE,1564.95,1561.0,1562.75,BIRCOR,1070
127,127,1564.9,2024-02-07 11:21:00,NSE,1564.95,1562.0,1564.0,BIRCOR,537
128,128,1561.1,2024-02-07 11:22:00,NSE,1564.95,1561.1,1564.9,BIRCOR,273
129,129,1562.55,2024-02-07 11:23:00,NSE,1564.7,1561.1,1561.1,BIRCOR,396
130,130,1562.35,2024-02-07 11:24:00,NSE,1563.65,1560.75,1561.6,BIRCOR,79
131,131,1559.55,2024-02-07 11:25:00,NSE,1562.35,1557.6,1562.35,BIRCOR,87
132,132,1560.75,2024-02-07 11:26:00,NSE,1560.75,1557.9,1557.9,BIRCOR,132
133,133,1558.75,2024-02-07 11:27:00,NSE,1560.75,1555.75,1560.75,BIRCOR,673
134,134,1559.0,2024-02-07 11:28:00,NSE,1559.0,1557.1,1557.1,BIRCOR,71
135,135,1559.0,2024-02-07 11:29:00,NSE,1559.0,1557.05,1557.05,BIRCOR,69
136,136,1559.4,2024-02-07 11:30:00,NSE,1559.7,1557.9,1559.0,BIRCOR,55
137,137,1557.6,2024-02-07 11:31:00,NSE,1560.15,1555.05,1559.4,BIRCOR,653
138,138,1551.85,2024-02-07 11:32:00,NSE,1557.6,1551.85,1557.6,BIRCOR,3833
139,139,1554.5,2024-02-07 11:33:00,NSE,1554.85,1551.2,1551.85,BIRCOR,805
140,140,1554.25,2024-02-07 11:34:00,NSE,1554.95,1552.2,1554.5,BIRCOR,359
141,141,1554.8,2024-02-07 11:35:00,NSE,1554.8,1550.25,1554.25,BIRCOR,266
142,142,1556.95,2024-02-07 11:36:00,NSE,1556.95,1555.0,1555.0,BIRCOR,463
143,143,1556.5,2024-02-07 11:37:00,NSE,1556.85,1555.2,1556.85,BIRCOR,31
144,144,1554.9,2024-02-07 11:38:00,NSE,1556.5,1552.85,1556.5,BIRCOR,122
145,145,1556.3,2024-02-07 11:39:00,NSE,1558.4,1550.5,1554.9,BIRCOR,2635
146,146,1558.8,2024-02-07 11:40:00,NSE,1558.8,1553.75,1553.75,BIRCOR,396
147,147,1554.05,2024-02-07 11:41:00,NSE,1558.8,1553.65,1558.8,BIRCOR,345
148,148,1555.55,2024-02-07 11:42:00,NSE,1555.55,1553.5,1554.05,BIRCOR,23
149,149,1555.6,2024-02-07 11:43:00,NSE,1555.6,1553.25,1555.0,BIRCOR,47
150,150,1556.0,2024-02-07 11:44:00,NSE,1556.0,1554.75,1555.6,BIRCOR,16
151,151,1556.0,2024-02-07 11:45:00,NSE,1556.0,1554.0,1556.0,BIRCOR,110
152,152,1555.8,2024-02-07 11:46:00,NSE,1556.0,1555.8,1556.0,BIRCOR,80
153,153,1555.95,2024-02-07 11:47:00,NSE,1556.0,1555.5,1555.85,BIRCOR,157
154,154,1555.95,2024-02-07 11:48:00,NSE,1555.95,1555.0,1555.0,BIRCOR,15
155,155,1562.45,2024-02-07 11:49:00,NSE,1562.45,1555.0,1555.95,BIRCOR,528
156,156,1561.95,2024-02-07 11:50:00,NSE,1562.45,1560.9,1562.45,BIRCOR,338
157,157,1562.3,2024-02-07 11:51:00,NSE,1562.3,1560.0,1561.95,BIRCOR,20
158,158,1561.4,2024-02-07 11:52:00,NSE,1562.3,1560.6,1562.3,BIRCOR,19
159,159,1561.15,2024-02-07 11:53:00,NSE,1561.95,1560.6,1561.95,BIRCOR,21
160,160,1561.5,2024-02-07 11:54:00,NSE,1562.3,1560.3,1561.15,BIRCOR,136
161,161,1559.55,2024-02-07 11:55:00,NSE,1561.5,1558.2,1561.5,BIRCOR,50
162,162,1558.95,2024-02-07 11:56:00,NSE,1559.55,1558.05,1559.55,BIRCOR,3
163,163,1557.0,2024-02-07 11:57:00,NSE,1558.8,1555.05,1558.8,BIRCOR,253
164,164,1557.75,2024-02-07 11:58:00,NSE,1558.4,1557.0,1557.0,BIRCOR,55
165,165,1557.7,2024-02-07 11:59:00,NSE,1557.75,1557.65,1557.75,BIRCOR,7
166,166,1561.4,2024-02-07 12:00:00,NSE,1561.4,1556.65,1557.7,BIRCOR,1188
167,167,1560.6,2024-02-07 12:01:00,NSE,1562.0,1558.35,1562.0,BIRCOR,91
168,168,1560.6,2024-02-07 12:02:00,NSE,1560.65,1559.2,1560.6,BIRCOR,30
169,169,1560.6,2024-02-07 12:03:00,NSE,1560.65,1560.6,1560.6,BIRCOR,17
170,170,1560.6,2024-02-07 12:04:00,NSE,1560.65,1559.55,1560.6,BIRCOR,12
171,171,1559.55,2024-02-07 12:05:00,NSE,1560.6,1558.7,1560.6,BIRCOR,75
172,172,1559.45,2024-02-07 12:06:00,NSE,1561.55,1558.45,1558.45,BIRCOR,218
173,173,1560.65,2024-02-07 12:07:00,NSE,1560.75,1558.95,1559.45,BIRCOR,11
174,174,1562.95,2024-02-07 12:08:00,NSE,1562.95,1558.6,1558.85,BIRCOR,516
175,175,1560.55,2024-02-07 12:09:00,NSE,1562.95,1560.55,1562.95,BIRCOR,252
176,176,1559.7,2024-02-07 12:10:00,NSE,1560.55,1558.8,1560.55,BIRCOR,20
177,177,1560.0,2024-02-07 12:11:00,NSE,1560.0,1558.25,1559.7,BIRCOR,126
178,178,1557.9,2024-02-07 12:12:00,NSE,1560.0,1556.5,1560.0,BIRCOR,131
179,179,1558.9,2024-02-07 12:13:00,NSE,1558.9,1556.65,1557.9,BIRCOR,45
180,180,1556.75,2024-02-07 12:14:00,NSE,1558.9,1556.7,1558.55,BIRCOR,162
181,181,1558.85,2024-02-07 12:15:00,NSE,1559.8,1556.25,1556.75,BIRCOR,211
182,182,1552.95,2024-02-07 12:16:00,NSE,1558.85,1550.0,1558.85,BIRCOR,962
183,183,1546.0,2024-02-07 12:17:00,NSE,1552.05,1545.0,1552.0,BIRCOR,15774
184,184,1550.5,2024-02-07 12:18:00,NSE,1550.5,1545.1,1546.0,BIRCOR,296
185,185,1548.5,2024-02-07 12:19:00,NSE,1550.5,1547.25,1550.5,BIRCOR,113
186,186,1548.0,2024-02-07 12:20:00,NSE,1548.5,1547.0,1548.5,BIRCOR,221
187,187,1549.45,2024-02-07 12:21:00,NSE,1550.15,1547.8,1550.15,BIRCOR,124
188,188,1548.7,2024-02-07 12:22:00,NSE,1549.95,1548.7,1549.95,BIRCOR,13
189,189,1548.45,2024-02-07 12:23:00,NSE,1550.0,1548.45,1548.7,BIRCOR,16
190,190,1548.75,2024-02-07 12:24:00,NSE,1549.55,1548.45,1548.45,BIRCOR,136
191,191,1548.0,2024-02-07 12:25:00,NSE,1548.75,1548.0,1548.75,BIRCOR,36
192,192,1548.0,2024-02-07 12:26:00,NSE,1548.0,1547.9,1548.0,BIRCOR,39
193,193,1550.0,2024-02-07 12:27:00,NSE,1550.0,1546.55,1548.0,BIRCOR,339
194,194,1549.6,2024-02-07 12:28:00,NSE,1549.6,1548.0,1548.0,BIRCOR,148
195,195,1548.5,2024-02-07 12:29:00,NSE,1549.7,1546.75,1549.6,BIRCOR,129
196,196,1546.25,2024-02-07 12:30:00,NSE,1548.8,1546.25,1548.5,BIRCOR,213
197,197,1545.0,2024-02-07 12:31:00,NSE,1546.5,1544.35,1546.25,BIRCOR,380
198,198,1542.1,2024-02-07 12:32:00,NSE,1545.0,1540.05,1545.0,BIRCOR,1258
199,199,1543.45,2024-02-07 12:33:00,NSE,1543.75,1542.0,1542.1,BIRCOR,66
200,200,1540.1,2024-02-07 12:34:00,NSE,1543.55,1540.1,1543.45,BIRCOR,535
201,201,1542.95,2024-02-07 12:35:00,NSE,1542.95,1541.05,1541.6,BIRCOR,907
202,202,1540.0,2024-02-07 12:36:00,NSE,1542.95,1540.0,1542.95,BIRCOR,128
203,203,1541.5,2024-02-07 12:37:00,NSE,1541.55,1540.0,1540.0,BIRCOR,36
204,204,1540.0,2024-02-07 12:38:00,NSE,1541.5,1540.0,1541.5,BIRCOR,134
205,205,1542.15,2024-02-07 12:39:00,NSE,1542.15,1540.9,1540.9,BIRCOR,56
206,206,1541.85,2024-02-07 12:40:00,NSE,1542.15,1540.05,1542.15,BIRCOR,7
207,207,1542.1,2024-02-07 12:41:00,NSE,1542.2,1540.75,1541.85,BIRCOR,57
208,208,1541.3,2024-02-07 12:42:00,NSE,1542.2,1541.25,1542.1,BIRCOR,34
209,209,1541.2,2024-02-07 12:43:00,NSE,1541.3,1541.15,1541.3,BIRCOR,6
210,210,1541.3,2024-02-07 12:44:00,NSE,1541.3,1541.2,1541.2,BIRCOR,10
211,211,1542.4,2024-02-07 12:45:00,NSE,1542.4,1540.2,1541.3,BIRCOR,51
212,212,1541.6,2024-02-07 12:46:00,NSE,1542.4,1540.85,1542.4,BIRCOR,36
213,213,1541.45,2024-02-07 12:47:00,NSE,1541.6,1541.2,1541.6,BIRCOR,53
214,214,1540.05,2024-02-07 12:48:00,NSE,1541.65,1540.05,1541.5,BIRCOR,593
215,215,1543.6,2024-02-07 12:49:00,NSE,1544.45,1540.05,1540.05,BIRCOR,408
216,216,1542.65,2024-02-07 12:50:00,NSE,1543.6,1540.85,1543.6,BIRCOR,93
217,217,1540.85,2024-02-07 12:51:00,NSE,1542.6,1540.85,1542.6,BIRCOR,14
218,218,1542.9,2024-02-07 12:52:00,NSE,1542.9,1540.85,1540.85,BIRCOR,74
219,219,1543.55,2024-02-07 12:53:00,NSE,1544.15,1542.2,1542.9,BIRCOR,162
220,220,1541.5,2024-02-07 12:54:00,NSE,1543.5,1540.1,1542.25,BIRCOR,105
221,221,1541.5,2024-02-07 12:55:00,NSE,1542.85,1541.5,1541.5,BIRCOR,31
222,222,1542.15,2024-02-07 12:56:00,NSE,1543.85,1541.5,1541.5,BIRCOR,18
223,223,1543.0,2024-02-07 12:57:00,NSE,1543.8,1542.15,1542.15,BIRCOR,11
224,224,1544.9,2024-02-07 12:58:00,NSE,1544.9,1542.8,1543.0,BIRCOR,85
225,225,1544.95,2024-02-07 12:59:00,NSE,1545.0,1543.95,1543.95,BIRCOR,22
226,226,1544.75,2024-02-07 13:00:00,NSE,1544.95,1544.75,1544.95,BIRCOR,17
227,227,1545.0,2024-02-07 13:01:00,NSE,1545.0,1544.0,1544.75,BIRCOR,35
228,228,1545.0,2024-02-07 13:02:00,NSE,1545.0,1545.0,1545.0,BIRCOR,28
229,229,1541.2,2024-02-07 13:03:00,NSE,1544.9,1540.0,1544.8,BIRCOR,607
230,230,1543.5,2024-02-07 13:04:00,NSE,1543.6,1541.45,1541.45,BIRCOR,21
231,231,1543.25,2024-02-07 13:05:00,NSE,1543.95,1543.0,1543.5,BIRCOR,19
232,232,1544.45,2024-02-07 13:06:00,NSE,1544.7,1543.0,1543.25,BIRCOR,21
233,233,1544.45,2024-02-07 13:07:00,NSE,1544.9,1544.3,1544.45,BIRCOR,15
234,234,1544.9,2024-02-07 13:08:00,NSE,1544.95,1544.4,1544.45,BIRCOR,83
235,235,1544.9,2024-02-07 13:09:00,NSE,1544.95,1544.9,1544.9,BIRCOR,30
236,236,1544.9,2024-02-07 13:10:00,NSE,1544.9,1544.35,1544.35,BIRCOR,16
237,237,1544.55,2024-02-07 13:11:00,NSE,1544.9,1543.15,1544.9,BIRCOR,134
238,238,1544.85,2024-02-07 13:12:00,NSE,1544.9,1544.45,1544.6,BIRCOR,59
239,239,1544.9,2024-02-07 13:13:00,NSE,1544.9,1544.85,1544.85,BIRCOR,18
240,240,1544.2,2024-02-07 13:14:00,NSE,1544.9,1544.2,1544.9,BIRCOR,11
241,241,1544.2,2024-02-07 13:15:00,NSE,1544.2,1544.1,1544.2,BIRCOR,65
242,242,1544.1,2024-02-07 13:16:00,NSE,1544.25,1543.55,1544.2,BIRCOR,12
243,243,1544.55,2024-02-07 13:17:00,NSE,1544.7,1543.85,1544.1,BIRCOR,12
244,244,1543.85,2024-02-07 13:18:00,NSE,1544.5,1542.85,1544.25,BIRCOR,13
245,245,1543.95,2024-02-07 13:19:00,NSE,1545.0,1543.5,1543.85,BIRCOR,2137
246,246,1541.4,2024-02-07 13:20:00,NSE,1543.35,1541.4,1543.35,BIRCOR,32
247,247,1543.35,2024-02-07 13:21:00,NSE,1543.35,1541.4,1541.4,BIRCOR,67
248,248,1543.4,2024-02-07 13:22:00,NSE,1543.8,1542.45,1543.35,BIRCOR,68
249,249,1544.4,2024-02-07 13:23:00,NSE,1544.4,1542.6,1543.45,BIRCOR,63
250,250,1542.45,2024-02-07 13:24:00,NSE,1544.9,1542.45,1544.45,BIRCOR,106
251,251,1543.6,2024-02-07 13:25:00,NSE,1544.55,1541.35,1542.45,BIRCOR,327
252,252,1543.9,2024-02-07 13:26:00,NSE,1543.9,1543.05,1543.6,BIRCOR,212
253,253,1543.9,2024-02-07 13:27:00,NSE,1544.95,1542.65,1543.9,BIRCOR,80
254,254,1543.5,2024-02-07 13:28:00,NSE,1544.25,1542.9,1543.9,BIRCOR,20
255,255,1542.95,2024-02-07 13:29:00,NSE,1543.5,1542.35,1543.5,BIRCOR,47
256,256,1542.4,2024-02-07 13:30:00,NSE,1543.05,1541.45,1541.45,BIRCOR,41
257,257,1543.75,2024-02-07 13:31:00,NSE,1543.75,1542.4,1542.4,BIRCOR,11
258,258,1544.15,2024-02-07 13:32:00,NSE,1544.2,1542.35,1542.35,BIRCOR,35
259,259,1543.05,2024-02-07 13:33:00,NSE,1544.0,1543.05,1544.0,BIRCOR,74
260,260,1543.4,2024-02-07 13:34:00,NSE,1543.5,1542.45,1543.05,BIRCOR,47
261,261,1542.15,2024-02-07 13:35:00,NSE,1542.9,1541.1,1542.9,BIRCOR,267
262,262,1541.4,2024-02-07 13:36:00,NSE,1542.2,1541.0,1542.15,BIRCOR,427
263,263,1543.1,2024-02-07 13:37:00,NSE,1543.1,1540.4,1541.4,BIRCOR,224
264,264,1543.5,2024-02-07 13:38:00,NSE,1543.5,1541.95,1543.1,BIRCOR,16
265,265,1543.3,2024-02-07 13:39:00,NSE,1543.5,1542.75,1543.45,BIRCOR,16
266,266,1544.55,2024-02-07 13:40:00,NSE,1545.0,1543.3,1543.3,BIRCOR,52
267,267,1545.0,2024-02-07 13:41:00,NSE,1545.0,1544.45,1544.55,BIRCOR,44
268,268,1543.25,2024-02-07 13:42:00,NSE,1545.0,1543.25,1544.85,BIRCOR,60
269,269,1545.0,2024-02-07 13:43:00,NSE,1545.0,1543.25,1543.25,BIRCOR,11
270,270,1544.5,2024-02-07 13:44:00,NSE,1545.0,1544.5,1545.0,BIRCOR,11
271,271,1544.65,2024-02-07 13:45:00,NSE,1544.9,1543.3,1544.9,BIRCOR,43
272,272,1542.65,2024-02-07 13:46:00,NSE,1544.65,1542.65,1544.65,BIRCOR,8
273,273,1544.1,2024-02-07 13:47:00,NSE,1544.15,1541.95,1542.65,BIRCOR,29
274,274,1543.05,2024-02-07 13:48:00,NSE,1544.65,1542.6,1544.25,BIRCOR,11
275,275,1543.85,2024-02-07 13:49:00,NSE,1543.85,1542.4,1543.05,BIRCOR,13
276,276,1543.85,2024-02-07 13:50:00,NSE,1543.9,1542.2,1543.85,BIRCOR,24
277,277,1543.45,2024-02-07 13:51:00,NSE,1543.9,1543.2,1543.9,BIRCOR,46
278,278,1542.8,2024-02-07 13:52:00,NSE,1543.25,1542.25,1542.25,BIRCOR,16
279,279,1543.2,2024-02-07 13:53:00,NSE,1543.2,1541.7,1542.65,BIRCOR,42
280,280,1543.3,2024-02-07 13:54:00,NSE,1543.3,1543.15,1543.2,BIRCOR,16
281,281,1543.25,2024-02-07 13:55:00,NSE,1543.4,1543.25,1543.3,BIRCOR,14
282,282,1543.45,2024-02-07 13:56:00,NSE,1545.0,1543.25,1543.25,BIRCOR,166
283,283,1542.9,2024-02-07 13:57:00,NSE,1543.9,1541.55,1543.3,BIRCOR,79
284,284,1543.75,2024-02-07 13:58:00,NSE,1543.75,1542.2,1542.85,BIRCOR,37
285,285,1542.8,2024-02-07 13:59:00,NSE,1544.4,1542.8,1544.4,BIRCOR,25
286,286,1542.3,2024-02-07 14:00:00,NSE,1544.1,1542.3,1543.45,BIRCOR,17
287,287,1543.45,2024-02-07 14:01:00,NSE,1544.1,1542.3,1542.3,BIRCOR,15
288,288,1542.9,2024-02-07 14:02:00,NSE,1543.15,1541.65,1542.9,BIRCOR,27
289,289,1542.5,2024-02-07 14:03:00,NSE,1542.9,1541.4,1542.25,BIRCOR,23
290,290,1542.7,2024-02-07 14:04:00,NSE,1542.7,1541.45,1542.5,BIRCOR,37
291,291,1542.35,2024-02-07 14:05:00,NSE,1542.9,1542.05,1542.7,BIRCOR,121
292,292,1540.25,2024-02-07 14:06:00,NSE,1543.25,1540.25,1542.8,BIRCOR,55
293,293,1545.0,2024-02-07 14:07:00,NSE,1545.0,1540.85,1540.85,BIRCOR,737
294,294,1544.45,2024-02-07 14:08:00,NSE,1545.0,1543.95,1545.0,BIRCOR,164
295,295,1542.25,2024-02-07 14:09:00,NSE,1544.9,1542.25,1544.45,BIRCOR,66
296,296,1543.85,2024-02-07 14:10:00,NSE,1543.85,1540.75,1542.25,BIRCOR,22
297,297,1542.3,2024-02-07 14:11:00,NSE,1543.1,1540.9,1543.1,BIRCOR,79
298,298,1542.05,2024-02-07 14:12:00,NSE,1542.05,1541.1,1541.7,BIRCOR,33
299,299,1540.0,2024-02-07 14:13:00,NSE,1542.05,1540.0,1542.05,BIRCOR,2101
300,300,1540.5,2024-02-07 14:14:00,NSE,1542.25,1540.1,1540.1,BIRCOR,159
301,301,1540.5,2024-02-07 14:15:00,NSE,1541.7,1540.5,1540.5,BIRCOR,76
302,302,1540.6,2024-02-07 14:16:00,NSE,1541.45,1540.5,1540.55,BIRCOR,20
303,303,1540.5,2024-02-07 14:17:00,NSE,1541.55,1540.5,1540.6,BIRCOR,23
304,304,1542.0,2024-02-07 14:18:00,NSE,1542.0,1540.5,1540.5,BIRCOR,83
305,305,1540.7,2024-02-07 14:19:00,NSE,1541.9,1540.55,1541.25,BIRCOR,306
306,306,1540.8,2024-02-07 14:20:00,NSE,1541.8,1540.6,1540.7,BIRCOR,22
307,307,1541.9,2024-02-07 14:21:00,NSE,1541.9,1540.5,1540.8,BIRCOR,104
308,308,1540.9,2024-02-07 14:22:00,NSE,1541.9,1540.0,1541.9,BIRCOR,1181
309,309,1540.5,2024-02-07 14:23:00,NSE,1541.65,1540.0,1540.9,BIRCOR,258
310,310,1540.1,2024-02-07 14:24:00,NSE,1541.4,1540.05,1540.5,BIRCOR,138
311,311,1542.0,2024-02-07 14:25:00,NSE,1542.0,1540.1,1540.1,BIRCOR,285
312,312,1541.7,2024-02-07 14:26:00,NSE,1542.0,1540.5,1542.0,BIRCOR,36
313,313,1541.6,2024-02-07 14:27:00,NSE,1541.95,1540.1,1541.7,BIRCOR,137
314,314,1541.7,2024-02-07 14:28:00,NSE,1541.7,1540.1,1541.6,BIRCOR,59
315,315,1540.0,2024-02-07 14:29:00,NSE,1540.5,1538.65,1540.5,BIRCOR,225
316,316,1536.6,2024-02-07 14:30:00,NSE,1540.0,1536.6,1540.0,BIRCOR,311
317,317,1534.1,2024-02-07 14:31:00,NSE,1536.55,1533.25,1536.55,BIRCOR,617
318,318,1534.2,2024-02-07 14:32:00,NSE,1535.8,1534.0,1534.1,BIRCOR,66
319,319,1535.85,2024-02-07 14:33:00,NSE,1536.45,1534.4,1536.3,BIRCOR,31
320,320,1534.45,2024-02-07 14:34:00,NSE,1536.3,1534.45,1535.85,BIRCOR,44
321,321,1536.0,2024-02-07 14:35:00,NSE,1536.0,1534.45,1534.45,BIRCOR,12
322,322,1536.25,2024-02-07 14:36:00,NSE,1536.25,1535.5,1536.0,BIRCOR,45
323,323,1536.3,2024-02-07 14:37:00,NSE,1536.5,1535.1,1536.25,BIRCOR,66
324,324,1533.65,2024-02-07 14:38:00,NSE,1535.9,1533.65,1534.95,BIRCOR,373
325,325,1528.3,2024-02-07 14:39:00,NSE,1534.7,1527.55,1533.25,BIRCOR,5581
326,326,1524.7,2024-02-07 14:40:00,NSE,1527.0,1523.3,1527.0,BIRCOR,237
327,327,1523.9,2024-02-07 14:41:00,NSE,1525.05,1523.9,1524.7,BIRCOR,128
328,328,1523.3,2024-02-07 14:42:00,NSE,1525.55,1522.55,1523.9,BIRCOR,139
329,329,1528.85,2024-02-07 14:43:00,NSE,1529.3,1522.6,1523.3,BIRCOR,694
330,330,1529.4,2024-02-07 14:44:00,NSE,1529.4,1528.15,1528.85,BIRCOR,14
331,331,1527.35,2024-02-07 14:45:00,NSE,1529.4,1526.05,1529.4,BIRCOR,1179
332,332,1528.35,2024-02-07 14:46:00,NSE,1528.35,1527.35,1527.35,BIRCOR,49
333,333,1528.95,2024-02-07 14:47:00,NSE,1528.95,1525.25,1528.35,BIRCOR,259
334,334,1528.35,2024-02-07 14:48:00,NSE,1528.85,1528.2,1528.85,BIRCOR,28
335,335,1527.95,2024-02-07 14:49:00,NSE,1528.95,1526.5,1528.1,BIRCOR,303
336,336,1529.45,2024-02-07 14:50:00,NSE,1529.5,1527.95,1527.95,BIRCOR,24
337,337,1529.35,2024-02-07 14:51:00,NSE,1529.75,1528.05,1528.05,BIRCOR,95
338,338,1526.8,2024-02-07 14:52:00,NSE,1529.3,1526.8,1528.05,BIRCOR,119
339,339,1529.0,2024-02-07 14:53:00,NSE,1529.75,1527.45,1529.1,BIRCOR,60
340,340,1528.05,2024-02-07 14:54:00,NSE,1529.05,1528.05,1529.0,BIRCOR,121
341,341,1528.95,2024-02-07 14:55:00,NSE,1529.3,1528.05,1528.05,BIRCOR,63
342,342,1528.1,2024-02-07 14:56:00,NSE,1529.9,1528.1,1529.9,BIRCOR,122
343,343,1528.35,2024-02-07 14:57:00,NSE,1528.35,1527.65,1528.1,BIRCOR,359
344,344,1530.0,2024-02-07 14:58:00,NSE,1530.0,1528.25,1528.35,BIRCOR,3904
345,345,1526.9,2024-02-07 14:59:00,NSE,1530.0,1526.9,1529.6,BIRCOR,193
346,346,1529.9,2024-02-07 15:00:00,NSE,1529.9,1526.9,1526.9,BIRCOR,95
347,347,1529.2,2024-02-07 15:01:00,NSE,1530.0,1528.0,1528.95,BIRCOR,1281
348,348,1528.75,2024-02-07 15:02:00,NSE,1529.2,1526.35,1529.2,BIRCOR,63
349,349,1528.7,2024-02-07 15:03:00,NSE,1528.75,1526.9,1528.75,BIRCOR,17
350,350,1527.65,2024-02-07 15:04:00,NSE,1529.25,1527.25,1528.7,BIRCOR,138
351,351,1528.75,2024-02-07 15:05:00,NSE,1529.45,1527.5,1529.25,BIRCOR,31
352,352,1529.95,2024-02-07 15:06:00,NSE,1529.95,1528.1,1529.95,BIRCOR,580
353,353,1529.45,2024-02-07 15:07:00,NSE,1529.95,1527.8,1529.95,BIRCOR,520
354,354,1527.65,2024-02-07 15:08:00,NSE,1530.0,1527.65,1529.45,BIRCOR,1952
355,355,1528.05,2024-02-07 15:09:00,NSE,1529.85,1527.65,1527.65,BIRCOR,124
356,356,1529.95,2024-02-07 15:10:00,NSE,1529.95,1528.15,1529.4,BIRCOR,944
357,357,1528.65,2024-02-07 15:11:00,NSE,1530.0,1528.55,1529.95,BIRCOR,996
358,358,1529.0,2024-02-07 15:12:00,NSE,1529.4,1528.8,1529.4,BIRCOR,228
359,359,1528.95,2024-02-07 15:13:00,NSE,1529.0,1527.75,1529.0,BIRCOR,715
360,360,1528.95,2024-02-07 15:14:00,NSE,1529.2,1527.65,1528.95,BIRCOR,294
361,361,1528.8,2024-02-07 15:15:00,NSE,1529.3,1527.7,1528.95,BIRCOR,126
362,362,1525.45,2024-02-07 15:16:00,NSE,1528.95,1525.45,1527.65,BIRCOR,667
363,363,1528.85,2024-02-07 15:17:00,NSE,1528.85,1525.0,1525.6,BIRCOR,673
364,364,1526.9,2024-02-07 15:18:00,NSE,1527.85,1525.8,1526.9,BIRCOR,846
365,365,1528.95,2024-02-07 15:19:00,NSE,1528.95,1526.8,1526.8,BIRCOR,211
366,366,1529.0,2024-02-07 15:20:00,NSE,1529.0,1528.95,1528.95,BIRCOR,559
367,367,1529.85,2024-02-07 15:21:00,NSE,1529.9,1528.25,1529.9,BIRCOR,611
368,368,1529.4,2024-02-07 15:22:00,NSE,1529.4,1527.0,1528.15,BIRCOR,690
369,369,1529.1,2024-02-07 15:23:00,NSE,1530.0,1528.85,1529.95,BIRCOR,241
370,370,1528.55,2024-02-07 15:24:00,NSE,1529.1,1528.55,1529.1,BIRCOR,98
371,371,1528.5,2024-02-07 15:25:00,NSE,1528.55,1528.15,1528.55,BIRCOR,177
372,372,1529.45,2024-02-07 15:26:00,NSE,1529.45,1528.2,1528.2,BIRCOR,548
373,373,1529.5,2024-02-07 15:27:00,NSE,1530.0,1529.0,1529.45,BIRCOR,659
374,374,1525.9,2024-02-07 15:28:00,NSE,1530.0,1525.0,1529.5,BIRCOR,1512
375,375,1536.0,2024-02-07 15:29:00,NSE,1536.0,1525.3,1525.7,BIRCOR,204
