,datetime,close,exchange_code,high,low,open,stock_code,volume
0,2024-04-29 09:07:00,442.0,NSE,442.0,442.0,442.0,ITC,0
1,2024-04-29 09:15:00,440.95,NSE,441.9,440.6,441.9,ITC,147765
2,2024-04-29 09:16:00,439.8,NSE,440.95,439.8,440.95,ITC,176495
3,2024-04-29 09:17:00,440.35,NSE,440.85,439.8,440.0,ITC,79896
4,2024-04-29 09:18:00,440.65,NSE,440.9,440.45,440.45,ITC,79074
5,2024-04-29 09:19:00,440.05,NSE,440.55,440.05,440.5,ITC,62913
6,2024-04-29 09:20:00,440.4,NSE,440.4,439.7,439.95,ITC,46380
7,2024-04-29 09:21:00,440.3,NSE,440.7,440.05,440.5,ITC,57801
8,2024-04-29 09:22:00,439.85,NSE,440.3,439.75,440.3,ITC,69701
9,2024-04-29 09:23:00,439.9,NSE,440.0,439.8,440.0,ITC,39568
10,2024-04-29 09:24:00,439.6,NSE,439.9,439.6,439.8,ITC,55809
11,2024-04-29 09:25:00,439.7,NSE,440.05,439.7,439.8,ITC,59442
12,2024-04-29 09:26:00,439.7,NSE,439.7,439.3,439.6,ITC,66577
13,2024-04-29 09:27:00,439.55,NSE,439.8,439.5,439.75,ITC,48292
14,2024-04-29 09:28:00,438.8,NSE,439.75,438.8,439.75,ITC,71879
15,2024-04-29 09:29:00,438.45,NSE,438.85,438.45,438.75,ITC,73821
16,2024-04-29 09:30:00,438.9,NSE,438.9,438.3,438.5,ITC,34629
17,2024-04-29 09:31:00,439.0,NSE,439.15,438.7,438.7,ITC,24052
18,2024-04-29 09:32:00,439.6,NSE,439.7,439.15,439.2,ITC,56591
19,2024-04-29 09:33:00,439.05,NSE,439.6,439.05,439.6,ITC,73378
20,2024-04-29 09:34:00,439.3,NSE,439.6,439.15,439.15,ITC,27322
21,2024-04-29 09:35:00,439.1,NSE,439.65,439.1,439.35,ITC,50366
22,2024-04-29 09:36:00,439.0,NSE,439.4,439.0,439.35,ITC,19320
23,2024-04-29 09:37:00,438.7,NSE,439.05,438.6,438.7,ITC,78515
24,2024-04-29 09:38:00,438.65,NSE,439.3,438.55,438.95,ITC,101966
25,2024-04-29 09:39:00,438.35,NSE,438.8,437.85,438.7,ITC,84262
26,2024-04-29 09:40:00,438.05,NSE,439.05,438.05,438.4,ITC,77116
27,2024-04-29 09:41:00,437.85,NSE,438.3,437.65,438.1,ITC,43912
28,2024-04-29 09:42:00,437.9,NSE,438.0,437.65,438.0,ITC,37033
29,2024-04-29 09:43:00,437.65,NSE,438.25,437.55,438.0,ITC,73854
30,2024-04-29 09:44:00,437.8,NSE,438.0,437.65,437.8,ITC,19336
31,2024-04-29 09:45:00,437.75,NSE,438.0,437.55,438.0,ITC,17066
32,2024-04-29 09:46:00,437.4,NSE,437.8,437.4,437.75,ITC,29321
33,2024-04-29 09:47:00,437.4,NSE,438.1,437.05,437.65,ITC,164821
34,2024-04-29 09:48:00,437.05,NSE,437.5,437.0,437.4,ITC,36623
35,2024-04-29 09:49:00,437.25,NSE,437.35,437.0,437.2,ITC,41393
36,2024-04-29 09:50:00,437.1,NSE,437.35,437.05,437.35,ITC,25556
37,2024-04-29 09:51:00,437.2,NSE,437.3,437.1,437.25,ITC,62742
38,2024-04-29 09:52:00,436.8,NSE,437.2,436.8,437.2,ITC,93428
39,2024-04-29 09:53:00,436.5,NSE,436.95,436.0,436.95,ITC,75619
40,2024-04-29 09:54:00,436.25,NSE,436.3,435.9,436.25,ITC,39039
41,2024-04-29 09:55:00,437.15,NSE,437.15,436.15,436.15,ITC,27905
42,2024-04-29 09:56:00,436.35,NSE,437.1,436.35,437.1,ITC,29890
43,2024-04-29 09:57:00,436.9,NSE,436.9,436.5,436.5,ITC,12263
44,2024-04-29 09:58:00,436.8,NSE,437.0,436.8,437.0,ITC,22185
45,2024-04-29 09:59:00,436.5,NSE,436.7,436.25,436.7,ITC,46764
46,2024-04-29 10:00:00,436.55,NSE,436.8,436.25,436.6,ITC,24060
47,2024-04-29 10:01:00,436.9,NSE,436.9,436.45,436.55,ITC,40557
48,2024-04-29 10:02:00,436.85,NSE,437.05,436.85,436.85,ITC,98757
49,2024-04-29 10:03:00,436.5,NSE,436.95,436.35,436.75,ITC,38530
50,2024-04-29 10:04:00,436.3,NSE,436.5,436.3,436.5,ITC,25472
51,2024-04-29 10:05:00,437.1,NSE,437.1,436.3,436.35,ITC,48544
52,2024-04-29 10:06:00,436.55,NSE,437.05,436.4,436.85,ITC,40678
53,2024-04-29 10:07:00,436.95,NSE,436.95,436.4,436.55,ITC,7522
54,2024-04-29 10:08:00,437.2,NSE,437.45,436.95,436.95,ITC,47579
55,2024-04-29 10:09:00,436.65,NSE,437.1,436.45,437.0,ITC,31532
56,2024-04-29 10:10:00,436.85,NSE,437.0,436.55,436.9,ITC,13207
57,2024-04-29 10:11:00,436.8,NSE,437.0,436.5,436.85,ITC,21451
58,2024-04-29 10:12:00,436.95,NSE,437.0,436.7,436.9,ITC,17821
59,2024-04-29 10:13:00,436.85,NSE,437.0,436.7,436.95,ITC,19364
60,2024-04-29 10:14:00,436.8,NSE,437.0,436.6,437.0,ITC,20782
61,2024-04-29 10:15:00,436.8,NSE,437.0,436.6,436.8,ITC,22360
62,2024-04-29 10:16:00,436.85,NSE,436.9,436.6,436.6,ITC,13982
63,2024-04-29 10:17:00,436.9,NSE,436.9,436.65,436.75,ITC,15196
64,2024-04-29 10:18:00,437.4,NSE,437.4,436.85,436.9,ITC,53864
65,2024-04-29 10:19:00,437.4,NSE,437.75,437.3,437.6,ITC,48470
66,2024-04-29 10:20:00,437.4,NSE,437.85,437.25,437.6,ITC,33120
67,2024-04-29 10:21:00,437.3,NSE,437.4,437.25,437.4,ITC,12332
68,2024-04-29 10:22:00,437.3,NSE,437.3,437.1,437.3,ITC,18862
69,2024-04-29 10:23:00,437.9,NSE,437.9,437.25,437.25,ITC,24073
70,2024-04-29 10:24:00,437.75,NSE,437.9,437.3,437.8,ITC,22880
71,2024-04-29 10:25:00,437.85,NSE,438.0,437.4,437.75,ITC,21063
72,2024-04-29 10:26:00,438.1,NSE,438.3,437.65,437.85,ITC,50005
73,2024-04-29 10:27:00,438.65,NSE,438.9,438.05,438.1,ITC,51850
74,2024-04-29 10:28:00,438.75,NSE,438.9,438.6,438.7,ITC,18222
75,2024-04-29 10:29:00,438.9,NSE,439.0,438.7,438.7,ITC,21315
76,2024-04-29 10:30:00,439.5,NSE,439.6,438.9,439.0,ITC,65720
77,2024-04-29 10:31:00,439.25,NSE,439.65,439.1,439.65,ITC,12307
78,2024-04-29 10:32:00,439.2,NSE,439.25,439.05,439.05,ITC,10996
79,2024-04-29 10:33:00,439.1,NSE,439.2,439.0,439.2,ITC,20561
80,2024-04-29 10:34:00,439.1,NSE,439.15,439.0,439.0,ITC,19842
81,2024-04-29 10:35:00,439.15,NSE,439.2,439.0,439.0,ITC,16488
82,2024-04-29 10:36:00,438.8,NSE,439.2,438.55,439.2,ITC,35015
83,2024-04-29 10:37:00,438.75,NSE,439.0,438.7,438.8,ITC,19890
84,2024-04-29 10:38:00,438.65,NSE,438.95,438.65,438.95,ITC,9683
85,2024-04-29 10:39:00,438.75,NSE,438.8,438.6,438.8,ITC,8404
86,2024-04-29 10:40:00,438.4,NSE,438.7,438.35,438.65,ITC,14161
87,2024-04-29 10:41:00,438.65,NSE,438.7,438.5,438.55,ITC,9727
88,2024-04-29 10:42:00,438.7,NSE,438.8,438.55,438.65,ITC,15200
89,2024-04-29 10:43:00,438.8,NSE,438.8,438.55,438.55,ITC,4797
90,2024-04-29 10:44:00,438.95,NSE,438.95,438.8,438.9,ITC,14914
91,2024-04-29 10:45:00,438.9,NSE,438.95,438.9,438.95,ITC,5826
92,2024-04-29 10:46:00,438.9,NSE,439.0,438.9,438.95,ITC,10719
93,2024-04-29 10:47:00,438.65,NSE,438.9,438.6,438.9,ITC,12138
94,2024-04-29 10:48:00,438.65,NSE,438.75,438.65,438.65,ITC,5553
95,2024-04-29 10:49:00,438.5,NSE,438.75,438.5,438.65,ITC,38140
96,2024-04-29 10:50:00,438.45,NSE,438.75,438.45,438.55,ITC,10951
97,2024-04-29 10:51:00,438.4,NSE,438.65,438.4,438.4,ITC,6286
98,2024-04-29 10:52:00,438.05,NSE,438.4,438.0,438.4,ITC,17434
99,2024-04-29 10:53:00,438.2,NSE,438.2,438.0,438.05,ITC,8564
100,2024-04-29 10:54:00,438.25,NSE,438.25,438.05,438.2,ITC,10239
101,2024-04-29 10:55:00,438.55,NSE,438.55,438.3,438.3,ITC,13280
102,2024-04-29 10:56:00,438.45,NSE,438.65,438.45,438.5,ITC,9274
103,2024-04-29 10:57:00,438.3,NSE,438.55,438.3,438.55,ITC,7476
104,2024-04-29 10:58:00,438.5,NSE,438.5,438.25,438.25,ITC,7813
105,2024-04-29 10:59:00,438.45,NSE,438.6,438.3,438.3,ITC,17185
106,2024-04-29 11:00:00,438.75,NSE,438.75,438.4,438.4,ITC,8754
107,2024-04-29 11:01:00,438.8,NSE,438.9,438.75,438.85,ITC,11519
108,2024-04-29 11:02:00,438.7,NSE,438.9,438.7,438.9,ITC,7131
109,2024-04-29 11:03:00,438.65,NSE,438.8,438.65,438.7,ITC,8618
110,2024-04-29 11:04:00,438.75,NSE,438.8,438.6,438.8,ITC,9816
111,2024-04-29 11:05:00,438.75,NSE,438.8,438.6,438.6,ITC,7031
112,2024-04-29 11:06:00,438.7,NSE,438.8,438.7,438.8,ITC,7109
113,2024-04-29 11:07:00,439.0,NSE,439.15,438.85,438.9,ITC,65719
114,2024-04-29 11:08:00,439.05,NSE,439.15,438.9,438.9,ITC,9722
115,2024-04-29 11:09:00,439.2,NSE,439.25,439.0,439.0,ITC,13604
116,2024-04-29 11:10:00,439.15,NSE,439.3,439.1,439.2,ITC,11771
117,2024-04-29 11:11:00,439.2,NSE,439.25,439.05,439.25,ITC,37962
118,2024-04-29 11:12:00,439.25,NSE,439.25,439.05,439.2,ITC,8873
119,2024-04-29 11:13:00,439.15,NSE,439.3,439.15,439.15,ITC,11745
120,2024-04-29 11:14:00,439.25,NSE,439.3,439.1,439.15,ITC,7453
121,2024-04-29 11:15:00,439.25,NSE,439.3,439.1,439.25,ITC,11699
122,2024-04-29 11:16:00,439.2,NSE,439.25,439.15,439.25,ITC,16545
123,2024-04-29 11:17:00,438.9,NSE,439.3,438.9,439.2,ITC,15953
124,2024-04-29 11:18:00,438.55,NSE,438.9,438.55,438.85,ITC,9334
125,2024-04-29 11:19:00,438.65,NSE,438.75,438.4,438.7,ITC,8358
126,2024-04-29 11:20:00,438.65,NSE,438.8,438.5,438.65,ITC,6450
127,2024-04-29 11:21:00,438.35,NSE,438.85,438.35,438.8,ITC,102805
128,2024-04-29 11:22:00,438.4,NSE,438.5,438.0,438.3,ITC,59678
129,2024-04-29 11:23:00,438.1,NSE,438.45,437.85,438.2,ITC,34561
130,2024-04-29 11:24:00,437.65,NSE,438.1,437.45,438.1,ITC,105589
131,2024-04-29 11:25:00,437.8,NSE,437.8,437.5,437.65,ITC,10826
132,2024-04-29 11:26:00,437.75,NSE,437.85,437.7,437.8,ITC,15790
133,2024-04-29 11:27:00,437.35,NSE,437.95,437.35,437.6,ITC,36186
134,2024-04-29 11:28:00,437.6,NSE,437.75,437.3,437.3,ITC,47312
135,2024-04-29 11:29:00,437.5,NSE,437.75,437.4,437.6,ITC,38214
136,2024-04-29 11:30:00,437.5,NSE,437.5,437.4,437.5,ITC,8701
137,2024-04-29 11:31:00,437.5,NSE,437.5,437.45,437.45,ITC,6780
138,2024-04-29 11:32:00,437.3,NSE,437.5,437.3,437.5,ITC,33710
139,2024-04-29 11:33:00,437.4,NSE,437.45,437.1,437.25,ITC,33971
140,2024-04-29 11:34:00,437.4,NSE,437.5,437.2,437.5,ITC,14878
141,2024-04-29 11:35:00,437.25,NSE,437.4,437.25,437.3,ITC,14934
142,2024-04-29 11:36:00,436.95,NSE,437.3,436.95,437.3,ITC,53854
143,2024-04-29 11:37:00,436.55,NSE,437.05,436.5,437.05,ITC,33050
144,2024-04-29 11:38:00,436.7,NSE,436.7,436.5,436.55,ITC,40801
145,2024-04-29 11:39:00,436.05,NSE,436.9,436.05,436.55,ITC,70485
146,2024-04-29 11:40:00,436.05,NSE,436.25,436.0,436.05,ITC,98337
147,2024-04-29 11:41:00,436.05,NSE,436.25,436.0,436.05,ITC,18588
148,2024-04-29 11:42:00,435.7,NSE,436.2,435.35,436.2,ITC,118541
149,2024-04-29 11:43:00,435.5,NSE,435.85,435.4,435.7,ITC,49304
150,2024-04-29 11:44:00,435.4,NSE,435.5,435.35,435.4,ITC,13555
151,2024-04-29 11:45:00,435.45,NSE,435.45,435.4,435.45,ITC,10255
152,2024-04-29 11:46:00,435.0,NSE,435.6,434.6,435.45,ITC,147550
153,2024-04-29 11:47:00,435.2,NSE,435.35,435.0,435.0,ITC,62435
154,2024-04-29 11:48:00,435.3,NSE,435.5,435.15,435.15,ITC,9999
155,2024-04-29 11:49:00,435.8,NSE,435.8,435.35,435.35,ITC,17589
156,2024-04-29 11:50:00,435.6,NSE,435.9,435.55,435.75,ITC,18979
157,2024-04-29 11:51:00,435.9,NSE,435.9,435.6,435.7,ITC,22249
158,2024-04-29 11:52:00,435.9,NSE,435.9,435.6,435.9,ITC,16567
159,2024-04-29 11:53:00,435.7,NSE,435.95,435.65,435.7,ITC,16328
160,2024-04-29 11:54:00,435.8,NSE,435.95,435.7,435.9,ITC,7391
161,2024-04-29 11:55:00,435.6,NSE,436.0,435.55,435.8,ITC,36034
162,2024-04-29 11:56:00,435.55,NSE,435.75,435.5,435.65,ITC,8601
163,2024-04-29 11:57:00,435.95,NSE,435.95,435.55,435.55,ITC,10715
164,2024-04-29 11:58:00,435.95,NSE,436.05,435.8,435.95,ITC,10628
165,2024-04-29 11:59:00,435.9,NSE,436.0,435.85,435.95,ITC,5508
166,2024-04-29 12:00:00,435.9,NSE,436.0,435.8,435.9,ITC,7844
167,2024-04-29 12:01:00,436.3,NSE,436.4,435.9,435.9,ITC,32271
168,2024-04-29 12:02:00,436.2,NSE,436.35,436.05,436.3,ITC,16358
169,2024-04-29 12:03:00,436.1,NSE,436.25,436.0,436.0,ITC,8792
170,2024-04-29 12:04:00,435.95,NSE,436.2,435.75,436.1,ITC,17440
171,2024-04-29 12:05:00,436.0,NSE,436.0,435.75,435.95,ITC,8352
172,2024-04-29 12:06:00,436.05,NSE,436.1,435.85,435.95,ITC,21464
173,2024-04-29 12:07:00,436.1,NSE,436.15,435.85,436.0,ITC,10760
174,2024-04-29 12:08:00,436.1,NSE,436.1,435.9,436.1,ITC,17932
175,2024-04-29 12:09:00,436.0,NSE,436.1,435.95,436.1,ITC,8844
176,2024-04-29 12:10:00,436.1,NSE,436.25,436.0,436.1,ITC,19884
177,2024-04-29 12:11:00,436.15,NSE,436.15,435.95,436.0,ITC,21453
178,2024-04-29 12:12:00,436.2,NSE,436.25,436.1,436.1,ITC,20194
179,2024-04-29 12:13:00,436.35,NSE,436.4,436.15,436.2,ITC,9138
180,2024-04-29 12:14:00,436.0,NSE,436.15,435.7,436.15,ITC,44922
181,2024-04-29 12:15:00,435.8,NSE,436.05,435.6,435.8,ITC,21333
182,2024-04-29 12:16:00,435.95,NSE,435.95,435.6,435.8,ITC,11983
183,2024-04-29 12:17:00,435.95,NSE,436.1,435.7,436.0,ITC,20133
184,2024-04-29 12:18:00,436.0,NSE,436.0,435.8,435.8,ITC,8692
185,2024-04-29 12:19:00,436.1,NSE,436.1,435.85,435.95,ITC,11748
186,2024-04-29 12:20:00,436.15,NSE,436.2,435.9,436.1,ITC,10668
187,2024-04-29 12:21:00,436.35,NSE,436.4,436.0,436.15,ITC,14321
188,2024-04-29 12:22:00,436.4,NSE,436.4,436.2,436.35,ITC,19183
189,2024-04-29 12:23:00,436.45,NSE,436.5,436.25,436.4,ITC,14001
190,2024-04-29 12:24:00,436.5,NSE,436.5,436.25,436.45,ITC,9361
191,2024-04-29 12:25:00,436.5,NSE,436.5,436.25,436.5,ITC,8058
192,2024-04-29 12:26:00,436.3,NSE,436.5,436.15,436.5,ITC,22769
193,2024-04-29 12:27:00,436.4,NSE,436.4,436.15,436.3,ITC,12108
194,2024-04-29 12:28:00,436.3,NSE,436.4,436.15,436.4,ITC,6517
195,2024-04-29 12:29:00,436.4,NSE,436.4,436.1,436.3,ITC,30288
196,2024-04-29 12:30:00,436.4,NSE,436.45,436.2,436.4,ITC,11874
197,2024-04-29 12:31:00,436.4,NSE,436.4,436.15,436.4,ITC,11165
198,2024-04-29 12:32:00,436.4,NSE,436.4,436.15,436.4,ITC,10021
199,2024-04-29 12:33:00,436.4,NSE,436.45,436.2,436.4,ITC,15719
200,2024-04-29 12:34:00,436.4,NSE,436.45,436.25,436.4,ITC,14296
201,2024-04-29 12:35:00,436.35,NSE,436.4,436.15,436.4,ITC,13349
202,2024-04-29 12:36:00,436.3,NSE,436.4,436.1,436.35,ITC,16831
203,2024-04-29 12:37:00,436.2,NSE,436.3,436.1,436.1,ITC,10033
204,2024-04-29 12:38:00,436.1,NSE,436.3,436.1,436.1,ITC,9019
205,2024-04-29 12:39:00,436.2,NSE,436.25,436.05,436.1,ITC,11974
206,2024-04-29 12:40:00,436.2,NSE,436.2,436.05,436.2,ITC,9415
207,2024-04-29 12:41:00,436.2,NSE,436.2,436.0,436.2,ITC,7738
208,2024-04-29 12:42:00,436.3,NSE,436.3,436.05,436.2,ITC,9102
209,2024-04-29 12:43:00,436.35,NSE,436.4,436.15,436.3,ITC,12668
210,2024-04-29 12:44:00,436.4,NSE,436.4,436.15,436.35,ITC,10558
211,2024-04-29 12:45:00,436.35,NSE,436.4,436.15,436.35,ITC,11511
212,2024-04-29 12:46:00,436.4,NSE,436.45,436.1,436.35,ITC,10955
213,2024-04-29 12:47:00,436.4,NSE,436.45,436.2,436.4,ITC,15068
214,2024-04-29 12:48:00,436.4,NSE,436.45,436.15,436.4,ITC,21207
215,2024-04-29 12:49:00,436.45,NSE,436.45,436.2,436.4,ITC,9337
216,2024-04-29 12:50:00,436.45,NSE,436.5,436.25,436.45,ITC,18434
217,2024-04-29 12:51:00,436.15,NSE,436.45,436.15,436.45,ITC,14309
218,2024-04-29 12:52:00,436.4,NSE,436.4,436.15,436.15,ITC,8407
219,2024-04-29 12:53:00,436.45,NSE,436.45,436.25,436.4,ITC,13106
220,2024-04-29 12:54:00,436.55,NSE,436.55,436.4,436.45,ITC,24639
221,2024-04-29 12:55:00,436.5,NSE,436.7,436.4,436.5,ITC,9019
222,2024-04-29 12:56:00,436.5,NSE,436.6,436.35,436.5,ITC,7439
223,2024-04-29 12:57:00,436.7,NSE,436.7,436.5,436.55,ITC,8098
224,2024-04-29 12:58:00,436.8,NSE,436.8,436.6,436.65,ITC,9946
225,2024-04-29 12:59:00,436.7,NSE,436.85,436.6,436.8,ITC,7858
226,2024-04-29 13:00:00,436.6,NSE,436.75,436.55,436.7,ITC,9794
227,2024-04-29 13:01:00,436.5,NSE,436.75,436.35,436.65,ITC,24177
228,2024-04-29 13:02:00,436.5,NSE,436.5,436.3,436.5,ITC,7905
229,2024-04-29 13:03:00,436.5,NSE,436.6,436.3,436.5,ITC,9047
230,2024-04-29 13:04:00,436.35,NSE,436.6,436.3,436.5,ITC,9116
231,2024-04-29 13:05:00,436.35,NSE,436.5,436.1,436.45,ITC,8763
232,2024-04-29 13:06:00,436.45,NSE,436.5,436.15,436.25,ITC,20762
233,2024-04-29 13:07:00,436.5,NSE,436.6,436.3,436.3,ITC,24260
234,2024-04-29 13:08:00,436.55,NSE,436.65,436.35,436.6,ITC,5861
235,2024-04-29 13:09:00,436.5,NSE,436.6,436.35,436.55,ITC,10697
236,2024-04-29 13:10:00,436.65,NSE,436.65,436.5,436.6,ITC,6492
237,2024-04-29 13:11:00,436.7,NSE,436.7,436.6,436.6,ITC,7156
238,2024-04-29 13:12:00,436.7,NSE,436.85,436.7,436.7,ITC,4908
239,2024-04-29 13:13:00,436.75,NSE,436.95,436.7,436.7,ITC,13824
240,2024-04-29 13:14:00,436.8,NSE,436.85,436.65,436.85,ITC,8537
241,2024-04-29 13:15:00,436.7,NSE,436.95,436.7,436.85,ITC,15821
242,2024-04-29 13:16:00,436.85,NSE,436.9,436.6,436.85,ITC,18589
243,2024-04-29 13:17:00,436.85,NSE,436.85,436.6,436.8,ITC,80304
244,2024-04-29 13:18:00,436.85,NSE,436.85,436.65,436.8,ITC,30248
245,2024-04-29 13:19:00,436.9,NSE,436.9,436.65,436.85,ITC,52386
246,2024-04-29 13:20:00,436.9,NSE,436.9,436.65,436.9,ITC,38437
247,2024-04-29 13:21:00,436.85,NSE,436.95,436.6,436.9,ITC,28400
248,2024-04-29 13:22:00,436.85,NSE,436.9,436.6,436.85,ITC,34111
249,2024-04-29 13:23:00,436.75,NSE,436.9,436.65,436.9,ITC,14962
250,2024-04-29 13:24:00,436.9,NSE,436.9,436.6,436.9,ITC,14622
251,2024-04-29 13:25:00,436.9,NSE,436.95,436.75,436.9,ITC,27791
252,2024-04-29 13:26:00,436.85,NSE,436.9,436.75,436.9,ITC,23741
253,2024-04-29 13:27:00,436.85,NSE,436.9,436.6,436.85,ITC,20935
254,2024-04-29 13:28:00,436.9,NSE,436.9,436.65,436.85,ITC,12184
255,2024-04-29 13:29:00,436.85,NSE,436.9,436.7,436.7,ITC,11912
256,2024-04-29 13:30:00,436.85,NSE,436.85,436.6,436.85,ITC,9635
257,2024-04-29 13:31:00,436.95,NSE,436.95,436.65,436.85,ITC,12712
258,2024-04-29 13:32:00,437.0,NSE,437.0,436.85,436.95,ITC,21686
259,2024-04-29 13:33:00,436.9,NSE,437.0,436.7,437.0,ITC,58162
260,2024-04-29 13:34:00,436.9,NSE,436.95,436.75,436.9,ITC,5272
261,2024-04-29 13:35:00,436.6,NSE,436.95,436.6,436.9,ITC,25508
262,2024-04-29 13:36:00,436.8,NSE,436.95,436.55,436.8,ITC,76978
263,2024-04-29 13:37:00,436.9,NSE,436.95,436.75,436.95,ITC,10868
264,2024-04-29 13:38:00,436.9,NSE,436.95,436.75,436.9,ITC,8724
265,2024-04-29 13:39:00,436.8,NSE,437.0,436.8,436.95,ITC,22687
266,2024-04-29 13:40:00,436.95,NSE,437.0,436.8,436.8,ITC,6690
267,2024-04-29 13:41:00,436.75,NSE,436.95,436.75,436.95,ITC,9954
268,2024-04-29 13:42:00,436.95,NSE,437.0,436.7,436.9,ITC,17379
269,2024-04-29 13:43:00,436.95,NSE,437.0,436.75,436.95,ITC,16992
270,2024-04-29 13:44:00,437.0,NSE,437.0,436.8,436.95,ITC,11133
271,2024-04-29 13:45:00,436.95,NSE,437.0,436.7,437.0,ITC,22079
272,2024-04-29 13:46:00,436.75,NSE,436.95,436.6,436.95,ITC,24380
273,2024-04-29 13:47:00,436.85,NSE,436.9,436.7,436.8,ITC,12817
274,2024-04-29 13:48:00,436.8,NSE,436.9,436.6,436.85,ITC,14726
275,2024-04-29 13:49:00,436.85,NSE,436.9,436.6,436.8,ITC,7561
276,2024-04-29 13:50:00,436.75,NSE,436.9,436.6,436.85,ITC,8328
277,2024-04-29 13:51:00,436.95,NSE,436.95,436.65,436.75,ITC,14801
278,2024-04-29 13:52:00,436.85,NSE,436.95,436.8,436.95,ITC,6311
279,2024-04-29 13:53:00,436.95,NSE,436.95,436.8,436.85,ITC,20531
280,2024-04-29 13:54:00,437.0,NSE,437.0,436.8,436.95,ITC,18135
281,2024-04-29 13:55:00,436.95,NSE,437.0,436.75,437.0,ITC,9795
282,2024-04-29 13:56:00,436.95,NSE,436.95,436.75,436.95,ITC,6084
283,2024-04-29 13:57:00,436.8,NSE,436.95,436.8,436.95,ITC,7580
284,2024-04-29 13:58:00,436.95,NSE,436.95,436.8,436.95,ITC,10240
285,2024-04-29 13:59:00,436.95,NSE,436.95,436.75,436.95,ITC,13018
286,2024-04-29 14:00:00,436.85,NSE,436.95,436.7,436.95,ITC,14713
287,2024-04-29 14:01:00,436.9,NSE,436.9,436.7,436.85,ITC,9563
288,2024-04-29 14:02:00,436.75,NSE,436.9,436.75,436.9,ITC,29835
289,2024-04-29 14:03:00,436.8,NSE,436.9,436.65,436.75,ITC,10465
290,2024-04-29 14:04:00,436.9,NSE,436.9,436.7,436.8,ITC,8757
291,2024-04-29 14:05:00,436.8,NSE,436.9,436.65,436.9,ITC,8874
292,2024-04-29 14:06:00,436.85,NSE,436.85,436.65,436.8,ITC,7419
293,2024-04-29 14:07:00,436.9,NSE,436.9,436.75,436.85,ITC,7762
294,2024-04-29 14:08:00,437.0,NSE,437.0,436.8,436.9,ITC,15516
295,2024-04-29 14:09:00,436.9,NSE,437.0,436.65,437.0,ITC,23414
296,2024-04-29 14:10:00,436.9,NSE,437.0,436.7,436.9,ITC,26483
297,2024-04-29 14:11:00,436.9,NSE,436.95,436.7,436.9,ITC,24616
298,2024-04-29 14:12:00,436.75,NSE,436.9,436.5,436.9,ITC,32833
299,2024-04-29 14:13:00,436.65,NSE,436.8,436.5,436.8,ITC,28565
300,2024-04-29 14:14:00,436.85,NSE,436.9,436.5,436.5,ITC,36674
301,2024-04-29 14:15:00,436.7,NSE,436.8,436.5,436.75,ITC,19844
302,2024-04-29 14:16:00,436.9,NSE,436.9,436.55,436.7,ITC,20784
303,2024-04-29 14:17:00,436.9,NSE,436.95,436.7,436.9,ITC,38006
304,2024-04-29 14:18:00,436.95,NSE,437.0,436.75,436.9,ITC,23784
305,2024-04-29 14:19:00,436.75,NSE,437.0,436.7,436.95,ITC,88059
306,2024-04-29 14:20:00,436.85,NSE,437.0,436.8,437.0,ITC,22694
307,2024-04-29 14:21:00,437.0,NSE,437.0,436.8,437.0,ITC,13634
308,2024-04-29 14:22:00,437.0,NSE,437.0,436.95,437.0,ITC,27561
309,2024-04-29 14:23:00,437.25,NSE,437.3,437.0,437.0,ITC,107104
310,2024-04-29 14:24:00,437.25,NSE,437.3,437.15,437.25,ITC,2774
311,2024-04-29 14:25:00,437.25,NSE,437.25,437.2,437.25,ITC,4303
312,2024-04-29 14:26:00,437.4,NSE,437.4,437.25,437.25,ITC,11105
313,2024-04-29 14:27:00,437.5,NSE,437.5,437.35,437.35,ITC,17971
314,2024-04-29 14:28:00,437.5,NSE,437.7,437.25,437.5,ITC,84690
315,2024-04-29 14:29:00,437.45,NSE,437.65,437.4,437.55,ITC,27505
316,2024-04-29 14:30:00,437.45,NSE,437.45,437.35,437.45,ITC,7878
317,2024-04-29 14:31:00,437.65,NSE,437.65,437.45,437.45,ITC,13804
318,2024-04-29 14:32:00,437.65,NSE,437.65,437.6,437.65,ITC,12380
319,2024-04-29 14:33:00,437.8,NSE,437.8,437.6,437.65,ITC,14898
320,2024-04-29 14:34:00,437.85,NSE,437.85,437.65,437.8,ITC,10404
321,2024-04-29 14:35:00,437.8,NSE,437.85,437.7,437.85,ITC,13772
322,2024-04-29 14:36:00,437.85,NSE,437.85,437.8,437.85,ITC,11867
323,2024-04-29 14:37:00,437.9,NSE,437.9,437.8,437.85,ITC,11343
324,2024-04-29 14:38:00,438.3,NSE,438.4,437.95,437.95,ITC,76373
325,2024-04-29 14:39:00,438.0,NSE,438.3,437.85,438.3,ITC,13623
326,2024-04-29 14:40:00,438.1,NSE,438.3,438.0,438.0,ITC,20537
327,2024-04-29 14:41:00,438.15,NSE,438.3,438.1,438.3,ITC,8213
328,2024-04-29 14:42:00,438.1,NSE,438.25,438.1,438.25,ITC,13477
329,2024-04-29 14:43:00,438.0,NSE,438.05,437.85,438.05,ITC,20011
330,2024-04-29 14:44:00,437.85,NSE,438.0,437.75,438.0,ITC,18066
331,2024-04-29 14:45:00,437.75,NSE,437.85,437.75,437.85,ITC,16828
332,2024-04-29 14:46:00,437.8,NSE,437.8,437.6,437.75,ITC,23955
333,2024-04-29 14:47:00,437.6,NSE,437.8,437.6,437.8,ITC,32365
334,2024-04-29 14:48:00,437.75,NSE,437.9,437.6,437.65,ITC,88626
335,2024-04-29 14:49:00,437.8,NSE,437.8,437.5,437.75,ITC,88892
336,2024-04-29 14:50:00,437.75,NSE,437.75,437.6,437.75,ITC,75739
337,2024-04-29 14:51:00,437.6,NSE,437.8,437.6,437.75,ITC,58573
338,2024-04-29 14:52:00,437.65,NSE,437.65,437.4,437.6,ITC,10766
339,2024-04-29 14:53:00,438.05,NSE,438.05,437.5,437.55,ITC,100426
340,2024-04-29 14:54:00,438.1,NSE,438.1,438.0,438.05,ITC,92298
341,2024-04-29 14:55:00,437.95,NSE,438.1,437.85,438.1,ITC,35418
342,2024-04-29 14:56:00,438.0,NSE,438.0,437.85,437.95,ITC,33033
343,2024-04-29 14:57:00,438.15,NSE,438.15,437.9,438.0,ITC,26553
344,2024-04-29 14:58:00,438.15,NSE,438.2,437.95,438.15,ITC,26128
345,2024-04-29 14:59:00,438.25,NSE,438.25,438.0,438.1,ITC,16251
346,2024-04-29 15:00:00,438.45,NSE,438.45,438.2,438.2,ITC,58650
347,2024-04-29 15:01:00,438.6,NSE,438.65,438.4,438.4,ITC,112307
348,2024-04-29 15:02:00,438.45,NSE,438.65,438.4,438.65,ITC,48868
349,2024-04-29 15:03:00,438.4,NSE,438.7,438.2,438.45,ITC,78639
350,2024-04-29 15:04:00,438.3,NSE,438.4,438.15,438.4,ITC,39175
351,2024-04-29 15:05:00,438.1,NSE,438.4,438.05,438.4,ITC,56941
352,2024-04-29 15:06:00,438.2,NSE,438.2,438.0,438.0,ITC,74231
353,2024-04-29 15:07:00,438.25,NSE,438.25,438.1,438.15,ITC,46727
354,2024-04-29 15:08:00,438.35,NSE,438.45,438.15,438.3,ITC,49660
355,2024-04-29 15:09:00,438.3,NSE,438.35,438.1,438.35,ITC,49668
356,2024-04-29 15:10:00,438.2,NSE,438.4,438.15,438.3,ITC,41779
357,2024-04-29 15:11:00,438.2,NSE,438.35,438.2,438.3,ITC,49556
358,2024-04-29 15:12:00,438.15,NSE,438.2,438.1,438.15,ITC,54404
359,2024-04-29 15:13:00,438.3,NSE,438.35,438.1,438.15,ITC,45042
360,2024-04-29 15:14:00,438.25,NSE,438.4,438.25,438.35,ITC,50304
361,2024-04-29 15:15:00,438.05,NSE,438.05,438.0,438.05,ITC,220559
362,2024-04-29 15:16:00,438.3,NSE,438.4,438.0,438.05,ITC,75669
363,2024-04-29 15:17:00,438.25,NSE,438.35,438.0,438.3,ITC,51363
364,2024-04-29 15:18:00,438.25,NSE,438.5,438.1,438.35,ITC,71502
365,2024-04-29 15:19:00,438.15,NSE,438.25,438.1,438.2,ITC,59991
366,2024-04-29 15:20:00,438.0,NSE,438.1,438.0,438.1,ITC,128170
367,2024-04-29 15:21:00,438.1,NSE,438.2,438.0,438.1,ITC,48663
368,2024-04-29 15:22:00,438.2,NSE,438.25,438.1,438.15,ITC,51710
369,2024-04-29 15:23:00,438.2,NSE,438.2,438.1,438.1,ITC,54175
370,2024-04-29 15:24:00,438.35,NSE,438.4,437.9,438.15,ITC,71714
371,2024-04-29 15:25:00,438.25,NSE,438.4,438.2,438.35,ITC,61937
372,2024-04-29 15:26:00,438.0,NSE,438.35,437.9,438.25,ITC,76832
373,2024-04-29 15:27:00,438.4,NSE,438.5,437.85,437.85,ITC,84165
374,2024-04-29 15:28:00,437.25,NSE,438.4,436.65,438.4,ITC,71529
375,2024-04-29 15:29:00,438.0,NSE,438.0,437.0,437.25,ITC,22294
