,datetime,close,exchange_code,high,low,open,stock_code,volume
0,2021-10-14 09:30:00,5491.8,NSE,5526.85,5482.0,5500.0,NIITEC,5881
1,2021-10-14 09:31:00,5496.7,NSE,5496.7,5473.7,5494.55,NIITEC,4530
2,2021-10-14 09:32:00,5456.85,NSE,5497.9,5447.0,5497.9,NIITEC,8449
3,2021-10-14 09:33:00,5468.7,NSE,5475.75,5440.0,5455.0,NIITEC,5083
4,2021-10-14 09:34:00,5497.0,NSE,5504.85,5466.65,5483.8,NIITEC,3687
5,2021-10-14 09:35:00,5520.15,NSE,5530.0,5481.35,5491.7,NIITEC,4844
6,2021-10-14 09:36:00,5512.8,NSE,5525.0,5481.7,5515.9,NIITEC,4070
7,2021-10-14 09:37:00,5490.75,NSE,5515.0,5484.25,5515.0,NIITEC,1772
8,2021-10-14 09:38:00,5474.8,NSE,5488.2,5468.15,5488.2,NIITEC,2136
9,2021-10-14 09:39:00,5466.8,NSE,5480.8,5447.95,5475.0,NIITEC,5188
10,2021-10-14 09:40:00,5483.65,NSE,5491.4,5462.85,5468.1,NIITEC,1382
11,2021-10-14 09:41:00,5488.5,NSE,5492.0,5471.2,5485.4,NIITEC,2378
12,2021-10-14 09:42:00,5490.4,NSE,5499.0,5486.05,5489.5,NIITEC,1440
13,2021-10-14 09:43:00,5478.95,NSE,5499.0,5476.5,5490.8,NIITEC,2023
14,2021-10-14 09:44:00,5479.45,NSE,5486.95,5477.6,5485.0,NIITEC,492
15,2021-10-14 09:45:00,5488.0,NSE,5495.05,5479.2,5479.2,NIITEC,843
16,2021-10-14 09:46:00,5511.0,NSE,5515.05,5485.0,5485.5,NIITEC,2921
17,2021-10-14 09:47:00,5499.15,NSE,5518.55,5492.7,5505.0,NIITEC,2130
18,2021-10-14 09:48:00,5480.45,NSE,5499.2,5475.0,5494.1,NIITEC,1353
19,2021-10-14 09:49:00,5483.5,NSE,5491.05,5475.85,5480.65,NIITEC,1015
20,2021-10-14 09:50:00,5483.85,NSE,5489.75,5472.45,5479.25,NIITEC,1786
21,2021-10-14 09:51:00,5474.95,NSE,5493.6,5460.1,5490.0,NIITEC,2694
22,2021-10-14 09:52:00,5466.25,NSE,5475.2,5460.1,5469.95,NIITEC,1287
23,2021-10-14 09:53:00,5462.0,NSE,5480.85,5461.15,5461.15,NIITEC,1168
24,2021-10-14 09:54:00,5473.3,NSE,5473.3,5460.75,5460.75,NIITEC,787
25,2021-10-14 09:55:00,5467.95,NSE,5479.0,5458.85,5474.95,NIITEC,1426
26,2021-10-14 09:56:00,5472.65,NSE,5472.65,5465.3,5467.95,NIITEC,577
27,2021-10-14 09:57:00,5465.0,NSE,5472.85,5454.0,5470.5,NIITEC,1824
28,2021-10-14 09:58:00,5460.1,NSE,5472.85,5458.75,5461.75,NIITEC,1094
29,2021-10-14 09:59:00,5459.9,NSE,5464.6,5454.0,5459.5,NIITEC,1174
30,2021-10-14 10:00:00,5461.5,NSE,5464.9,5445.35,5460.0,NIITEC,2696
31,2021-10-14 10:01:00,5463.2,NSE,5470.0,5448.1,5462.05,NIITEC,1748
32,2021-10-14 10:02:00,5450.0,NSE,5463.75,5450.0,5461.4,NIITEC,799
33,2021-10-14 10:03:00,5435.8,NSE,5452.85,5432.1,5447.55,NIITEC,2895
34,2021-10-14 10:04:00,5440.95,NSE,5447.2,5435.05,5439.75,NIITEC,702
35,2021-10-14 10:05:00,5442.1,NSE,5449.7,5442.1,5445.4,NIITEC,658
36,2021-10-14 10:06:00,5445.15,NSE,5448.0,5432.15,5443.05,NIITEC,2273
37,2021-10-14 10:07:00,5453.85,NSE,5458.75,5437.0,5444.85,NIITEC,799
38,2021-10-14 10:08:00,5460.75,NSE,5472.4,5453.2,5457.0,NIITEC,1882
39,2021-10-14 10:09:00,5453.7,NSE,5471.35,5453.7,5464.8,NIITEC,1547
40,2021-10-14 10:10:00,5456.35,NSE,5464.5,5451.0,5451.0,NIITEC,544
41,2021-10-14 10:11:00,5463.7,NSE,5463.7,5456.45,5459.6,NIITEC,436
42,2021-10-14 10:12:00,5451.7,NSE,5464.0,5451.55,5464.0,NIITEC,495
43,2021-10-14 10:13:00,5471.0,NSE,5471.0,5453.55,5458.45,NIITEC,622
44,2021-10-14 10:14:00,5454.05,NSE,5473.0,5454.05,5467.4,NIITEC,1325
45,2021-10-14 10:15:00,5465.25,NSE,5474.6,5453.35,5453.35,NIITEC,464
46,2021-10-14 10:16:00,5463.55,NSE,5471.55,5460.85,5460.85,NIITEC,437
47,2021-10-14 10:17:00,5465.55,NSE,5482.7,5465.55,5467.05,NIITEC,1627
48,2021-10-14 10:18:00,5471.0,NSE,5480.0,5468.75,5468.75,NIITEC,396
49,2021-10-14 10:19:00,5478.2,NSE,5479.95,5471.0,5471.1,NIITEC,797
50,2021-10-14 10:20:00,5478.6,NSE,5488.0,5477.4,5478.0,NIITEC,706
51,2021-10-14 10:21:00,5480.0,NSE,5490.0,5479.3,5480.0,NIITEC,1293
52,2021-10-14 10:22:00,5476.0,NSE,5480.0,5475.0,5480.0,NIITEC,646
53,2021-10-14 10:23:00,5479.0,NSE,5482.2,5476.0,5477.0,NIITEC,454
54,2021-10-14 10:24:00,5488.35,NSE,5488.35,5476.65,5477.7,NIITEC,660
55,2021-10-14 10:25:00,5486.6,NSE,5490.0,5481.45,5481.45,NIITEC,732
56,2021-10-14 10:26:00,5487.45,NSE,5490.0,5484.0,5484.0,NIITEC,753
57,2021-10-14 10:27:00,5509.55,NSE,5509.55,5490.0,5490.0,NIITEC,2377
58,2021-10-14 10:28:00,5514.2,NSE,5515.0,5501.75,5505.45,NIITEC,2108
59,2021-10-14 10:29:00,5501.5,NSE,5513.65,5500.45,5512.0,NIITEC,1513
60,2021-10-14 10:30:00,5506.8,NSE,5510.0,5500.65,5501.5,NIITEC,1523
61,2021-10-14 10:31:00,5500.0,NSE,5513.75,5500.0,5504.55,NIITEC,1213
62,2021-10-14 10:32:00,5492.0,NSE,5506.55,5492.0,5502.0,NIITEC,1425
63,2021-10-14 10:33:00,5490.0,NSE,5499.95,5487.3,5490.9,NIITEC,900
64,2021-10-14 10:34:00,5480.7,NSE,5487.4,5480.7,5485.0,NIITEC,985
65,2021-10-14 10:35:00,5476.0,NSE,5482.5,5472.0,5482.5,NIITEC,2145
66,2021-10-14 10:36:00,5511.3,NSE,5514.95,5476.05,5477.4,NIITEC,3095
67,2021-10-14 10:37:00,5529.85,NSE,5530.0,5508.35,5514.8,NIITEC,5301
68,2021-10-14 10:38:00,5547.3,NSE,5547.3,5525.95,5534.15,NIITEC,3046
69,2021-10-14 10:39:00,5545.05,NSE,5548.6,5543.4,5546.95,NIITEC,1660
70,2021-10-14 10:40:00,5569.8,NSE,5569.8,5545.0,5548.0,NIITEC,6702
71,2021-10-14 10:41:00,5561.55,NSE,5570.0,5561.55,5569.0,NIITEC,2438
72,2021-10-14 10:42:00,5569.7,NSE,5577.25,5560.05,5563.0,NIITEC,4252
73,2021-10-14 10:43:00,5564.5,NSE,5577.35,5564.5,5573.05,NIITEC,2442
74,2021-10-14 10:44:00,5561.5,NSE,5568.25,5557.4,5564.5,NIITEC,2419
75,2021-10-14 10:45:00,5601.05,NSE,5608.3,5564.35,5564.55,NIITEC,8632
76,2021-10-14 10:46:00,5589.6,NSE,5614.8,5587.55,5601.85,NIITEC,9192
77,2021-10-14 10:47:00,5597.4,NSE,5605.45,5582.85,5588.05,NIITEC,2919
78,2021-10-14 10:48:00,5601.45,NSE,5606.9,5588.1,5597.65,NIITEC,3329
79,2021-10-14 10:49:00,5600.0,NSE,5605.0,5595.6,5603.8,NIITEC,2151
80,2021-10-14 10:50:00,5580.0,NSE,5605.0,5580.0,5601.0,NIITEC,1521
81,2021-10-14 10:51:00,5583.85,NSE,5586.1,5571.05,5580.0,NIITEC,1744
82,2021-10-14 10:52:00,5590.0,NSE,5590.0,5577.5,5583.75,NIITEC,1417
83,2021-10-14 10:53:00,5597.0,NSE,5597.0,5582.65,5584.2,NIITEC,2070
84,2021-10-14 10:54:00,5604.8,NSE,5610.65,5592.4,5598.0,NIITEC,4676
85,2021-10-14 10:55:00,5609.0,NSE,5610.0,5596.25,5600.6,NIITEC,3098
86,2021-10-14 10:56:00,5608.0,NSE,5610.0,5603.55,5609.0,NIITEC,1223
87,2021-10-14 10:57:00,5594.05,NSE,5608.0,5594.05,5608.0,NIITEC,1128
88,2021-10-14 10:58:00,5594.0,NSE,5599.95,5592.0,5597.0,NIITEC,2063
89,2021-10-14 10:59:00,5598.95,NSE,5599.9,5592.0,5596.8,NIITEC,1219
90,2021-10-14 11:00:00,5602.75,NSE,5608.55,5598.7,5600.0,NIITEC,1689
91,2021-10-14 11:01:00,5603.85,NSE,5608.0,5597.0,5605.15,NIITEC,1126
92,2021-10-14 11:02:00,5630.2,NSE,5636.6,5608.0,5608.0,NIITEC,7916
93,2021-10-14 11:03:00,5630.35,NSE,5633.6,5620.0,5630.05,NIITEC,3821
94,2021-10-14 11:04:00,5641.0,NSE,5641.0,5633.0,5633.0,NIITEC,2111
95,2021-10-14 11:05:00,5639.0,NSE,5644.55,5628.0,5641.7,NIITEC,3443
96,2021-10-14 11:06:00,5636.95,NSE,5645.9,5635.0,5638.45,NIITEC,2549
97,2021-10-14 11:07:00,5633.85,NSE,5640.35,5622.45,5636.65,NIITEC,2406
98,2021-10-14 11:08:00,5624.1,NSE,5639.0,5621.15,5636.35,NIITEC,2884
99,2021-10-14 11:09:00,5633.0,NSE,5639.0,5624.1,5627.6,NIITEC,1559
100,2021-10-14 11:10:00,5625.75,NSE,5638.1,5624.0,5638.1,NIITEC,680
101,2021-10-14 11:11:00,5630.0,NSE,5639.0,5624.5,5624.8,NIITEC,1585
102,2021-10-14 11:12:00,5627.0,NSE,5632.7,5626.0,5632.7,NIITEC,617
103,2021-10-14 11:13:00,5610.75,NSE,5629.4,5605.6,5625.7,NIITEC,5414
104,2021-10-14 11:14:00,5612.0,NSE,5617.0,5610.9,5611.5,NIITEC,801
105,2021-10-14 11:15:00,5622.0,NSE,5622.0,5612.0,5613.0,NIITEC,2710
106,2021-10-14 11:16:00,5624.05,NSE,5629.8,5620.0,5620.0,NIITEC,752
107,2021-10-14 11:17:00,5621.2,NSE,5627.95,5620.9,5627.95,NIITEC,662
108,2021-10-14 11:18:00,5622.55,NSE,5624.95,5620.0,5621.05,NIITEC,686
109,2021-10-14 11:19:00,5612.55,NSE,5625.0,5612.55,5620.0,NIITEC,752
110,2021-10-14 11:20:00,5616.45,NSE,5621.0,5612.45,5614.2,NIITEC,741
111,2021-10-14 11:21:00,5627.0,NSE,5629.8,5615.85,5618.8,NIITEC,1370
112,2021-10-14 11:22:00,5634.0,NSE,5637.45,5626.65,5629.0,NIITEC,1325
113,2021-10-14 11:23:00,5630.0,NSE,5638.0,5626.0,5634.0,NIITEC,570
114,2021-10-14 11:24:00,5623.7,NSE,5634.75,5623.35,5630.0,NIITEC,1378
115,2021-10-14 11:25:00,5634.85,NSE,5634.85,5621.1,5621.1,NIITEC,547
116,2021-10-14 11:26:00,5637.9,NSE,5639.0,5631.5,5631.5,NIITEC,2089
117,2021-10-14 11:27:00,5635.0,NSE,5638.5,5629.9,5638.5,NIITEC,825
118,2021-10-14 11:28:00,5626.05,NSE,5634.85,5626.05,5630.7,NIITEC,819
119,2021-10-14 11:29:00,5621.9,NSE,5633.0,5620.1,5626.2,NIITEC,609
120,2021-10-14 11:30:00,5612.0,NSE,5625.0,5612.0,5624.0,NIITEC,908
121,2021-10-14 11:31:00,5616.2,NSE,5619.0,5612.0,5615.6,NIITEC,993
122,2021-10-14 11:32:00,5618.75,NSE,5624.45,5617.05,5618.2,NIITEC,686
123,2021-10-14 11:33:00,5630.9,NSE,5631.0,5619.0,5619.0,NIITEC,496
124,2021-10-14 11:34:00,5626.4,NSE,5634.0,5626.4,5632.0,NIITEC,436
125,2021-10-14 11:35:00,5634.25,NSE,5638.0,5627.0,5627.3,NIITEC,1024
126,2021-10-14 11:36:00,5630.75,NSE,5637.25,5630.65,5637.25,NIITEC,548
127,2021-10-14 11:37:00,5631.95,NSE,5639.0,5630.05,5632.45,NIITEC,805
128,2021-10-14 11:38:00,5628.5,NSE,5634.5,5625.5,5632.0,NIITEC,553
129,2021-10-14 11:39:00,5625.65,NSE,5630.0,5625.3,5628.5,NIITEC,519
130,2021-10-14 11:40:00,5632.35,NSE,5635.0,5625.25,5629.0,NIITEC,832
131,2021-10-14 11:41:00,5630.3,NSE,5636.0,5630.3,5636.0,NIITEC,582
132,2021-10-14 11:42:00,5620.0,NSE,5635.0,5620.0,5634.4,NIITEC,920
133,2021-10-14 11:43:00,5628.3,NSE,5633.95,5620.55,5620.55,NIITEC,951
134,2021-10-14 11:44:00,5626.75,NSE,5634.0,5617.0,5625.0,NIITEC,1389
135,2021-10-14 11:45:00,5631.85,NSE,5632.45,5626.55,5632.45,NIITEC,468
136,2021-10-14 11:46:00,5635.9,NSE,5636.0,5628.45,5628.45,NIITEC,817
137,2021-10-14 11:47:00,5628.3,NSE,5636.0,5628.3,5632.05,NIITEC,1713
138,2021-10-14 11:48:00,5624.9,NSE,5633.8,5624.9,5632.45,NIITEC,865
139,2021-10-14 11:49:00,5635.65,NSE,5641.6,5630.0,5630.0,NIITEC,2486
140,2021-10-14 11:50:00,5651.25,NSE,5651.25,5632.95,5635.65,NIITEC,4189
141,2021-10-14 11:51:00,5658.35,NSE,5660.0,5650.4,5651.65,NIITEC,6286
142,2021-10-14 11:52:00,5651.0,NSE,5659.8,5651.0,5655.1,NIITEC,871
143,2021-10-14 11:53:00,5654.15,NSE,5658.0,5645.0,5650.0,NIITEC,1892
144,2021-10-14 11:54:00,5658.0,NSE,5660.0,5652.2,5652.2,NIITEC,2718
145,2021-10-14 11:55:00,5659.0,NSE,5659.0,5655.0,5658.0,NIITEC,948
146,2021-10-14 11:56:00,5657.3,NSE,5659.0,5651.5,5656.0,NIITEC,1427
147,2021-10-14 11:57:00,5655.0,NSE,5659.8,5653.15,5658.0,NIITEC,582
148,2021-10-14 11:58:00,5670.0,NSE,5670.0,5654.55,5658.0,NIITEC,3064
149,2021-10-14 11:59:00,5662.55,NSE,5670.0,5662.4,5669.95,NIITEC,1950
150,2021-10-14 12:00:00,5663.2,NSE,5670.0,5663.2,5666.9,NIITEC,1252
151,2021-10-14 12:01:00,5656.05,NSE,5668.0,5654.6,5666.25,NIITEC,1439
152,2021-10-14 12:02:00,5653.0,NSE,5656.05,5650.0,5654.6,NIITEC,2419
153,2021-10-14 12:03:00,5660.0,NSE,5663.0,5650.0,5652.0,NIITEC,3976
154,2021-10-14 12:04:00,5655.35,NSE,5662.1,5655.25,5661.85,NIITEC,665
155,2021-10-14 12:05:00,5652.1,NSE,5657.35,5651.0,5655.1,NIITEC,779
156,2021-10-14 12:06:00,5650.0,NSE,5654.0,5645.2,5654.0,NIITEC,881
157,2021-10-14 12:07:00,5650.0,NSE,5652.9,5646.2,5652.9,NIITEC,957
158,2021-10-14 12:08:00,5651.0,NSE,5652.0,5646.05,5650.0,NIITEC,654
159,2021-10-14 12:09:00,5647.55,NSE,5651.1,5644.15,5649.0,NIITEC,507
160,2021-10-14 12:10:00,5650.8,NSE,5651.0,5644.25,5644.25,NIITEC,262
161,2021-10-14 12:11:00,5654.25,NSE,5656.45,5649.1,5650.8,NIITEC,778
162,2021-10-14 12:12:00,5657.4,NSE,5658.65,5651.35,5654.2,NIITEC,389
163,2021-10-14 12:13:00,5663.1,NSE,5664.45,5655.2,5659.05,NIITEC,720
164,2021-10-14 12:14:00,5662.7,NSE,5669.0,5662.05,5662.05,NIITEC,966
165,2021-10-14 12:15:00,5662.5,NSE,5668.0,5659.4,5664.95,NIITEC,1760
166,2021-10-14 12:16:00,5660.0,NSE,5665.85,5655.95,5665.85,NIITEC,1231
167,2021-10-14 12:17:00,5665.6,NSE,5666.0,5661.0,5661.0,NIITEC,544
168,2021-10-14 12:18:00,5662.55,NSE,5667.85,5661.05,5665.95,NIITEC,927
169,2021-10-14 12:19:00,5664.95,NSE,5666.0,5660.15,5665.05,NIITEC,506
170,2021-10-14 12:20:00,5660.6,NSE,5665.05,5660.5,5665.0,NIITEC,495
171,2021-10-14 12:21:00,5656.35,NSE,5662.95,5654.45,5660.5,NIITEC,733
172,2021-10-14 12:22:00,5664.95,NSE,5664.95,5655.0,5655.0,NIITEC,905
173,2021-10-14 12:23:00,5667.0,NSE,5668.2,5665.0,5665.0,NIITEC,1385
174,2021-10-14 12:24:00,5663.35,NSE,5668.45,5663.35,5665.65,NIITEC,622
175,2021-10-14 12:25:00,5666.75,NSE,5667.0,5663.0,5663.6,NIITEC,2307
176,2021-10-14 12:26:00,5660.0,NSE,5666.9,5657.0,5664.15,NIITEC,495
177,2021-10-14 12:27:00,5654.75,NSE,5660.0,5651.45,5658.0,NIITEC,2439
178,2021-10-14 12:28:00,5667.95,NSE,5670.0,5652.75,5652.75,NIITEC,2106
179,2021-10-14 12:29:00,5665.85,NSE,5670.0,5662.0,5669.9,NIITEC,1040
180,2021-10-14 12:30:00,5660.0,NSE,5667.9,5660.0,5665.85,NIITEC,255
181,2021-10-14 12:31:00,5648.55,NSE,5662.45,5640.0,5662.45,NIITEC,3454
182,2021-10-14 12:32:00,5638.45,NSE,5650.0,5630.0,5643.5,NIITEC,1521
183,2021-10-14 12:33:00,5637.0,NSE,5648.9,5634.05,5643.4,NIITEC,1062
184,2021-10-14 12:34:00,5631.15,NSE,5639.6,5627.1,5639.05,NIITEC,1472
185,2021-10-14 12:35:00,5632.0,NSE,5636.4,5627.05,5630.05,NIITEC,1041
186,2021-10-14 12:36:00,5635.15,NSE,5635.9,5630.15,5630.25,NIITEC,368
187,2021-10-14 12:37:00,5630.0,NSE,5633.9,5621.45,5632.0,NIITEC,1278
188,2021-10-14 12:38:00,5635.7,NSE,5644.25,5625.0,5632.25,NIITEC,1608
189,2021-10-14 12:39:00,5629.4,NSE,5637.15,5625.45,5634.8,NIITEC,619
190,2021-10-14 12:40:00,5624.7,NSE,5632.35,5624.7,5626.0,NIITEC,893
191,2021-10-14 12:41:00,5614.2,NSE,5628.0,5606.95,5625.05,NIITEC,2184
192,2021-10-14 12:42:00,5617.15,NSE,5623.3,5605.2,5609.4,NIITEC,1971
193,2021-10-14 12:43:00,5598.4,NSE,5620.2,5593.05,5620.2,NIITEC,1879
194,2021-10-14 12:44:00,5603.6,NSE,5606.8,5595.25,5598.25,NIITEC,956
195,2021-10-14 12:45:00,5597.1,NSE,5610.9,5597.1,5603.3,NIITEC,1342
196,2021-10-14 12:46:00,5599.0,NSE,5602.45,5595.0,5600.0,NIITEC,862
197,2021-10-14 12:47:00,5602.85,NSE,5605.0,5598.1,5602.5,NIITEC,445
198,2021-10-14 12:48:00,5595.15,NSE,5604.3,5595.15,5595.7,NIITEC,984
199,2021-10-14 12:49:00,5592.65,NSE,5595.4,5580.75,5595.4,NIITEC,3236
200,2021-10-14 12:50:00,5578.85,NSE,5595.55,5573.45,5594.6,NIITEC,2333
201,2021-10-14 12:51:00,5569.05,NSE,5580.4,5564.05,5576.95,NIITEC,2184
202,2021-10-14 12:52:00,5584.2,NSE,5588.25,5566.15,5569.0,NIITEC,1725
203,2021-10-14 12:53:00,5577.0,NSE,5585.7,5572.55,5580.35,NIITEC,887
204,2021-10-14 12:54:00,5581.85,NSE,5581.85,5572.0,5578.05,NIITEC,1064
205,2021-10-14 12:55:00,5587.7,NSE,5592.15,5582.0,5582.4,NIITEC,565
206,2021-10-14 12:56:00,5580.0,NSE,5587.7,5575.15,5587.45,NIITEC,748
207,2021-10-14 12:57:00,5565.45,NSE,5579.05,5558.95,5576.35,NIITEC,1505
208,2021-10-14 12:58:00,5568.45,NSE,5571.45,5565.45,5565.45,NIITEC,454
209,2021-10-14 12:59:00,5563.55,NSE,5570.0,5563.55,5565.45,NIITEC,1052
210,2021-10-14 13:00:00,5552.45,NSE,5566.85,5551.0,5566.85,NIITEC,2359
211,2021-10-14 13:01:00,5545.7,NSE,5553.25,5541.6,5548.0,NIITEC,1381
212,2021-10-14 13:02:00,5548.0,NSE,5559.4,5543.2,5543.2,NIITEC,2827
213,2021-10-14 13:03:00,5550.3,NSE,5553.05,5540.75,5548.0,NIITEC,1587
214,2021-10-14 13:04:00,5556.95,NSE,5556.95,5543.3,5553.0,NIITEC,604
215,2021-10-14 13:05:00,5541.65,NSE,5559.2,5541.5,5555.0,NIITEC,2841
216,2021-10-14 13:06:00,5537.15,NSE,5541.0,5536.65,5541.0,NIITEC,630
217,2021-10-14 13:07:00,5547.05,NSE,5549.95,5537.15,5537.15,NIITEC,572
218,2021-10-14 13:08:00,5542.7,NSE,5554.0,5542.7,5543.85,NIITEC,592
219,2021-10-14 13:09:00,5547.5,NSE,5557.2,5540.45,5542.25,NIITEC,2426
220,2021-10-14 13:10:00,5548.15,NSE,5553.2,5546.55,5548.55,NIITEC,366
221,2021-10-14 13:11:00,5530.0,NSE,5551.2,5527.25,5547.15,NIITEC,1988
222,2021-10-14 13:12:00,5533.5,NSE,5535.8,5520.75,5526.95,NIITEC,1895
223,2021-10-14 13:13:00,5520.75,NSE,5535.0,5520.75,5530.05,NIITEC,1426
224,2021-10-14 13:14:00,5520.0,NSE,5525.1,5509.0,5525.1,NIITEC,1493
225,2021-10-14 13:15:00,5508.4,NSE,5521.05,5508.35,5521.05,NIITEC,1183
226,2021-10-14 13:16:00,5511.1,NSE,5515.2,5508.0,5508.7,NIITEC,799
227,2021-10-14 13:17:00,5502.0,NSE,5515.0,5501.1,5508.0,NIITEC,1336
228,2021-10-14 13:18:00,5509.85,NSE,5509.85,5501.35,5504.45,NIITEC,549
229,2021-10-14 13:19:00,5520.5,NSE,5521.0,5506.0,5506.0,NIITEC,854
230,2021-10-14 13:20:00,5524.9,NSE,5525.1,5518.1,5520.5,NIITEC,1330
231,2021-10-14 13:21:00,5529.05,NSE,5530.8,5521.8,5525.1,NIITEC,1405
232,2021-10-14 13:22:00,5516.95,NSE,5527.25,5514.75,5521.4,NIITEC,1773
233,2021-10-14 13:23:00,5536.6,NSE,5536.6,5513.7,5513.7,NIITEC,809
234,2021-10-14 13:24:00,5538.4,NSE,5539.45,5530.2,5536.0,NIITEC,820
235,2021-10-14 13:25:00,5526.55,NSE,5538.85,5526.55,5538.0,NIITEC,647
236,2021-10-14 13:26:00,5517.15,NSE,5531.6,5517.15,5526.25,NIITEC,701
237,2021-10-14 13:27:00,5517.1,NSE,5522.95,5516.0,5516.9,NIITEC,280
238,2021-10-14 13:28:00,5518.55,NSE,5522.95,5516.8,5519.7,NIITEC,192
239,2021-10-14 13:29:00,5521.05,NSE,5522.25,5515.15,5518.55,NIITEC,703
240,2021-10-14 13:30:00,5504.0,NSE,5521.45,5504.0,5517.85,NIITEC,1707
241,2021-10-14 13:31:00,5505.95,NSE,5506.65,5500.0,5501.95,NIITEC,1970
242,2021-10-14 13:32:00,5507.15,NSE,5513.05,5505.0,5505.8,NIITEC,885
243,2021-10-14 13:33:00,5497.5,NSE,5505.0,5494.0,5505.0,NIITEC,1481
244,2021-10-14 13:34:00,5512.8,NSE,5512.8,5495.0,5502.4,NIITEC,1287
245,2021-10-14 13:35:00,5514.65,NSE,5516.85,5510.8,5512.85,NIITEC,329
246,2021-10-14 13:36:00,5514.65,NSE,5520.0,5514.65,5514.65,NIITEC,300
247,2021-10-14 13:37:00,5516.45,NSE,5520.55,5506.35,5514.4,NIITEC,1078
248,2021-10-14 13:38:00,5511.75,NSE,5518.0,5510.0,5517.1,NIITEC,1949
249,2021-10-14 13:39:00,5514.05,NSE,5519.4,5511.45,5514.4,NIITEC,281
250,2021-10-14 13:40:00,5528.7,NSE,5531.85,5514.0,5514.05,NIITEC,827
251,2021-10-14 13:41:00,5532.2,NSE,5533.9,5528.2,5532.0,NIITEC,933
252,2021-10-14 13:42:00,5532.75,NSE,5537.4,5530.0,5530.0,NIITEC,2086
253,2021-10-14 13:43:00,5538.95,NSE,5540.0,5534.0,5535.95,NIITEC,1394
254,2021-10-14 13:44:00,5549.95,NSE,5549.95,5538.4,5540.0,NIITEC,1257
255,2021-10-14 13:45:00,5547.95,NSE,5553.5,5545.45,5553.5,NIITEC,1987
256,2021-10-14 13:46:00,5546.25,NSE,5549.75,5542.05,5548.4,NIITEC,1602
257,2021-10-14 13:47:00,5543.9,NSE,5545.95,5542.45,5545.95,NIITEC,235
258,2021-10-14 13:48:00,5554.9,NSE,5556.5,5544.0,5544.0,NIITEC,1424
259,2021-10-14 13:49:00,5545.0,NSE,5559.85,5545.0,5556.5,NIITEC,690
260,2021-10-14 13:50:00,5531.25,NSE,5545.2,5529.25,5545.2,NIITEC,796
261,2021-10-14 13:51:00,5529.95,NSE,5533.55,5521.3,5533.55,NIITEC,861
262,2021-10-14 13:52:00,5524.2,NSE,5530.0,5515.55,5530.0,NIITEC,1731
263,2021-10-14 13:53:00,5515.6,NSE,5525.5,5515.55,5524.1,NIITEC,560
264,2021-10-14 13:54:00,5521.75,NSE,5524.25,5509.7,5509.7,NIITEC,1488
265,2021-10-14 13:55:00,5524.95,NSE,5530.0,5516.25,5516.85,NIITEC,941
266,2021-10-14 13:56:00,5534.05,NSE,5536.25,5521.95,5525.2,NIITEC,607
267,2021-10-14 13:57:00,5533.4,NSE,5541.2,5533.4,5536.6,NIITEC,539
268,2021-10-14 13:58:00,5523.95,NSE,5536.2,5520.0,5536.2,NIITEC,659
269,2021-10-14 13:59:00,5523.1,NSE,5527.5,5520.0,5522.75,NIITEC,566
270,2021-10-14 14:00:00,5520.2,NSE,5532.8,5516.85,5520.0,NIITEC,1021
271,2021-10-14 14:01:00,5510.75,NSE,5525.2,5509.8,5520.2,NIITEC,1646
272,2021-10-14 14:02:00,5529.9,NSE,5530.0,5511.9,5515.7,NIITEC,612
273,2021-10-14 14:03:00,5525.2,NSE,5531.75,5523.3,5529.9,NIITEC,482
274,2021-10-14 14:04:00,5531.9,NSE,5535.0,5521.05,5529.0,NIITEC,611
275,2021-10-14 14:05:00,5540.0,NSE,5540.0,5529.1,5531.4,NIITEC,603
276,2021-10-14 14:06:00,5535.4,NSE,5540.95,5527.2,5540.0,NIITEC,1809
277,2021-10-14 14:07:00,5539.35,NSE,5539.4,5523.7,5535.4,NIITEC,1799
278,2021-10-14 14:08:00,5531.85,NSE,5539.4,5531.8,5536.7,NIITEC,251
279,2021-10-14 14:09:00,5530.85,NSE,5534.9,5525.05,5534.9,NIITEC,195
280,2021-10-14 14:10:00,5534.1,NSE,5536.25,5530.1,5531.25,NIITEC,243
281,2021-10-14 14:11:00,5537.9,NSE,5539.0,5534.4,5537.75,NIITEC,581
282,2021-10-14 14:12:00,5549.0,NSE,5549.0,5537.9,5537.9,NIITEC,1324
283,2021-10-14 14:13:00,5555.25,NSE,5556.5,5550.0,5550.0,NIITEC,861
284,2021-10-14 14:14:00,5548.1,NSE,5556.85,5548.1,5555.65,NIITEC,299
285,2021-10-14 14:15:00,5550.0,NSE,5550.0,5539.15,5548.1,NIITEC,1236
286,2021-10-14 14:16:00,5545.2,NSE,5552.4,5544.85,5550.0,NIITEC,687
287,2021-10-14 14:17:00,5544.2,NSE,5550.0,5537.8,5550.0,NIITEC,1048
288,2021-10-14 14:18:00,5541.0,NSE,5546.5,5540.0,5544.45,NIITEC,406
289,2021-10-14 14:19:00,5545.0,NSE,5549.5,5539.65,5542.1,NIITEC,2563
290,2021-10-14 14:20:00,5546.45,NSE,5550.0,5545.0,5546.7,NIITEC,1613
291,2021-10-14 14:21:00,5545.0,NSE,5549.5,5545.0,5545.3,NIITEC,311
292,2021-10-14 14:22:00,5547.65,NSE,5548.35,5537.1,5547.5,NIITEC,2969
293,2021-10-14 14:23:00,5546.75,NSE,5548.45,5545.0,5547.0,NIITEC,499
294,2021-10-14 14:24:00,5545.0,NSE,5550.0,5538.35,5547.0,NIITEC,5213
295,2021-10-14 14:25:00,5545.5,NSE,5546.75,5545.0,5546.75,NIITEC,670
296,2021-10-14 14:26:00,5547.6,NSE,5547.7,5540.6,5545.5,NIITEC,1278
297,2021-10-14 14:27:00,5548.35,NSE,5550.0,5535.0,5546.05,NIITEC,2518
298,2021-10-14 14:28:00,5549.9,NSE,5550.0,5545.0,5548.45,NIITEC,613
299,2021-10-14 14:29:00,5546.8,NSE,5549.5,5545.0,5549.5,NIITEC,1185
300,2021-10-14 14:30:00,5547.6,NSE,5548.55,5532.05,5547.0,NIITEC,4226
301,2021-10-14 14:31:00,5549.95,NSE,5549.95,5545.0,5545.0,NIITEC,421
302,2021-10-14 14:32:00,5553.45,NSE,5554.95,5550.0,5550.0,NIITEC,699
303,2021-10-14 14:33:00,5560.0,NSE,5560.0,5550.0,5550.0,NIITEC,1292
304,2021-10-14 14:34:00,5556.0,NSE,5565.0,5555.9,5559.95,NIITEC,1256
305,2021-10-14 14:35:00,5563.85,NSE,5564.0,5553.25,5556.0,NIITEC,859
306,2021-10-14 14:36:00,5563.95,NSE,5564.0,5560.15,5563.85,NIITEC,504
307,2021-10-14 14:37:00,5569.95,NSE,5572.9,5563.9,5564.0,NIITEC,1838
308,2021-10-14 14:38:00,5570.0,NSE,5570.0,5564.65,5569.95,NIITEC,1037
309,2021-10-14 14:39:00,5582.0,NSE,5582.2,5568.9,5569.9,NIITEC,1198
310,2021-10-14 14:40:00,5609.45,NSE,5609.95,5579.55,5582.0,NIITEC,4823
311,2021-10-14 14:41:00,5599.95,NSE,5607.95,5593.7,5603.2,NIITEC,2903
312,2021-10-14 14:42:00,5601.7,NSE,5604.65,5592.35,5600.0,NIITEC,3492
313,2021-10-14 14:43:00,5592.0,NSE,5602.45,5588.15,5602.45,NIITEC,975
314,2021-10-14 14:44:00,5596.55,NSE,5597.55,5591.45,5592.95,NIITEC,513
315,2021-10-14 14:45:00,5596.0,NSE,5599.5,5596.0,5598.0,NIITEC,1509
316,2021-10-14 14:46:00,5595.55,NSE,5597.65,5593.5,5597.65,NIITEC,607
317,2021-10-14 14:47:00,5595.0,NSE,5596.95,5594.1,5595.55,NIITEC,1111
318,2021-10-14 14:48:00,5590.4,NSE,5595.0,5580.2,5595.0,NIITEC,1857
319,2021-10-14 14:49:00,5588.0,NSE,5590.4,5585.0,5590.4,NIITEC,414
320,2021-10-14 14:50:00,5594.95,NSE,5595.0,5583.6,5587.95,NIITEC,1645
321,2021-10-14 14:51:00,5591.95,NSE,5595.0,5587.0,5594.9,NIITEC,635
322,2021-10-14 14:52:00,5594.85,NSE,5595.0,5588.95,5591.7,NIITEC,528
323,2021-10-14 14:53:00,5594.9,NSE,5595.0,5590.75,5594.9,NIITEC,734
324,2021-10-14 14:54:00,5612.3,NSE,5629.8,5594.9,5594.9,NIITEC,7105
325,2021-10-14 14:55:00,5617.6,NSE,5624.9,5612.3,5612.3,NIITEC,3022
326,2021-10-14 14:56:00,5614.0,NSE,5615.55,5598.15,5615.55,NIITEC,2267
327,2021-10-14 14:57:00,5614.0,NSE,5615.0,5611.5,5614.0,NIITEC,333
328,2021-10-14 14:58:00,5596.85,NSE,5614.0,5587.45,5614.0,NIITEC,3539
329,2021-10-14 14:59:00,5585.5,NSE,5593.25,5582.9,5592.05,NIITEC,1051
330,2021-10-14 15:00:00,5588.3,NSE,5589.7,5582.0,5589.7,NIITEC,1102
331,2021-10-14 15:01:00,5587.0,NSE,5594.8,5586.0,5588.3,NIITEC,641
332,2021-10-14 15:02:00,5585.0,NSE,5590.5,5572.55,5590.5,NIITEC,1826
333,2021-10-14 15:03:00,5587.3,NSE,5588.25,5577.85,5584.95,NIITEC,800
334,2021-10-14 15:04:00,5589.4,NSE,5589.4,5581.4,5583.8,NIITEC,612
335,2021-10-14 15:05:00,5599.7,NSE,5603.2,5592.9,5594.45,NIITEC,2518
336,2021-10-14 15:06:00,5602.95,NSE,5604.35,5593.25,5601.6,NIITEC,743
337,2021-10-14 15:07:00,5603.0,NSE,5603.7,5596.55,5602.95,NIITEC,520
338,2021-10-14 15:08:00,5602.95,NSE,5603.35,5592.6,5603.0,NIITEC,2190
339,2021-10-14 15:09:00,5601.5,NSE,5604.05,5600.0,5602.0,NIITEC,718
340,2021-10-14 15:10:00,5600.7,NSE,5603.0,5600.0,5600.7,NIITEC,610
341,2021-10-14 15:11:00,5597.65,NSE,5601.5,5592.1,5601.45,NIITEC,643
342,2021-10-14 15:12:00,5588.95,NSE,5594.5,5583.25,5594.5,NIITEC,1445
343,2021-10-14 15:13:00,5582.6,NSE,5592.05,5579.0,5589.4,NIITEC,1345
344,2021-10-14 15:14:00,5573.0,NSE,5584.4,5569.2,5584.2,NIITEC,1387
345,2021-10-14 15:15:00,5588.55,NSE,5588.55,5572.6,5574.7,NIITEC,1906
346,2021-10-14 15:16:00,5600.55,NSE,5601.55,5590.0,5590.0,NIITEC,4801
347,2021-10-14 15:17:00,5611.0,NSE,5615.7,5601.05,5601.05,NIITEC,5695
348,2021-10-14 15:18:00,5617.75,NSE,5617.75,5605.8,5609.5,NIITEC,3650
349,2021-10-14 15:19:00,5613.1,NSE,5619.95,5609.15,5617.0,NIITEC,4092
350,2021-10-14 15:20:00,5610.9,NSE,5618.3,5604.2,5613.15,NIITEC,4521
351,2021-10-14 15:21:00,5618.55,NSE,5619.0,5606.9,5609.7,NIITEC,4241
352,2021-10-14 15:22:00,5614.35,NSE,5618.65,5605.1,5618.55,NIITEC,3974
353,2021-10-14 15:23:00,5612.1,NSE,5619.0,5610.05,5616.7,NIITEC,3471
354,2021-10-14 15:24:00,5601.2,NSE,5616.7,5600.0,5612.15,NIITEC,3556
355,2021-10-14 15:25:00,5608.0,NSE,5614.2,5604.75,5604.95,NIITEC,3519
356,2021-10-14 15:26:00,5610.0,NSE,5611.55,5600.5,5608.95,NIITEC,3785
357,2021-10-14 15:27:00,5606.0,NSE,5615.0,5605.6,5610.0,NIITEC,3113
358,2021-10-14 15:28:00,5598.45,NSE,5606.0,5586.0,5605.1,NIITEC,1470
359,2021-10-14 15:29:00,5590.0,NSE,5605.0,5580.0,5598.45,NIITEC,2576
