,datetime,close,exchange_code,high,low,open,stock_code,volume
0,2023-07-18 09:07:00,799.8,NSE,799.8,799.8,799.8,JSWSTE,0
1,2023-07-18 09:15:00,797.35,NSE,800.45,797.1,799.8,JSWSTE,13465
2,2023-07-18 09:16:00,795.7,NSE,798.05,794.15,798.05,JSWSTE,24782
3,2023-07-18 09:17:00,796.45,NSE,796.85,795.3,795.4,JSWSTE,4821
4,2023-07-18 09:18:00,795.85,NSE,796.05,794.85,796.05,JSWSTE,11947
5,2023-07-18 09:19:00,794.05,NSE,796.0,794.05,795.85,JSWSTE,13251
6,2023-07-18 09:20:00,795.85,NSE,795.9,793.3,793.8,JSWSTE,9924
7,2023-07-18 09:21:00,795.55,NSE,796.8,795.45,795.8,JSWSTE,6611
8,2023-07-18 09:22:00,796.0,NSE,796.0,795.8,795.8,JSWSTE,2948
9,2023-07-18 09:23:00,796.65,NSE,797.0,796.5,796.5,JSWSTE,3854
10,2023-07-18 09:24:00,795.95,NSE,796.9,795.7,796.9,JSWSTE,6585
11,2023-07-18 09:25:00,796.05,NSE,796.05,795.0,795.6,JSWSTE,4788
12,2023-07-18 09:26:00,796.75,NSE,796.75,796.0,796.05,JSWSTE,1847
13,2023-07-18 09:27:00,796.8,NSE,797.2,796.55,797.0,JSWSTE,3390
14,2023-07-18 09:28:00,796.1,NSE,796.95,796.1,796.8,JSWSTE,5467
15,2023-07-18 09:29:00,796.55,NSE,796.75,796.0,796.3,JSWSTE,1766
16,2023-07-18 09:30:00,796.65,NSE,796.7,796.3,796.3,JSWSTE,1045
17,2023-07-18 09:31:00,796.0,NSE,796.5,796.0,796.5,JSWSTE,1160
18,2023-07-18 09:32:00,795.5,NSE,796.25,795.5,796.25,JSWSTE,1961
19,2023-07-18 09:33:00,795.6,NSE,795.95,795.55,795.55,JSWSTE,1568
20,2023-07-18 09:34:00,794.5,NSE,795.45,794.5,795.2,JSWSTE,6948
21,2023-07-18 09:35:00,793.2,NSE,794.85,793.2,794.5,JSWSTE,7211
22,2023-07-18 09:36:00,794.0,NSE,794.0,792.75,793.1,JSWSTE,13800
23,2023-07-18 09:37:00,793.9,NSE,794.45,793.3,794.0,JSWSTE,3417
24,2023-07-18 09:38:00,793.5,NSE,795.4,793.2,793.9,JSWSTE,3765
25,2023-07-18 09:39:00,794.35,NSE,794.45,793.25,793.5,JSWSTE,9161
26,2023-07-18 09:40:00,794.85,NSE,794.95,794.35,794.35,JSWSTE,3972
27,2023-07-18 09:41:00,795.1,NSE,795.1,794.45,794.9,JSWSTE,6946
28,2023-07-18 09:42:00,795.6,NSE,795.6,794.45,795.1,JSWSTE,3925
29,2023-07-18 09:43:00,795.95,NSE,795.95,795.35,795.55,JSWSTE,1894
30,2023-07-18 09:44:00,795.95,NSE,796.15,795.55,795.95,JSWSTE,5698
31,2023-07-18 09:45:00,796.0,NSE,796.1,795.6,795.95,JSWSTE,1185
32,2023-07-18 09:46:00,796.2,NSE,796.2,795.7,796.0,JSWSTE,1387
33,2023-07-18 09:47:00,796.4,NSE,796.55,796.1,796.45,JSWSTE,7599
34,2023-07-18 09:48:00,795.9,NSE,796.2,795.65,796.2,JSWSTE,5742
35,2023-07-18 09:49:00,795.9,NSE,795.95,795.55,795.95,JSWSTE,4610
36,2023-07-18 09:50:00,796.15,NSE,796.15,795.6,795.6,JSWSTE,3109
37,2023-07-18 09:51:00,798.15,NSE,798.2,796.0,796.0,JSWSTE,9233
38,2023-07-18 09:52:00,798.8,NSE,799.0,797.9,798.15,JSWSTE,19159
39,2023-07-18 09:53:00,798.35,NSE,799.55,798.25,798.8,JSWSTE,11746
40,2023-07-18 09:54:00,798.6,NSE,798.8,798.3,798.35,JSWSTE,3176
41,2023-07-18 09:55:00,798.8,NSE,798.85,798.45,798.85,JSWSTE,3933
42,2023-07-18 09:56:00,798.8,NSE,798.8,797.8,798.2,JSWSTE,2836
43,2023-07-18 09:57:00,798.35,NSE,798.8,798.3,798.8,JSWSTE,2346
44,2023-07-18 09:58:00,798.65,NSE,798.7,798.35,798.35,JSWSTE,3962
45,2023-07-18 09:59:00,798.7,NSE,798.7,798.3,798.3,JSWSTE,1076
46,2023-07-18 10:00:00,798.35,NSE,798.7,798.15,798.7,JSWSTE,2707
47,2023-07-18 10:01:00,798.4,NSE,798.7,798.3,798.7,JSWSTE,1197
48,2023-07-18 10:02:00,798.5,NSE,798.7,798.15,798.35,JSWSTE,1619
49,2023-07-18 10:03:00,798.25,NSE,798.5,798.05,798.5,JSWSTE,3329
50,2023-07-18 10:04:00,798.25,NSE,798.4,798.0,798.4,JSWSTE,1266
51,2023-07-18 10:05:00,798.2,NSE,798.35,798.15,798.25,JSWSTE,1133
52,2023-07-18 10:06:00,798.05,NSE,798.25,797.55,798.2,JSWSTE,3594
53,2023-07-18 10:07:00,797.95,NSE,798.05,797.6,798.05,JSWSTE,1134
54,2023-07-18 10:08:00,797.75,NSE,797.95,797.5,797.95,JSWSTE,974
55,2023-07-18 10:09:00,797.9,NSE,797.9,797.7,797.7,JSWSTE,2186
56,2023-07-18 10:10:00,797.95,NSE,798.05,797.5,797.8,JSWSTE,4300
57,2023-07-18 10:11:00,797.75,NSE,797.9,797.7,797.7,JSWSTE,1188
58,2023-07-18 10:12:00,797.6,NSE,797.8,797.35,797.8,JSWSTE,429
59,2023-07-18 10:13:00,797.6,NSE,797.65,797.3,797.65,JSWSTE,1059
60,2023-07-18 10:14:00,796.75,NSE,797.3,796.5,797.3,JSWSTE,2383
61,2023-07-18 10:15:00,796.25,NSE,796.7,796.25,796.7,JSWSTE,1144
62,2023-07-18 10:16:00,796.45,NSE,796.5,796.2,796.25,JSWSTE,899
63,2023-07-18 10:17:00,796.35,NSE,796.45,796.25,796.45,JSWSTE,1219
64,2023-07-18 10:18:00,796.2,NSE,796.35,796.1,796.35,JSWSTE,1438
65,2023-07-18 10:19:00,796.15,NSE,796.3,796.1,796.2,JSWSTE,965
66,2023-07-18 10:20:00,796.5,NSE,796.65,796.45,796.65,JSWSTE,4382
67,2023-07-18 10:21:00,797.0,NSE,797.0,796.3,796.3,JSWSTE,2070
68,2023-07-18 10:22:00,796.8,NSE,797.15,796.7,797.0,JSWSTE,1638
69,2023-07-18 10:23:00,797.3,NSE,797.3,796.8,796.8,JSWSTE,697
70,2023-07-18 10:24:00,797.3,NSE,797.3,797.0,797.3,JSWSTE,569
71,2023-07-18 10:25:00,798.55,NSE,798.7,797.3,797.3,JSWSTE,5038
72,2023-07-18 10:26:00,798.8,NSE,798.8,798.25,798.55,JSWSTE,3357
73,2023-07-18 10:27:00,799.0,NSE,799.0,798.7,798.8,JSWSTE,3653
74,2023-07-18 10:28:00,798.95,NSE,799.0,798.75,799.0,JSWSTE,1463
75,2023-07-18 10:29:00,798.95,NSE,799.0,798.75,798.95,JSWSTE,1828
76,2023-07-18 10:30:00,798.45,NSE,799.0,798.15,798.8,JSWSTE,3554
77,2023-07-18 10:31:00,798.1,NSE,798.45,798.0,798.1,JSWSTE,1166
78,2023-07-18 10:32:00,798.25,NSE,798.25,798.05,798.1,JSWSTE,990
79,2023-07-18 10:33:00,798.25,NSE,798.25,798.1,798.25,JSWSTE,943
80,2023-07-18 10:34:00,798.35,NSE,798.4,798.1,798.1,JSWSTE,1127
81,2023-07-18 10:35:00,797.8,NSE,798.25,797.8,798.15,JSWSTE,2528
82,2023-07-18 10:36:00,797.75,NSE,797.8,797.5,797.8,JSWSTE,773
83,2023-07-18 10:37:00,797.7,NSE,797.75,797.25,797.75,JSWSTE,707
84,2023-07-18 10:38:00,797.65,NSE,797.7,797.3,797.7,JSWSTE,737
85,2023-07-18 10:39:00,797.7,NSE,797.7,797.35,797.65,JSWSTE,882
86,2023-07-18 10:40:00,797.65,NSE,797.7,797.2,797.7,JSWSTE,1437
87,2023-07-18 10:41:00,797.25,NSE,797.65,797.25,797.25,JSWSTE,292
88,2023-07-18 10:42:00,797.6,NSE,797.6,797.35,797.35,JSWSTE,872
89,2023-07-18 10:43:00,797.45,NSE,797.6,797.35,797.35,JSWSTE,352
90,2023-07-18 10:44:00,797.25,NSE,797.45,796.85,797.35,JSWSTE,2357
91,2023-07-18 10:45:00,797.0,NSE,797.25,796.95,797.25,JSWSTE,509
92,2023-07-18 10:46:00,797.3,NSE,797.35,796.85,797.0,JSWSTE,1379
93,2023-07-18 10:47:00,797.7,NSE,797.7,797.05,797.3,JSWSTE,3550
94,2023-07-18 10:48:00,798.8,NSE,798.9,797.7,797.7,JSWSTE,4880
95,2023-07-18 10:49:00,799.4,NSE,799.4,798.35,798.35,JSWSTE,4087
96,2023-07-18 10:50:00,799.75,NSE,799.75,799.45,799.45,JSWSTE,7138
97,2023-07-18 10:51:00,800.4,NSE,800.5,799.75,799.8,JSWSTE,11534
98,2023-07-18 10:52:00,800.1,NSE,801.0,800.05,800.4,JSWSTE,6493
99,2023-07-18 10:53:00,799.25,NSE,800.45,799.25,800.45,JSWSTE,3704
100,2023-07-18 10:54:00,799.1,NSE,799.65,799.0,799.25,JSWSTE,2323
101,2023-07-18 10:55:00,798.75,NSE,799.0,798.5,798.8,JSWSTE,1157
102,2023-07-18 10:56:00,799.0,NSE,799.0,798.5,798.5,JSWSTE,1118
103,2023-07-18 10:57:00,798.75,NSE,799.45,798.75,799.0,JSWSTE,3838
104,2023-07-18 10:58:00,798.65,NSE,799.0,798.45,798.75,JSWSTE,1158
105,2023-07-18 10:59:00,798.45,NSE,798.6,798.25,798.4,JSWSTE,1970
106,2023-07-18 11:00:00,798.5,NSE,798.65,798.35,798.45,JSWSTE,846
107,2023-07-18 11:01:00,798.45,NSE,798.75,798.35,798.5,JSWSTE,1168
108,2023-07-18 11:02:00,798.6,NSE,798.65,798.35,798.45,JSWSTE,441
109,2023-07-18 11:03:00,798.55,NSE,798.6,798.5,798.6,JSWSTE,641
110,2023-07-18 11:04:00,798.5,NSE,798.6,798.1,798.55,JSWSTE,1608
111,2023-07-18 11:05:00,797.6,NSE,798.5,797.6,798.5,JSWSTE,2304
112,2023-07-18 11:06:00,797.75,NSE,797.75,797.35,797.6,JSWSTE,1674
113,2023-07-18 11:07:00,797.5,NSE,797.65,797.2,797.3,JSWSTE,1510
114,2023-07-18 11:08:00,797.3,NSE,797.55,797.3,797.5,JSWSTE,547
115,2023-07-18 11:09:00,797.05,NSE,797.55,797.05,797.55,JSWSTE,990
116,2023-07-18 11:10:00,796.3,NSE,797.2,796.3,797.1,JSWSTE,4612
117,2023-07-18 11:11:00,796.75,NSE,796.75,796.3,796.3,JSWSTE,2813
118,2023-07-18 11:12:00,796.65,NSE,796.95,796.45,796.95,JSWSTE,1199
119,2023-07-18 11:13:00,796.7,NSE,796.8,796.6,796.6,JSWSTE,777
120,2023-07-18 11:14:00,796.6,NSE,796.9,796.6,796.7,JSWSTE,1476
121,2023-07-18 11:15:00,796.6,NSE,796.9,796.35,796.55,JSWSTE,1771
122,2023-07-18 11:16:00,796.5,NSE,796.75,796.3,796.75,JSWSTE,1176
123,2023-07-18 11:17:00,795.75,NSE,796.5,795.5,796.5,JSWSTE,5729
124,2023-07-18 11:18:00,795.6,NSE,795.75,795.0,795.35,JSWSTE,7603
125,2023-07-18 11:19:00,794.5,NSE,795.55,794.5,795.45,JSWSTE,7328
126,2023-07-18 11:20:00,795.25,NSE,795.3,794.5,794.5,JSWSTE,2013
127,2023-07-18 11:21:00,794.65,NSE,795.3,794.65,795.25,JSWSTE,3038
128,2023-07-18 11:22:00,795.05,NSE,795.25,794.65,794.65,JSWSTE,1404
129,2023-07-18 11:23:00,795.25,NSE,795.3,795.0,795.05,JSWSTE,1400
130,2023-07-18 11:24:00,795.6,NSE,795.65,795.0,795.0,JSWSTE,1476
131,2023-07-18 11:25:00,795.6,NSE,795.6,795.45,795.45,JSWSTE,644
132,2023-07-18 11:26:00,795.55,NSE,795.65,795.4,795.6,JSWSTE,1009
133,2023-07-18 11:27:00,795.4,NSE,795.6,795.35,795.55,JSWSTE,781
134,2023-07-18 11:28:00,795.7,NSE,795.75,795.35,795.6,JSWSTE,1321
135,2023-07-18 11:29:00,795.8,NSE,795.8,795.55,795.75,JSWSTE,1567
136,2023-07-18 11:30:00,795.05,NSE,795.8,794.8,795.8,JSWSTE,7225
137,2023-07-18 11:31:00,795.25,NSE,795.45,795.0,795.1,JSWSTE,977
138,2023-07-18 11:32:00,794.8,NSE,795.35,794.8,795.25,JSWSTE,1816
139,2023-07-18 11:33:00,795.2,NSE,795.2,794.8,794.8,JSWSTE,845
140,2023-07-18 11:34:00,795.15,NSE,795.2,795.05,795.05,JSWSTE,824
141,2023-07-18 11:35:00,795.2,NSE,795.2,795.1,795.1,JSWSTE,797
142,2023-07-18 11:36:00,795.1,NSE,795.2,795.05,795.1,JSWSTE,1844
143,2023-07-18 11:37:00,794.75,NSE,795.15,794.6,795.05,JSWSTE,8708
144,2023-07-18 11:38:00,794.55,NSE,795.0,794.3,794.3,JSWSTE,2942
145,2023-07-18 11:39:00,794.05,NSE,794.75,794.05,794.55,JSWSTE,3827
146,2023-07-18 11:40:00,793.6,NSE,794.25,793.6,794.1,JSWSTE,6008
147,2023-07-18 11:41:00,793.55,NSE,793.7,792.7,793.65,JSWSTE,17479
148,2023-07-18 11:42:00,793.25,NSE,793.55,793.05,793.55,JSWSTE,2200
149,2023-07-18 11:43:00,793.2,NSE,793.3,792.8,793.25,JSWSTE,2420
150,2023-07-18 11:44:00,792.45,NSE,793.35,792.1,793.35,JSWSTE,5828
151,2023-07-18 11:45:00,792.35,NSE,792.45,792.0,792.45,JSWSTE,5725
152,2023-07-18 11:46:00,792.25,NSE,792.35,792.2,792.35,JSWSTE,6539
153,2023-07-18 11:47:00,792.35,NSE,792.45,792.3,792.3,JSWSTE,10673
154,2023-07-18 11:48:00,792.9,NSE,792.9,792.25,792.35,JSWSTE,5972
155,2023-07-18 11:49:00,792.35,NSE,792.9,792.2,792.9,JSWSTE,5953
156,2023-07-18 11:50:00,791.65,NSE,792.35,791.15,792.25,JSWSTE,8412
157,2023-07-18 11:51:00,792.2,NSE,792.3,791.5,791.65,JSWSTE,3961
158,2023-07-18 11:52:00,792.3,NSE,792.35,792.05,792.2,JSWSTE,2600
159,2023-07-18 11:53:00,792.25,NSE,792.35,792.2,792.2,JSWSTE,673
160,2023-07-18 11:54:00,792.2,NSE,792.6,792.2,792.45,JSWSTE,5241
161,2023-07-18 11:55:00,792.95,NSE,792.95,792.2,792.35,JSWSTE,3692
162,2023-07-18 11:56:00,793.9,NSE,793.9,792.65,792.95,JSWSTE,2616
163,2023-07-18 11:57:00,794.05,NSE,794.1,793.65,793.65,JSWSTE,3538
164,2023-07-18 11:58:00,792.7,NSE,793.95,792.7,793.7,JSWSTE,5719
165,2023-07-18 11:59:00,793.0,NSE,793.0,792.7,792.7,JSWSTE,2328
166,2023-07-18 12:00:00,792.2,NSE,793.0,792.1,792.9,JSWSTE,1250
167,2023-07-18 12:01:00,792.4,NSE,792.7,792.2,792.25,JSWSTE,1337
168,2023-07-18 12:02:00,792.0,NSE,792.3,792.0,792.3,JSWSTE,12998
169,2023-07-18 12:03:00,791.05,NSE,792.0,791.05,792.0,JSWSTE,19056
170,2023-07-18 12:04:00,791.0,NSE,791.35,790.8,791.35,JSWSTE,3858
171,2023-07-18 12:05:00,791.0,NSE,791.3,790.8,790.95,JSWSTE,9764
172,2023-07-18 12:06:00,791.0,NSE,791.05,790.15,790.15,JSWSTE,11309
173,2023-07-18 12:07:00,791.0,NSE,791.0,790.75,791.0,JSWSTE,995
174,2023-07-18 12:08:00,790.7,NSE,791.2,790.5,791.0,JSWSTE,14385
175,2023-07-18 12:09:00,790.7,NSE,790.95,790.6,790.9,JSWSTE,2989
176,2023-07-18 12:10:00,791.0,NSE,791.0,790.5,790.55,JSWSTE,1449
177,2023-07-18 12:11:00,790.9,NSE,791.0,790.8,790.95,JSWSTE,2141
178,2023-07-18 12:12:00,790.9,NSE,791.0,790.8,791.0,JSWSTE,1929
179,2023-07-18 12:13:00,791.0,NSE,791.0,790.5,791.0,JSWSTE,4010
180,2023-07-18 12:14:00,791.0,NSE,791.0,790.85,791.0,JSWSTE,1348
181,2023-07-18 12:15:00,791.2,NSE,791.2,790.95,791.0,JSWSTE,4417
182,2023-07-18 12:16:00,791.45,NSE,791.45,790.85,791.2,JSWSTE,11128
183,2023-07-18 12:17:00,791.95,NSE,791.95,791.55,791.7,JSWSTE,2693
184,2023-07-18 12:18:00,791.9,NSE,791.95,791.9,791.95,JSWSTE,803
185,2023-07-18 12:19:00,792.0,NSE,792.0,791.85,791.95,JSWSTE,8226
186,2023-07-18 12:20:00,791.9,NSE,792.0,791.8,792.0,JSWSTE,1662
187,2023-07-18 12:21:00,792.0,NSE,792.0,791.9,791.95,JSWSTE,3587
188,2023-07-18 12:22:00,792.0,NSE,792.0,791.9,792.0,JSWSTE,2113
189,2023-07-18 12:23:00,791.3,NSE,792.0,791.3,792.0,JSWSTE,13487
190,2023-07-18 12:24:00,791.6,NSE,792.0,791.35,791.65,JSWSTE,2990
191,2023-07-18 12:25:00,792.85,NSE,793.0,791.7,791.7,JSWSTE,32225
192,2023-07-18 12:26:00,792.85,NSE,793.0,792.7,792.9,JSWSTE,2226
193,2023-07-18 12:27:00,793.0,NSE,793.0,792.15,792.95,JSWSTE,6934
194,2023-07-18 12:28:00,793.0,NSE,793.0,792.85,793.0,JSWSTE,710
195,2023-07-18 12:29:00,793.0,NSE,793.0,792.95,793.0,JSWSTE,5151
196,2023-07-18 12:30:00,792.95,NSE,793.0,792.95,793.0,JSWSTE,8445
197,2023-07-18 12:31:00,793.0,NSE,793.0,792.95,793.0,JSWSTE,1222
198,2023-07-18 12:32:00,793.0,NSE,793.0,792.95,792.95,JSWSTE,1484
199,2023-07-18 12:33:00,792.95,NSE,793.0,792.95,793.0,JSWSTE,1438
200,2023-07-18 12:34:00,793.0,NSE,793.0,792.9,793.0,JSWSTE,3810
201,2023-07-18 12:35:00,793.8,NSE,794.0,793.15,793.15,JSWSTE,3242
202,2023-07-18 12:36:00,794.0,NSE,794.0,793.7,794.0,JSWSTE,9396
203,2023-07-18 12:37:00,793.95,NSE,794.0,793.7,793.7,JSWSTE,1953
204,2023-07-18 12:38:00,793.55,NSE,794.0,793.55,793.95,JSWSTE,1344
205,2023-07-18 12:39:00,792.9,NSE,793.85,792.85,793.8,JSWSTE,3659
206,2023-07-18 12:40:00,792.9,NSE,793.0,792.75,793.0,JSWSTE,1152
207,2023-07-18 12:41:00,792.35,NSE,793.0,792.35,793.0,JSWSTE,41329
208,2023-07-18 12:42:00,791.85,NSE,792.35,791.7,792.35,JSWSTE,11307
209,2023-07-18 12:43:00,792.0,NSE,792.0,791.75,791.85,JSWSTE,1008
210,2023-07-18 12:44:00,792.0,NSE,792.0,791.9,791.9,JSWSTE,1376
211,2023-07-18 12:45:00,792.45,NSE,792.45,791.95,791.95,JSWSTE,23609
212,2023-07-18 12:46:00,792.05,NSE,792.4,792.0,792.25,JSWSTE,2413
213,2023-07-18 12:47:00,791.9,NSE,792.05,791.85,792.05,JSWSTE,2219
214,2023-07-18 12:48:00,792.0,NSE,792.0,791.95,791.95,JSWSTE,15051
215,2023-07-18 12:49:00,791.8,NSE,792.0,791.75,792.0,JSWSTE,1823
216,2023-07-18 12:50:00,792.0,NSE,792.0,791.6,791.8,JSWSTE,4140
217,2023-07-18 12:51:00,791.9,NSE,792.0,791.7,791.95,JSWSTE,1632
218,2023-07-18 12:52:00,792.0,NSE,792.0,791.9,792.0,JSWSTE,744
219,2023-07-18 12:53:00,791.9,NSE,792.0,791.75,791.75,JSWSTE,2695
220,2023-07-18 12:54:00,791.55,NSE,791.85,791.15,791.75,JSWSTE,2791
221,2023-07-18 12:55:00,791.4,NSE,791.6,791.15,791.55,JSWSTE,1096
222,2023-07-18 12:56:00,791.65,NSE,791.85,791.35,791.4,JSWSTE,1878
223,2023-07-18 12:57:00,791.85,NSE,792.0,791.75,791.75,JSWSTE,4548
224,2023-07-18 12:58:00,791.75,NSE,791.95,791.65,791.8,JSWSTE,1949
225,2023-07-18 12:59:00,791.7,NSE,791.9,791.5,791.85,JSWSTE,3117
226,2023-07-18 13:00:00,790.3,NSE,791.7,790.3,791.7,JSWSTE,8158
227,2023-07-18 13:01:00,789.75,NSE,790.4,789.6,790.3,JSWSTE,11160
228,2023-07-18 13:02:00,790.2,NSE,790.6,789.7,789.7,JSWSTE,2387
229,2023-07-18 13:03:00,790.25,NSE,790.6,790.15,790.25,JSWSTE,2208
230,2023-07-18 13:04:00,790.45,NSE,790.5,790.15,790.45,JSWSTE,1695
231,2023-07-18 13:05:00,790.4,NSE,790.75,789.9,790.55,JSWSTE,1113
232,2023-07-18 13:06:00,791.35,NSE,791.35,790.4,790.4,JSWSTE,594
233,2023-07-18 13:07:00,790.8,NSE,791.35,790.5,791.35,JSWSTE,2737
234,2023-07-18 13:08:00,790.9,NSE,791.0,790.45,790.95,JSWSTE,617
235,2023-07-18 13:09:00,790.75,NSE,791.15,790.35,790.95,JSWSTE,756
236,2023-07-18 13:10:00,790.75,NSE,790.8,790.45,790.45,JSWSTE,728
237,2023-07-18 13:11:00,790.65,NSE,790.8,790.3,790.6,JSWSTE,2525
238,2023-07-18 13:12:00,790.75,NSE,790.8,790.55,790.55,JSWSTE,537
239,2023-07-18 13:13:00,790.95,NSE,791.0,790.8,790.8,JSWSTE,1046
240,2023-07-18 13:14:00,791.0,NSE,791.0,790.95,790.95,JSWSTE,672
241,2023-07-18 13:15:00,790.95,NSE,791.0,790.95,790.95,JSWSTE,6781
242,2023-07-18 13:16:00,790.35,NSE,790.85,790.35,790.6,JSWSTE,2041
243,2023-07-18 13:17:00,790.3,NSE,790.35,790.0,790.35,JSWSTE,1887
244,2023-07-18 13:18:00,790.35,NSE,790.4,790.2,790.3,JSWSTE,549
245,2023-07-18 13:19:00,790.75,NSE,790.75,790.45,790.45,JSWSTE,762
246,2023-07-18 13:20:00,790.95,NSE,790.95,790.55,790.75,JSWSTE,958
247,2023-07-18 13:21:00,790.75,NSE,791.0,790.7,790.85,JSWSTE,1620
248,2023-07-18 13:22:00,791.0,NSE,791.0,790.75,790.8,JSWSTE,855
249,2023-07-18 13:23:00,790.85,NSE,791.0,790.85,790.95,JSWSTE,1145
250,2023-07-18 13:24:00,791.0,NSE,791.0,790.8,790.9,JSWSTE,1725
251,2023-07-18 13:25:00,791.0,NSE,791.0,790.95,790.95,JSWSTE,4937
252,2023-07-18 13:26:00,790.95,NSE,791.0,790.9,790.95,JSWSTE,1342
253,2023-07-18 13:27:00,791.0,NSE,791.0,790.85,790.95,JSWSTE,502
254,2023-07-18 13:28:00,791.0,NSE,791.0,790.9,790.95,JSWSTE,634
255,2023-07-18 13:29:00,790.75,NSE,791.0,790.7,790.95,JSWSTE,2296
256,2023-07-18 13:30:00,790.3,NSE,790.8,790.2,790.6,JSWSTE,911
257,2023-07-18 13:31:00,790.7,NSE,790.7,790.3,790.35,JSWSTE,756
258,2023-07-18 13:32:00,790.8,NSE,790.9,790.6,790.65,JSWSTE,803
259,2023-07-18 13:33:00,790.7,NSE,790.95,790.5,790.5,JSWSTE,516
260,2023-07-18 13:34:00,791.0,NSE,791.0,790.7,790.9,JSWSTE,976
261,2023-07-18 13:35:00,791.25,NSE,791.25,790.9,790.9,JSWSTE,1755
262,2023-07-18 13:36:00,791.2,NSE,791.6,791.1,791.25,JSWSTE,1283
263,2023-07-18 13:37:00,790.45,NSE,791.45,790.45,791.2,JSWSTE,3101
264,2023-07-18 13:38:00,790.7,NSE,790.85,790.4,790.5,JSWSTE,535
265,2023-07-18 13:39:00,791.05,NSE,791.1,790.7,790.85,JSWSTE,720
266,2023-07-18 13:40:00,791.1,NSE,791.2,790.85,791.05,JSWSTE,1201
267,2023-07-18 13:41:00,791.0,NSE,791.15,790.85,790.85,JSWSTE,600
268,2023-07-18 13:42:00,791.1,NSE,791.1,790.95,791.0,JSWSTE,662
269,2023-07-18 13:43:00,791.2,NSE,791.5,791.05,791.1,JSWSTE,1086
270,2023-07-18 13:44:00,791.8,NSE,792.5,791.25,791.25,JSWSTE,2505
271,2023-07-18 13:45:00,792.75,NSE,793.45,791.8,791.8,JSWSTE,3413
272,2023-07-18 13:46:00,791.55,NSE,793.2,791.2,792.75,JSWSTE,34678
273,2023-07-18 13:47:00,792.1,NSE,792.55,791.5,791.55,JSWSTE,11907
274,2023-07-18 13:48:00,791.75,NSE,792.2,791.75,792.1,JSWSTE,1776
275,2023-07-18 13:49:00,792.0,NSE,792.05,791.75,791.75,JSWSTE,612
276,2023-07-18 13:50:00,792.15,NSE,792.3,791.7,792.0,JSWSTE,1892
277,2023-07-18 13:51:00,792.45,NSE,792.5,792.05,792.05,JSWSTE,3311
278,2023-07-18 13:52:00,792.95,NSE,792.95,792.5,792.5,JSWSTE,1103
279,2023-07-18 13:53:00,792.8,NSE,792.95,792.75,792.95,JSWSTE,1868
280,2023-07-18 13:54:00,792.9,NSE,792.9,792.65,792.65,JSWSTE,411
281,2023-07-18 13:55:00,793.1,NSE,793.2,792.8,792.95,JSWSTE,1936
282,2023-07-18 13:56:00,793.2,NSE,793.25,793.1,793.1,JSWSTE,1039
283,2023-07-18 13:57:00,793.2,NSE,793.4,793.0,793.2,JSWSTE,5290
284,2023-07-18 13:58:00,792.9,NSE,793.25,792.85,793.2,JSWSTE,654
285,2023-07-18 13:59:00,792.85,NSE,792.9,792.65,792.85,JSWSTE,2154
286,2023-07-18 14:00:00,792.35,NSE,792.75,792.25,792.75,JSWSTE,956
287,2023-07-18 14:01:00,792.45,NSE,792.5,792.1,792.4,JSWSTE,1537
288,2023-07-18 14:02:00,792.45,NSE,792.45,792.2,792.25,JSWSTE,970
289,2023-07-18 14:03:00,792.95,NSE,793.0,792.4,792.4,JSWSTE,1319
290,2023-07-18 14:04:00,792.8,NSE,793.0,792.65,793.0,JSWSTE,743
291,2023-07-18 14:05:00,792.5,NSE,792.8,792.5,792.75,JSWSTE,2002
292,2023-07-18 14:06:00,792.45,NSE,792.5,792.45,792.5,JSWSTE,637
293,2023-07-18 14:07:00,793.2,NSE,793.2,792.35,792.5,JSWSTE,4384
294,2023-07-18 14:08:00,792.6,NSE,793.2,792.35,793.2,JSWSTE,822
295,2023-07-18 14:09:00,792.7,NSE,792.7,792.25,792.55,JSWSTE,1087
296,2023-07-18 14:10:00,792.55,NSE,792.65,792.3,792.65,JSWSTE,914
297,2023-07-18 14:11:00,792.7,NSE,792.75,792.6,792.6,JSWSTE,1126
298,2023-07-18 14:12:00,792.4,NSE,792.75,792.4,792.75,JSWSTE,1240
299,2023-07-18 14:13:00,792.8,NSE,792.8,792.25,792.5,JSWSTE,764
300,2023-07-18 14:14:00,792.5,NSE,792.8,792.3,792.8,JSWSTE,2310
301,2023-07-18 14:15:00,791.8,NSE,792.65,791.5,792.5,JSWSTE,7388
302,2023-07-18 14:16:00,790.5,NSE,791.95,790.5,791.95,JSWSTE,2264
303,2023-07-18 14:17:00,790.5,NSE,790.75,790.1,790.5,JSWSTE,5405
304,2023-07-18 14:18:00,790.35,NSE,790.5,790.2,790.2,JSWSTE,1421
305,2023-07-18 14:19:00,790.25,NSE,790.45,790.15,790.4,JSWSTE,1951
306,2023-07-18 14:20:00,789.25,NSE,790.4,789.25,790.2,JSWSTE,12260
307,2023-07-18 14:21:00,789.7,NSE,789.8,789.3,789.3,JSWSTE,3756
308,2023-07-18 14:22:00,789.35,NSE,789.65,789.0,789.65,JSWSTE,8221
309,2023-07-18 14:23:00,788.7,NSE,789.55,788.7,789.35,JSWSTE,1292
310,2023-07-18 14:24:00,789.1,NSE,789.1,788.6,788.6,JSWSTE,2984
311,2023-07-18 14:25:00,788.75,NSE,789.25,788.75,789.1,JSWSTE,3981
312,2023-07-18 14:26:00,790.3,NSE,790.3,788.75,788.75,JSWSTE,1479
313,2023-07-18 14:27:00,790.0,NSE,790.3,790.0,790.3,JSWSTE,1477
314,2023-07-18 14:28:00,790.2,NSE,790.25,790.0,790.25,JSWSTE,3632
315,2023-07-18 14:29:00,790.1,NSE,790.3,789.95,790.3,JSWSTE,8232
316,2023-07-18 14:30:00,789.85,NSE,790.3,789.75,790.25,JSWSTE,2293
317,2023-07-18 14:31:00,789.65,NSE,790.0,789.5,790.0,JSWSTE,946
318,2023-07-18 14:32:00,789.9,NSE,789.9,789.25,789.65,JSWSTE,2957
319,2023-07-18 14:33:00,789.65,NSE,789.85,789.45,789.6,JSWSTE,973
320,2023-07-18 14:34:00,789.95,NSE,789.95,789.8,789.85,JSWSTE,412
321,2023-07-18 14:35:00,790.15,NSE,790.4,789.85,790.0,JSWSTE,1095
322,2023-07-18 14:36:00,790.4,NSE,790.7,790.05,790.7,JSWSTE,1754
323,2023-07-18 14:37:00,790.25,NSE,790.4,790.0,790.4,JSWSTE,468
324,2023-07-18 14:38:00,790.6,NSE,790.65,790.35,790.35,JSWSTE,1558
325,2023-07-18 14:39:00,790.7,NSE,790.85,790.6,790.65,JSWSTE,645
326,2023-07-18 14:40:00,790.55,NSE,790.9,790.3,790.7,JSWSTE,2946
327,2023-07-18 14:41:00,790.3,NSE,790.65,790.0,790.55,JSWSTE,1123
328,2023-07-18 14:42:00,790.15,NSE,790.3,790.15,790.15,JSWSTE,231
329,2023-07-18 14:43:00,790.05,NSE,790.25,790.05,790.1,JSWSTE,1764
330,2023-07-18 14:44:00,790.45,NSE,790.45,790.15,790.15,JSWSTE,863
331,2023-07-18 14:45:00,790.5,NSE,790.5,790.3,790.3,JSWSTE,339
332,2023-07-18 14:46:00,789.9,NSE,790.65,789.75,790.45,JSWSTE,3668
333,2023-07-18 14:47:00,789.9,NSE,790.1,789.4,789.9,JSWSTE,2229
334,2023-07-18 14:48:00,791.0,NSE,791.0,789.9,789.95,JSWSTE,2401
335,2023-07-18 14:49:00,790.35,NSE,790.55,790.15,790.55,JSWSTE,3993
336,2023-07-18 14:50:00,790.4,NSE,790.6,790.05,790.35,JSWSTE,670
337,2023-07-18 14:51:00,790.85,NSE,790.85,790.6,790.6,JSWSTE,1624
338,2023-07-18 14:52:00,790.9,NSE,790.95,790.8,790.9,JSWSTE,1507
339,2023-07-18 14:53:00,790.6,NSE,790.9,790.6,790.85,JSWSTE,1965
340,2023-07-18 14:54:00,790.6,NSE,790.8,790.6,790.65,JSWSTE,849
341,2023-07-18 14:55:00,790.95,NSE,790.95,790.55,790.9,JSWSTE,962
342,2023-07-18 14:56:00,790.9,NSE,790.95,790.65,790.95,JSWSTE,2124
343,2023-07-18 14:57:00,790.95,NSE,791.0,790.95,790.95,JSWSTE,2567
344,2023-07-18 14:58:00,790.25,NSE,791.0,790.15,790.95,JSWSTE,2973
345,2023-07-18 14:59:00,790.95,NSE,791.0,790.05,790.05,JSWSTE,4489
346,2023-07-18 15:00:00,791.5,NSE,791.5,791.45,791.45,JSWSTE,14096
347,2023-07-18 15:01:00,791.75,NSE,791.75,791.55,791.55,JSWSTE,5286
348,2023-07-18 15:02:00,791.0,NSE,791.75,791.0,791.75,JSWSTE,5569
349,2023-07-18 15:03:00,791.25,NSE,791.5,790.9,791.0,JSWSTE,14980
350,2023-07-18 15:04:00,790.95,NSE,791.2,790.9,791.2,JSWSTE,2566
351,2023-07-18 15:05:00,791.0,NSE,791.0,790.9,791.0,JSWSTE,4610
352,2023-07-18 15:06:00,791.0,NSE,791.0,790.95,791.0,JSWSTE,2926
353,2023-07-18 15:07:00,790.6,NSE,790.9,790.5,790.9,JSWSTE,4138
354,2023-07-18 15:08:00,791.1,NSE,791.1,790.6,790.7,JSWSTE,8420
355,2023-07-18 15:09:00,790.85,NSE,791.2,790.75,791.2,JSWSTE,6463
356,2023-07-18 15:10:00,791.0,NSE,791.15,790.75,790.95,JSWSTE,5530
357,2023-07-18 15:11:00,790.75,NSE,791.25,790.75,791.15,JSWSTE,5831
358,2023-07-18 15:12:00,791.0,NSE,791.0,790.65,790.8,JSWSTE,9402
359,2023-07-18 15:13:00,790.9,NSE,791.2,790.9,790.95,JSWSTE,9300
360,2023-07-18 15:14:00,790.4,NSE,790.9,790.3,790.85,JSWSTE,26335
361,2023-07-18 15:15:00,790.8,NSE,790.95,790.05,790.4,JSWSTE,12849
362,2023-07-18 15:16:00,790.8,NSE,791.0,790.6,790.85,JSWSTE,15978
363,2023-07-18 15:17:00,790.5,NSE,790.9,790.5,790.7,JSWSTE,3997
364,2023-07-18 15:18:00,790.6,NSE,790.75,790.25,790.55,JSWSTE,20222
365,2023-07-18 15:19:00,790.65,NSE,790.7,790.6,790.65,JSWSTE,4772
366,2023-07-18 15:20:00,790.5,NSE,790.95,790.25,790.75,JSWSTE,16351
367,2023-07-18 15:21:00,790.95,NSE,791.0,790.5,790.55,JSWSTE,12844
368,2023-07-18 15:22:00,791.1,NSE,791.1,790.9,790.95,JSWSTE,2825
369,2023-07-18 15:23:00,791.1,NSE,791.1,791.05,791.05,JSWSTE,8442
370,2023-07-18 15:24:00,791.35,NSE,791.35,791.05,791.05,JSWSTE,10118
371,2023-07-18 15:25:00,791.3,NSE,791.35,791.3,791.35,JSWSTE,6154
372,2023-07-18 15:26:00,791.8,NSE,791.8,791.05,791.05,JSWSTE,12728
373,2023-07-18 15:27:00,791.85,NSE,792.0,791.2,791.8,JSWSTE,5356
374,2023-07-18 15:28:00,790.65,NSE,791.7,790.65,791.35,JSWSTE,18599
375,2023-07-18 15:29:00,792.0,NSE,792.55,790.5,791.35,JSWSTE,7210
