,datetime,close,exchange_code,high,low,open,stock_code,volume
0,2023-10-20 09:07:00,779.6,NSE,779.6,779.6,779.6,JSWSTE,0
1,2023-10-20 09:15:00,775.3,NSE,778.75,775.05,778.75,JSWSTE,15266
2,2023-10-20 09:16:00,776.25,NSE,776.6,775.15,776.0,JSWSTE,14094
3,2023-10-20 09:17:00,777.0,NSE,777.75,776.2,776.25,JSWSTE,7668
4,2023-10-20 09:18:00,777.1,NSE,777.4,776.4,776.5,JSWSTE,10335
5,2023-10-20 09:19:00,776.1,NSE,777.45,776.0,777.1,JSWSTE,5565
6,2023-10-20 09:20:00,775.9,NSE,776.45,775.85,776.45,JSWSTE,4761
7,2023-10-20 09:21:00,777.2,NSE,777.2,776.8,776.85,JSWSTE,6160
8,2023-10-20 09:22:00,776.2,NSE,777.7,776.1,777.5,JSWSTE,5953
9,2023-10-20 09:23:00,778.2,NSE,778.2,776.15,776.2,JSWSTE,4845
10,2023-10-20 09:24:00,778.05,NSE,778.25,777.2,778.2,JSWSTE,6192
11,2023-10-20 09:25:00,777.85,NSE,778.4,777.5,778.05,JSWSTE,7901
12,2023-10-20 09:26:00,778.1,NSE,779.2,777.5,777.5,JSWSTE,9221
13,2023-10-20 09:27:00,777.65,NSE,778.1,777.1,778.1,JSWSTE,3930
14,2023-10-20 09:28:00,777.55,NSE,777.55,777.0,777.35,JSWSTE,3551
15,2023-10-20 09:29:00,777.3,NSE,778.0,777.1,777.1,JSWSTE,5324
16,2023-10-20 09:30:00,777.0,NSE,777.5,777.0,777.5,JSWSTE,3027
17,2023-10-20 09:31:00,777.2,NSE,777.95,777.05,777.25,JSWSTE,2821
18,2023-10-20 09:32:00,777.25,NSE,777.95,777.15,777.8,JSWSTE,2645
19,2023-10-20 09:33:00,777.45,NSE,777.85,777.3,777.75,JSWSTE,3991
20,2023-10-20 09:34:00,776.1,NSE,778.15,776.1,777.45,JSWSTE,10521
21,2023-10-20 09:35:00,777.4,NSE,777.4,776.1,776.1,JSWSTE,3133
22,2023-10-20 09:36:00,776.8,NSE,777.4,776.8,777.4,JSWSTE,2403
23,2023-10-20 09:37:00,777.0,NSE,777.05,776.65,777.05,JSWSTE,827
24,2023-10-20 09:38:00,776.75,NSE,777.25,776.5,776.65,JSWSTE,2850
25,2023-10-20 09:39:00,776.55,NSE,776.85,776.5,776.5,JSWSTE,829
26,2023-10-20 09:40:00,776.4,NSE,776.7,776.1,776.7,JSWSTE,8278
27,2023-10-20 09:41:00,776.8,NSE,776.8,776.4,776.4,JSWSTE,2953
28,2023-10-20 09:42:00,776.75,NSE,776.85,776.5,776.8,JSWSTE,636
29,2023-10-20 09:43:00,776.75,NSE,776.85,776.75,776.75,JSWSTE,1367
30,2023-10-20 09:44:00,775.7,NSE,777.2,775.55,776.75,JSWSTE,8729
31,2023-10-20 09:45:00,775.25,NSE,775.7,775.25,775.7,JSWSTE,4368
32,2023-10-20 09:46:00,775.5,NSE,775.9,775.1,775.4,JSWSTE,2493
33,2023-10-20 09:47:00,776.0,NSE,776.4,775.5,775.5,JSWSTE,628
34,2023-10-20 09:48:00,776.1,NSE,776.55,776.1,776.2,JSWSTE,1109
35,2023-10-20 09:49:00,776.55,NSE,776.55,776.1,776.1,JSWSTE,1300
36,2023-10-20 09:50:00,776.45,NSE,776.5,776.1,776.3,JSWSTE,2212
37,2023-10-20 09:51:00,776.45,NSE,776.45,776.1,776.1,JSWSTE,406
38,2023-10-20 09:52:00,776.55,NSE,776.55,776.25,776.45,JSWSTE,1037
39,2023-10-20 09:53:00,776.55,NSE,776.55,776.5,776.55,JSWSTE,411
40,2023-10-20 09:54:00,776.25,NSE,776.95,776.25,776.55,JSWSTE,3846
41,2023-10-20 09:55:00,774.75,NSE,776.25,774.55,776.25,JSWSTE,13584
42,2023-10-20 09:56:00,773.5,NSE,774.75,773.3,774.55,JSWSTE,23689
43,2023-10-20 09:57:00,774.2,NSE,774.9,773.3,773.5,JSWSTE,3000
44,2023-10-20 09:58:00,773.3,NSE,774.2,773.0,774.2,JSWSTE,5392
45,2023-10-20 09:59:00,772.0,NSE,773.85,771.9,773.3,JSWSTE,13598
46,2023-10-20 10:00:00,772.35,NSE,772.95,771.95,772.0,JSWSTE,4031
47,2023-10-20 10:01:00,773.5,NSE,773.6,772.5,772.7,JSWSTE,1152
48,2023-10-20 10:02:00,773.9,NSE,774.15,773.4,773.5,JSWSTE,4198
49,2023-10-20 10:03:00,774.5,NSE,774.55,774.2,774.35,JSWSTE,3478
50,2023-10-20 10:04:00,774.6,NSE,774.95,774.25,774.5,JSWSTE,4904
51,2023-10-20 10:05:00,774.15,NSE,774.95,774.0,774.95,JSWSTE,4136
52,2023-10-20 10:06:00,774.55,NSE,774.9,774.15,774.15,JSWSTE,2799
53,2023-10-20 10:07:00,774.9,NSE,774.9,774.15,774.45,JSWSTE,492
54,2023-10-20 10:08:00,774.35,NSE,775.15,774.35,774.9,JSWSTE,4335
55,2023-10-20 10:09:00,775.25,NSE,775.3,774.8,775.0,JSWSTE,897
56,2023-10-20 10:10:00,774.65,NSE,775.3,774.5,774.9,JSWSTE,2302
57,2023-10-20 10:11:00,772.95,NSE,774.35,772.95,774.3,JSWSTE,8476
58,2023-10-20 10:12:00,773.35,NSE,773.55,772.5,772.95,JSWSTE,2164
59,2023-10-20 10:13:00,772.55,NSE,773.45,772.5,773.35,JSWSTE,3580
60,2023-10-20 10:14:00,772.55,NSE,773.15,772.25,772.5,JSWSTE,4821
61,2023-10-20 10:15:00,772.3,NSE,772.55,771.7,772.55,JSWSTE,8296
62,2023-10-20 10:16:00,773.2,NSE,773.45,772.7,772.95,JSWSTE,1403
63,2023-10-20 10:17:00,772.75,NSE,773.85,772.75,773.45,JSWSTE,1734
64,2023-10-20 10:18:00,773.7,NSE,773.7,772.5,773.05,JSWSTE,1303
65,2023-10-20 10:19:00,773.45,NSE,773.9,773.15,773.4,JSWSTE,942
66,2023-10-20 10:20:00,773.8,NSE,773.85,773.15,773.85,JSWSTE,721
67,2023-10-20 10:21:00,773.2,NSE,773.8,773.2,773.8,JSWSTE,1558
68,2023-10-20 10:22:00,771.3,NSE,773.5,771.3,773.5,JSWSTE,10865
69,2023-10-20 10:23:00,770.1,NSE,771.15,770.1,771.15,JSWSTE,8681
70,2023-10-20 10:24:00,770.1,NSE,770.75,770.0,770.6,JSWSTE,8498
71,2023-10-20 10:25:00,770.7,NSE,771.15,770.0,770.0,JSWSTE,3428
72,2023-10-20 10:26:00,770.85,NSE,770.9,770.45,770.55,JSWSTE,4194
73,2023-10-20 10:27:00,770.25,NSE,770.55,770.15,770.55,JSWSTE,6946
74,2023-10-20 10:28:00,771.2,NSE,771.2,769.95,770.1,JSWSTE,18943
75,2023-10-20 10:29:00,771.45,NSE,771.9,770.8,771.1,JSWSTE,3022
76,2023-10-20 10:30:00,770.2,NSE,771.4,770.0,771.4,JSWSTE,4416
77,2023-10-20 10:31:00,770.8,NSE,771.25,770.2,770.2,JSWSTE,2259
78,2023-10-20 10:32:00,771.4,NSE,771.4,770.5,770.75,JSWSTE,1657
79,2023-10-20 10:33:00,771.0,NSE,771.4,770.05,771.4,JSWSTE,4981
80,2023-10-20 10:34:00,771.5,NSE,771.5,770.7,771.0,JSWSTE,1385
81,2023-10-20 10:35:00,771.05,NSE,771.5,770.5,771.25,JSWSTE,2519
82,2023-10-20 10:36:00,771.45,NSE,771.5,771.05,771.45,JSWSTE,797
83,2023-10-20 10:37:00,771.4,NSE,771.45,771.1,771.45,JSWSTE,1321
84,2023-10-20 10:38:00,771.8,NSE,771.8,771.25,771.25,JSWSTE,2022
85,2023-10-20 10:39:00,772.1,NSE,772.3,771.5,771.5,JSWSTE,2008
86,2023-10-20 10:40:00,772.7,NSE,772.85,772.15,772.15,JSWSTE,2434
87,2023-10-20 10:41:00,771.35,NSE,773.5,771.35,773.5,JSWSTE,11470
88,2023-10-20 10:42:00,771.95,NSE,772.6,771.3,771.35,JSWSTE,3802
89,2023-10-20 10:43:00,771.9,NSE,771.95,771.5,771.95,JSWSTE,830
90,2023-10-20 10:44:00,771.75,NSE,772.0,771.65,771.65,JSWSTE,420
91,2023-10-20 10:45:00,772.0,NSE,772.0,771.65,771.75,JSWSTE,518
92,2023-10-20 10:46:00,771.25,NSE,772.25,771.25,772.0,JSWSTE,3626
93,2023-10-20 10:47:00,771.5,NSE,771.7,771.25,771.55,JSWSTE,527
94,2023-10-20 10:48:00,772.3,NSE,772.3,771.5,771.5,JSWSTE,922
95,2023-10-20 10:49:00,771.85,NSE,772.25,771.75,771.95,JSWSTE,1044
96,2023-10-20 10:50:00,772.0,NSE,772.0,771.9,772.0,JSWSTE,857
97,2023-10-20 10:51:00,770.3,NSE,772.0,770.25,772.0,JSWSTE,9487
98,2023-10-20 10:52:00,770.3,NSE,770.75,770.25,770.75,JSWSTE,510
99,2023-10-20 10:53:00,770.15,NSE,770.5,770.1,770.3,JSWSTE,2588
100,2023-10-20 10:54:00,769.55,NSE,770.5,769.55,770.5,JSWSTE,9312
101,2023-10-20 10:55:00,769.25,NSE,769.6,768.9,769.6,JSWSTE,8153
102,2023-10-20 10:56:00,768.95,NSE,769.5,768.55,769.25,JSWSTE,4613
103,2023-10-20 10:57:00,768.9,NSE,768.95,768.5,768.95,JSWSTE,4284
104,2023-10-20 10:58:00,767.9,NSE,768.9,767.0,768.9,JSWSTE,18190
105,2023-10-20 10:59:00,767.5,NSE,767.8,767.2,767.75,JSWSTE,2952
106,2023-10-20 11:00:00,767.65,NSE,767.8,767.3,767.7,JSWSTE,4350
107,2023-10-20 11:01:00,767.35,NSE,767.7,767.2,767.6,JSWSTE,3715
108,2023-10-20 11:02:00,768.4,NSE,768.45,767.35,767.35,JSWSTE,3326
109,2023-10-20 11:03:00,768.3,NSE,768.45,767.65,768.05,JSWSTE,6084
110,2023-10-20 11:04:00,769.1,NSE,769.35,768.1,768.1,JSWSTE,1850
111,2023-10-20 11:05:00,769.2,NSE,769.2,768.9,769.1,JSWSTE,1954
112,2023-10-20 11:06:00,768.35,NSE,769.4,768.0,769.2,JSWSTE,7459
113,2023-10-20 11:07:00,768.55,NSE,768.6,768.2,768.55,JSWSTE,1438
114,2023-10-20 11:08:00,768.8,NSE,769.2,768.5,768.55,JSWSTE,1222
115,2023-10-20 11:09:00,769.35,NSE,769.4,768.8,769.0,JSWSTE,938
116,2023-10-20 11:10:00,769.3,NSE,769.55,769.0,769.35,JSWSTE,1362
117,2023-10-20 11:11:00,769.8,NSE,769.8,769.55,769.55,JSWSTE,2098
118,2023-10-20 11:12:00,769.85,NSE,770.0,769.6,769.75,JSWSTE,2624
119,2023-10-20 11:13:00,770.45,NSE,770.5,769.85,770.0,JSWSTE,932
120,2023-10-20 11:14:00,770.5,NSE,770.5,770.3,770.3,JSWSTE,783
121,2023-10-20 11:15:00,770.4,NSE,770.65,770.35,770.5,JSWSTE,1785
122,2023-10-20 11:16:00,769.0,NSE,770.65,769.0,770.65,JSWSTE,7336
123,2023-10-20 11:17:00,769.4,NSE,769.9,768.55,769.0,JSWSTE,2348
124,2023-10-20 11:18:00,769.5,NSE,769.8,769.35,769.8,JSWSTE,150
125,2023-10-20 11:19:00,769.5,NSE,769.7,769.35,769.5,JSWSTE,438
126,2023-10-20 11:20:00,769.35,NSE,769.7,768.25,769.7,JSWSTE,7717
127,2023-10-20 11:21:00,768.85,NSE,769.45,768.85,769.35,JSWSTE,1997
128,2023-10-20 11:22:00,769.0,NSE,769.15,768.65,769.15,JSWSTE,415
129,2023-10-20 11:23:00,769.1,NSE,769.1,768.7,768.7,JSWSTE,1266
130,2023-10-20 11:24:00,769.0,NSE,769.25,768.85,768.85,JSWSTE,434
131,2023-10-20 11:25:00,769.2,NSE,769.5,769.0,769.0,JSWSTE,1111
132,2023-10-20 11:26:00,768.6,NSE,769.55,768.6,769.2,JSWSTE,3546
133,2023-10-20 11:27:00,768.15,NSE,768.6,768.15,768.35,JSWSTE,808
134,2023-10-20 11:28:00,768.45,NSE,768.6,768.2,768.4,JSWSTE,763
135,2023-10-20 11:29:00,768.6,NSE,768.6,768.25,768.3,JSWSTE,924
136,2023-10-20 11:30:00,768.6,NSE,768.6,768.35,768.6,JSWSTE,456
137,2023-10-20 11:31:00,767.8,NSE,768.55,767.5,768.45,JSWSTE,2895
138,2023-10-20 11:32:00,768.1,NSE,768.1,767.5,767.85,JSWSTE,913
139,2023-10-20 11:33:00,767.85,NSE,768.45,767.75,768.1,JSWSTE,1337
140,2023-10-20 11:34:00,767.85,NSE,768.15,767.7,767.85,JSWSTE,857
141,2023-10-20 11:35:00,767.95,NSE,768.05,767.6,768.05,JSWSTE,1038
142,2023-10-20 11:36:00,768.15,NSE,768.25,767.8,768.1,JSWSTE,1562
143,2023-10-20 11:37:00,767.9,NSE,768.35,767.9,768.15,JSWSTE,1169
144,2023-10-20 11:38:00,768.3,NSE,768.55,767.95,768.05,JSWSTE,2932
145,2023-10-20 11:39:00,768.9,NSE,768.95,768.3,768.3,JSWSTE,1927
146,2023-10-20 11:40:00,768.35,NSE,768.9,768.1,768.9,JSWSTE,1739
147,2023-10-20 11:41:00,767.6,NSE,768.25,767.6,768.25,JSWSTE,2108
148,2023-10-20 11:42:00,767.7,NSE,768.0,767.6,767.8,JSWSTE,1944
149,2023-10-20 11:43:00,767.7,NSE,767.75,767.7,767.75,JSWSTE,584
150,2023-10-20 11:44:00,766.85,NSE,768.25,766.85,767.75,JSWSTE,12177
151,2023-10-20 11:45:00,766.15,NSE,766.65,765.9,766.65,JSWSTE,6601
152,2023-10-20 11:46:00,765.6,NSE,766.4,765.6,766.15,JSWSTE,3972
153,2023-10-20 11:47:00,766.0,NSE,766.0,765.6,765.6,JSWSTE,2655
154,2023-10-20 11:48:00,766.3,NSE,766.5,766.0,766.25,JSWSTE,2052
155,2023-10-20 11:49:00,766.65,NSE,766.75,766.2,766.35,JSWSTE,1562
156,2023-10-20 11:50:00,766.8,NSE,766.95,766.5,766.5,JSWSTE,1082
157,2023-10-20 11:51:00,766.6,NSE,766.95,766.25,766.7,JSWSTE,1603
158,2023-10-20 11:52:00,766.55,NSE,767.4,766.55,766.95,JSWSTE,5585
159,2023-10-20 11:53:00,767.2,NSE,767.3,766.5,766.5,JSWSTE,1261
160,2023-10-20 11:54:00,767.3,NSE,767.45,766.8,767.2,JSWSTE,3769
161,2023-10-20 11:55:00,767.05,NSE,767.25,766.3,767.15,JSWSTE,5819
162,2023-10-20 11:56:00,767.0,NSE,767.2,766.9,767.05,JSWSTE,509
163,2023-10-20 11:57:00,767.0,NSE,767.25,766.9,767.0,JSWSTE,732
164,2023-10-20 11:58:00,767.35,NSE,767.5,766.9,767.5,JSWSTE,951
165,2023-10-20 11:59:00,767.45,NSE,767.95,767.0,767.35,JSWSTE,1562
166,2023-10-20 12:00:00,766.65,NSE,767.6,766.6,767.45,JSWSTE,3787
167,2023-10-20 12:01:00,766.5,NSE,767.1,766.5,766.95,JSWSTE,2447
168,2023-10-20 12:02:00,766.6,NSE,766.9,766.5,766.65,JSWSTE,517
169,2023-10-20 12:03:00,766.4,NSE,766.65,765.9,766.0,JSWSTE,2681
170,2023-10-20 12:04:00,766.2,NSE,766.55,766.0,766.4,JSWSTE,612
171,2023-10-20 12:05:00,766.35,NSE,766.45,766.2,766.25,JSWSTE,869
172,2023-10-20 12:06:00,765.8,NSE,766.4,765.8,766.4,JSWSTE,1580
173,2023-10-20 12:07:00,766.65,NSE,766.85,765.6,765.6,JSWSTE,3510
174,2023-10-20 12:08:00,766.75,NSE,766.85,766.3,766.75,JSWSTE,1960
175,2023-10-20 12:09:00,767.6,NSE,767.6,766.75,766.85,JSWSTE,2175
176,2023-10-20 12:10:00,767.5,NSE,767.7,767.3,767.4,JSWSTE,709
177,2023-10-20 12:11:00,768.85,NSE,769.3,767.5,767.55,JSWSTE,7640
178,2023-10-20 12:12:00,768.0,NSE,768.6,767.7,768.6,JSWSTE,2244
179,2023-10-20 12:13:00,768.5,NSE,768.6,767.85,768.15,JSWSTE,1970
180,2023-10-20 12:14:00,768.0,NSE,768.55,768.0,768.25,JSWSTE,509
181,2023-10-20 12:15:00,768.35,NSE,768.35,767.9,767.9,JSWSTE,1425
182,2023-10-20 12:16:00,768.55,NSE,768.9,768.55,768.55,JSWSTE,3564
183,2023-10-20 12:17:00,768.4,NSE,768.45,768.2,768.45,JSWSTE,340
184,2023-10-20 12:18:00,769.15,NSE,769.3,768.45,768.45,JSWSTE,1157
185,2023-10-20 12:19:00,769.0,NSE,769.6,769.0,769.2,JSWSTE,2348
186,2023-10-20 12:20:00,768.45,NSE,769.0,768.45,768.95,JSWSTE,1900
187,2023-10-20 12:21:00,768.65,NSE,768.65,767.7,768.45,JSWSTE,1676
188,2023-10-20 12:22:00,768.65,NSE,768.85,768.35,768.7,JSWSTE,460
189,2023-10-20 12:23:00,768.55,NSE,768.8,768.55,768.6,JSWSTE,454
190,2023-10-20 12:24:00,768.4,NSE,768.6,768.4,768.5,JSWSTE,475
191,2023-10-20 12:25:00,768.75,NSE,768.9,768.35,768.5,JSWSTE,1584
192,2023-10-20 12:26:00,768.5,NSE,768.85,768.5,768.8,JSWSTE,815
193,2023-10-20 12:27:00,768.8,NSE,768.8,768.5,768.6,JSWSTE,1406
194,2023-10-20 12:28:00,769.3,NSE,769.55,768.75,768.8,JSWSTE,3406
195,2023-10-20 12:29:00,769.15,NSE,769.4,768.85,769.3,JSWSTE,1515
196,2023-10-20 12:30:00,768.75,NSE,769.2,768.7,769.15,JSWSTE,445
197,2023-10-20 12:31:00,768.9,NSE,769.0,768.8,769.0,JSWSTE,297
198,2023-10-20 12:32:00,768.85,NSE,769.15,768.75,768.9,JSWSTE,690
199,2023-10-20 12:33:00,769.0,NSE,769.0,768.85,769.0,JSWSTE,393
200,2023-10-20 12:34:00,768.95,NSE,769.0,768.8,769.0,JSWSTE,896
201,2023-10-20 12:35:00,768.9,NSE,769.0,768.75,768.75,JSWSTE,533
202,2023-10-20 12:36:00,768.65,NSE,769.0,768.65,769.0,JSWSTE,1447
203,2023-10-20 12:37:00,767.6,NSE,768.8,767.6,768.65,JSWSTE,1841
204,2023-10-20 12:38:00,767.7,NSE,768.0,767.5,768.0,JSWSTE,1549
205,2023-10-20 12:39:00,767.0,NSE,767.95,766.75,767.9,JSWSTE,1576
206,2023-10-20 12:40:00,766.85,NSE,767.2,766.65,767.0,JSWSTE,1705
207,2023-10-20 12:41:00,767.65,NSE,767.65,766.7,766.7,JSWSTE,705
208,2023-10-20 12:42:00,766.95,NSE,767.75,766.95,767.75,JSWSTE,3641
209,2023-10-20 12:43:00,766.35,NSE,766.95,766.35,766.95,JSWSTE,976
210,2023-10-20 12:44:00,766.6,NSE,766.6,766.5,766.55,JSWSTE,1791
211,2023-10-20 12:45:00,766.8,NSE,766.8,766.55,766.65,JSWSTE,1933
212,2023-10-20 12:46:00,766.35,NSE,766.8,766.35,766.8,JSWSTE,1470
213,2023-10-20 12:47:00,766.55,NSE,766.7,766.2,766.3,JSWSTE,1775
214,2023-10-20 12:48:00,766.5,NSE,766.7,766.15,766.3,JSWSTE,2317
215,2023-10-20 12:49:00,766.75,NSE,767.0,766.7,766.7,JSWSTE,2703
216,2023-10-20 12:50:00,766.5,NSE,766.95,766.3,766.9,JSWSTE,5085
217,2023-10-20 12:51:00,766.7,NSE,767.15,766.5,766.5,JSWSTE,3421
218,2023-10-20 12:52:00,766.95,NSE,767.0,766.6,766.6,JSWSTE,965
219,2023-10-20 12:53:00,766.8,NSE,767.0,766.65,766.85,JSWSTE,1595
220,2023-10-20 12:54:00,766.55,NSE,766.8,766.4,766.8,JSWSTE,1544
221,2023-10-20 12:55:00,766.35,NSE,766.55,766.2,766.4,JSWSTE,725
222,2023-10-20 12:56:00,766.55,NSE,766.55,766.2,766.5,JSWSTE,1262
223,2023-10-20 12:57:00,766.65,NSE,767.0,766.65,766.7,JSWSTE,1349
224,2023-10-20 12:58:00,766.9,NSE,766.9,766.6,766.65,JSWSTE,1782
225,2023-10-20 12:59:00,766.35,NSE,766.85,766.15,766.85,JSWSTE,2044
226,2023-10-20 13:00:00,766.2,NSE,766.4,766.0,766.35,JSWSTE,1509
227,2023-10-20 13:01:00,765.9,NSE,766.05,765.75,766.0,JSWSTE,4259
228,2023-10-20 13:02:00,766.2,NSE,766.3,765.75,765.85,JSWSTE,1601
229,2023-10-20 13:03:00,765.95,NSE,766.5,765.95,766.2,JSWSTE,1407
230,2023-10-20 13:04:00,766.25,NSE,766.3,766.0,766.2,JSWSTE,660
231,2023-10-20 13:05:00,765.85,NSE,766.25,765.8,766.25,JSWSTE,822
232,2023-10-20 13:06:00,766.2,NSE,766.2,765.8,766.15,JSWSTE,1029
233,2023-10-20 13:07:00,766.6,NSE,766.7,766.2,766.2,JSWSTE,1110
234,2023-10-20 13:08:00,766.8,NSE,766.9,766.5,766.9,JSWSTE,1247
235,2023-10-20 13:09:00,766.65,NSE,766.8,766.5,766.5,JSWSTE,1098
236,2023-10-20 13:10:00,765.15,NSE,766.65,765.15,766.65,JSWSTE,6113
237,2023-10-20 13:11:00,764.7,NSE,765.15,764.2,765.15,JSWSTE,10036
238,2023-10-20 13:12:00,764.25,NSE,764.6,763.2,764.5,JSWSTE,7707
239,2023-10-20 13:13:00,764.3,NSE,764.35,763.6,764.35,JSWSTE,3086
240,2023-10-20 13:14:00,764.1,NSE,764.25,763.9,763.9,JSWSTE,1405
241,2023-10-20 13:15:00,764.8,NSE,765.15,763.95,764.1,JSWSTE,2315
242,2023-10-20 13:16:00,765.45,NSE,765.45,764.45,764.7,JSWSTE,1982
243,2023-10-20 13:17:00,765.45,NSE,765.65,765.15,765.65,JSWSTE,1705
244,2023-10-20 13:18:00,765.25,NSE,766.2,765.2,765.95,JSWSTE,2648
245,2023-10-20 13:19:00,765.55,NSE,765.9,765.25,765.25,JSWSTE,1449
246,2023-10-20 13:20:00,765.9,NSE,766.4,765.35,765.35,JSWSTE,5780
247,2023-10-20 13:21:00,765.5,NSE,765.9,765.25,765.9,JSWSTE,2061
248,2023-10-20 13:22:00,765.9,NSE,766.25,765.5,765.5,JSWSTE,1182
249,2023-10-20 13:23:00,766.15,NSE,766.45,766.05,766.15,JSWSTE,1206
250,2023-10-20 13:24:00,765.85,NSE,766.45,765.7,766.1,JSWSTE,1533
251,2023-10-20 13:25:00,766.2,NSE,766.2,765.7,765.85,JSWSTE,1476
252,2023-10-20 13:26:00,766.1,NSE,766.3,765.75,766.15,JSWSTE,1533
253,2023-10-20 13:27:00,766.05,NSE,766.5,765.8,765.8,JSWSTE,1429
254,2023-10-20 13:28:00,765.8,NSE,766.6,765.8,766.05,JSWSTE,3066
255,2023-10-20 13:29:00,765.9,NSE,766.3,765.75,765.75,JSWSTE,764
256,2023-10-20 13:30:00,765.25,NSE,765.9,765.25,765.9,JSWSTE,3295
257,2023-10-20 13:31:00,765.0,NSE,765.5,764.7,765.25,JSWSTE,1412
258,2023-10-20 13:32:00,764.75,NSE,765.05,764.75,765.05,JSWSTE,1062
259,2023-10-20 13:33:00,764.65,NSE,764.85,764.2,764.55,JSWSTE,2124
260,2023-10-20 13:34:00,764.65,NSE,765.0,764.55,764.75,JSWSTE,1067
261,2023-10-20 13:35:00,764.05,NSE,764.7,764.05,764.6,JSWSTE,1104
262,2023-10-20 13:36:00,764.05,NSE,764.45,764.05,764.05,JSWSTE,2288
263,2023-10-20 13:37:00,764.85,NSE,765.3,764.2,764.5,JSWSTE,2059
264,2023-10-20 13:38:00,765.25,NSE,765.35,764.85,765.25,JSWSTE,2119
265,2023-10-20 13:39:00,765.2,NSE,765.7,765.0,765.7,JSWSTE,828
266,2023-10-20 13:40:00,765.6,NSE,765.65,765.0,765.1,JSWSTE,1679
267,2023-10-20 13:41:00,765.4,NSE,765.6,765.35,765.6,JSWSTE,1910
268,2023-10-20 13:42:00,766.35,NSE,766.5,765.85,765.85,JSWSTE,2342
269,2023-10-20 13:43:00,766.45,NSE,766.7,766.15,766.65,JSWSTE,3662
270,2023-10-20 13:44:00,766.0,NSE,766.55,765.95,766.45,JSWSTE,2032
271,2023-10-20 13:45:00,764.75,NSE,766.25,764.75,766.25,JSWSTE,4814
272,2023-10-20 13:46:00,764.85,NSE,765.1,764.7,764.9,JSWSTE,1481
273,2023-10-20 13:47:00,765.5,NSE,765.5,764.7,764.7,JSWSTE,1869
274,2023-10-20 13:48:00,765.5,NSE,765.5,765.1,765.15,JSWSTE,4544
275,2023-10-20 13:49:00,765.4,NSE,765.9,765.3,765.7,JSWSTE,2179
276,2023-10-20 13:50:00,765.4,NSE,765.8,765.25,765.6,JSWSTE,1195
277,2023-10-20 13:51:00,765.45,NSE,765.65,765.35,765.55,JSWSTE,1165
278,2023-10-20 13:52:00,765.4,NSE,765.55,765.35,765.45,JSWSTE,2187
279,2023-10-20 13:53:00,765.9,NSE,765.9,765.45,765.45,JSWSTE,1638
280,2023-10-20 13:54:00,765.8,NSE,765.9,765.45,765.8,JSWSTE,2483
281,2023-10-20 13:55:00,765.85,NSE,765.9,765.5,765.75,JSWSTE,1228
282,2023-10-20 13:56:00,766.15,NSE,766.25,765.8,766.25,JSWSTE,3527
283,2023-10-20 13:57:00,766.15,NSE,766.25,765.8,766.15,JSWSTE,1778
284,2023-10-20 13:58:00,765.85,NSE,766.5,765.85,766.5,JSWSTE,3794
285,2023-10-20 13:59:00,765.35,NSE,765.6,765.25,765.55,JSWSTE,1590
286,2023-10-20 14:00:00,765.35,NSE,765.35,765.15,765.25,JSWSTE,844
287,2023-10-20 14:01:00,765.05,NSE,765.3,765.0,765.3,JSWSTE,1640
288,2023-10-20 14:02:00,765.05,NSE,765.3,765.05,765.05,JSWSTE,1315
289,2023-10-20 14:03:00,765.4,NSE,765.85,765.0,765.3,JSWSTE,1356
290,2023-10-20 14:04:00,765.8,NSE,766.05,765.35,765.75,JSWSTE,2618
291,2023-10-20 14:05:00,765.3,NSE,765.65,765.15,765.65,JSWSTE,1095
292,2023-10-20 14:06:00,764.6,NSE,765.3,764.6,765.2,JSWSTE,1647
293,2023-10-20 14:07:00,765.2,NSE,765.2,764.65,764.7,JSWSTE,2351
294,2023-10-20 14:08:00,765.05,NSE,765.4,764.8,764.8,JSWSTE,785
295,2023-10-20 14:09:00,765.0,NSE,765.25,764.55,765.25,JSWSTE,1506
296,2023-10-20 14:10:00,764.7,NSE,765.7,764.7,765.0,JSWSTE,1405
297,2023-10-20 14:11:00,765.5,NSE,765.5,764.6,764.7,JSWSTE,2364
298,2023-10-20 14:12:00,765.5,NSE,765.5,764.7,765.5,JSWSTE,1121
299,2023-10-20 14:13:00,765.5,NSE,765.75,764.95,765.2,JSWSTE,2224
300,2023-10-20 14:14:00,765.5,NSE,765.5,765.0,765.15,JSWSTE,866
301,2023-10-20 14:15:00,766.0,NSE,766.2,765.25,765.5,JSWSTE,3437
302,2023-10-20 14:16:00,765.95,NSE,766.2,765.7,766.2,JSWSTE,819
303,2023-10-20 14:17:00,766.1,NSE,766.2,765.55,765.95,JSWSTE,2083
304,2023-10-20 14:18:00,765.9,NSE,766.1,765.45,766.1,JSWSTE,698
305,2023-10-20 14:19:00,766.1,NSE,766.25,765.7,765.9,JSWSTE,942
306,2023-10-20 14:20:00,766.2,NSE,766.2,765.9,766.1,JSWSTE,908
307,2023-10-20 14:21:00,766.1,NSE,766.4,766.1,766.25,JSWSTE,1331
308,2023-10-20 14:22:00,766.1,NSE,766.5,766.0,766.3,JSWSTE,1471
309,2023-10-20 14:23:00,765.8,NSE,766.45,765.5,766.3,JSWSTE,2409
310,2023-10-20 14:24:00,766.3,NSE,766.35,765.7,765.8,JSWSTE,2782
311,2023-10-20 14:25:00,766.15,NSE,766.3,765.7,766.3,JSWSTE,1607
312,2023-10-20 14:26:00,766.1,NSE,766.6,765.85,766.15,JSWSTE,2404
313,2023-10-20 14:27:00,766.4,NSE,766.8,766.0,766.0,JSWSTE,3434
314,2023-10-20 14:28:00,766.2,NSE,766.7,766.0,766.5,JSWSTE,815
315,2023-10-20 14:29:00,765.6,NSE,766.35,765.6,766.35,JSWSTE,2762
316,2023-10-20 14:30:00,765.2,NSE,765.95,765.2,765.75,JSWSTE,1782
317,2023-10-20 14:31:00,765.05,NSE,765.35,764.75,765.2,JSWSTE,5084
318,2023-10-20 14:32:00,765.55,NSE,765.55,764.95,765.2,JSWSTE,1315
319,2023-10-20 14:33:00,765.0,NSE,765.5,764.75,765.35,JSWSTE,3007
320,2023-10-20 14:34:00,765.15,NSE,765.5,764.65,765.3,JSWSTE,4626
321,2023-10-20 14:35:00,764.85,NSE,765.3,764.55,765.15,JSWSTE,4625
322,2023-10-20 14:36:00,764.7,NSE,765.0,764.55,764.85,JSWSTE,1408
323,2023-10-20 14:37:00,764.9,NSE,765.0,764.7,764.95,JSWSTE,1187
324,2023-10-20 14:38:00,764.25,NSE,765.0,764.25,765.0,JSWSTE,2558
325,2023-10-20 14:39:00,764.4,NSE,764.5,764.05,764.45,JSWSTE,2327
326,2023-10-20 14:40:00,764.1,NSE,764.15,764.0,764.05,JSWSTE,2170
327,2023-10-20 14:41:00,764.1,NSE,764.5,764.1,764.15,JSWSTE,3562
328,2023-10-20 14:42:00,764.2,NSE,764.3,764.0,764.0,JSWSTE,3095
329,2023-10-20 14:43:00,764.05,NSE,764.15,764.0,764.05,JSWSTE,1162
330,2023-10-20 14:44:00,764.1,NSE,764.25,764.0,764.25,JSWSTE,2536
331,2023-10-20 14:45:00,764.3,NSE,764.3,763.85,764.05,JSWSTE,2142
332,2023-10-20 14:46:00,764.85,NSE,764.95,764.0,764.3,JSWSTE,3485
333,2023-10-20 14:47:00,764.75,NSE,764.8,764.45,764.65,JSWSTE,1873
334,2023-10-20 14:48:00,764.9,NSE,764.9,764.75,764.8,JSWSTE,2163
335,2023-10-20 14:49:00,764.95,NSE,765.0,764.9,764.95,JSWSTE,1706
336,2023-10-20 14:50:00,764.5,NSE,765.15,764.5,765.0,JSWSTE,2425
337,2023-10-20 14:51:00,764.4,NSE,764.6,764.3,764.6,JSWSTE,1795
338,2023-10-20 14:52:00,764.4,NSE,764.7,764.4,764.65,JSWSTE,1932
339,2023-10-20 14:53:00,764.3,NSE,764.5,763.75,764.5,JSWSTE,5248
340,2023-10-20 14:54:00,764.05,NSE,764.3,763.85,764.25,JSWSTE,1816
341,2023-10-20 14:55:00,764.2,NSE,764.2,764.0,764.05,JSWSTE,1294
342,2023-10-20 14:56:00,764.45,NSE,764.45,764.05,764.2,JSWSTE,1988
343,2023-10-20 14:57:00,764.15,NSE,764.6,764.15,764.3,JSWSTE,3296
344,2023-10-20 14:58:00,764.8,NSE,764.9,764.5,764.55,JSWSTE,3431
345,2023-10-20 14:59:00,764.2,NSE,764.7,764.1,764.65,JSWSTE,5252
346,2023-10-20 15:00:00,765.55,NSE,765.7,764.3,764.3,JSWSTE,9412
347,2023-10-20 15:01:00,765.4,NSE,765.5,764.6,765.5,JSWSTE,3848
348,2023-10-20 15:02:00,765.25,NSE,765.35,765.25,765.35,JSWSTE,2310
349,2023-10-20 15:03:00,765.25,NSE,765.3,765.2,765.25,JSWSTE,2917
350,2023-10-20 15:04:00,766.35,NSE,766.35,765.2,765.25,JSWSTE,7113
351,2023-10-20 15:05:00,766.4,NSE,766.5,766.2,766.2,JSWSTE,3534
352,2023-10-20 15:06:00,766.35,NSE,766.45,766.35,766.45,JSWSTE,2165
353,2023-10-20 15:07:00,766.35,NSE,766.4,766.35,766.35,JSWSTE,3974
354,2023-10-20 15:08:00,766.25,NSE,766.4,766.25,766.35,JSWSTE,7405
355,2023-10-20 15:09:00,765.9,NSE,766.3,765.55,766.25,JSWSTE,10686
356,2023-10-20 15:10:00,765.1,NSE,765.8,765.1,765.8,JSWSTE,4829
357,2023-10-20 15:11:00,765.0,NSE,765.4,765.0,765.1,JSWSTE,6298
358,2023-10-20 15:12:00,765.45,NSE,765.45,764.9,764.9,JSWSTE,5807
359,2023-10-20 15:13:00,764.8,NSE,765.45,764.8,765.45,JSWSTE,5206
360,2023-10-20 15:14:00,764.55,NSE,764.8,764.4,764.8,JSWSTE,4790
361,2023-10-20 15:15:00,764.2,NSE,764.5,763.9,764.5,JSWSTE,7557
362,2023-10-20 15:16:00,763.5,NSE,764.0,763.05,764.0,JSWSTE,15336
363,2023-10-20 15:17:00,763.75,NSE,763.85,763.4,763.4,JSWSTE,6695
364,2023-10-20 15:18:00,763.05,NSE,763.75,763.05,763.75,JSWSTE,11251
365,2023-10-20 15:19:00,762.85,NSE,763.1,762.4,763.05,JSWSTE,21552
366,2023-10-20 15:20:00,763.6,NSE,763.65,762.85,762.85,JSWSTE,21186
367,2023-10-20 15:21:00,767.0,NSE,768.3,763.5,763.85,JSWSTE,44718
368,2023-10-20 15:22:00,768.65,NSE,769.0,767.1,767.15,JSWSTE,37052
369,2023-10-20 15:23:00,771.55,NSE,774.65,768.55,768.65,JSWSTE,59815
370,2023-10-20 15:24:00,773.2,NSE,774.25,772.0,772.0,JSWSTE,35046
371,2023-10-20 15:25:00,774.85,NSE,777.0,773.35,773.35,JSWSTE,73551
372,2023-10-20 15:26:00,773.5,NSE,775.05,773.35,774.05,JSWSTE,22177
373,2023-10-20 15:27:00,773.2,NSE,774.0,773.05,773.5,JSWSTE,12556
374,2023-10-20 15:28:00,773.0,NSE,773.65,772.0,773.65,JSWSTE,15869
375,2023-10-20 15:29:00,771.65,NSE,773.0,771.25,773.0,JSWSTE,29099
