,datetime,close,exchange_code,high,low,open,stock_code,volume
0,2020-05-11 09:30:00,91.0,NSE,91.05,90.6,90.6,JINSP,69556
1,2020-05-11 09:31:00,91.3,NSE,91.3,91.0,91.0,JINSP,54362
2,2020-05-11 09:32:00,91.2,NSE,91.3,91.1,91.3,JINSP,23204
3,2020-05-11 09:33:00,91.35,NSE,91.35,91.2,91.2,JINSP,83188
4,2020-05-11 09:34:00,91.5,NSE,91.5,91.25,91.35,JINSP,92712
5,2020-05-11 09:35:00,91.75,NSE,91.85,91.45,91.5,JINSP,86491
6,2020-05-11 09:36:00,91.9,NSE,91.9,91.6,91.7,JINSP,87061
7,2020-05-11 09:37:00,91.7,NSE,91.95,91.7,91.8,JINSP,61462
8,2020-05-11 09:38:00,91.65,NSE,91.8,91.6,91.75,JINSP,28604
9,2020-05-11 09:39:00,91.95,NSE,91.95,91.65,91.65,JINSP,79027
10,2020-05-11 09:40:00,91.9,NSE,92.1,91.9,92.1,JINSP,123511
11,2020-05-11 09:41:00,91.95,NSE,91.95,91.6,91.9,JINSP,44120
12,2020-05-11 09:42:00,91.9,NSE,92.05,91.85,91.9,JINSP,50379
13,2020-05-11 09:43:00,91.65,NSE,91.9,91.65,91.9,JINSP,55947
14,2020-05-11 09:44:00,91.35,NSE,91.7,91.35,91.65,JINSP,61556
15,2020-05-11 09:45:00,91.45,NSE,91.45,91.35,91.35,JINSP,32688
16,2020-05-11 09:46:00,91.4,NSE,91.45,91.35,91.45,JINSP,26513
17,2020-05-11 09:47:00,91.45,NSE,91.6,91.45,91.55,JINSP,29793
18,2020-05-11 09:48:00,91.35,NSE,91.5,91.35,91.5,JINSP,32577
19,2020-05-11 09:49:00,91.5,NSE,91.6,91.25,91.3,JINSP,36168
20,2020-05-11 09:50:00,91.4,NSE,91.5,91.3,91.5,JINSP,26423
21,2020-05-11 09:51:00,91.6,NSE,91.65,91.4,91.45,JINSP,36108
22,2020-05-11 09:52:00,91.35,NSE,91.65,91.3,91.6,JINSP,31633
23,2020-05-11 09:53:00,91.35,NSE,91.45,91.3,91.3,JINSP,25487
24,2020-05-11 09:54:00,91.7,NSE,91.7,91.35,91.4,JINSP,46127
25,2020-05-11 09:55:00,91.65,NSE,91.7,91.45,91.7,JINSP,36877
26,2020-05-11 09:56:00,91.6,NSE,91.75,91.55,91.65,JINSP,29499
27,2020-05-11 09:57:00,91.65,NSE,91.8,91.55,91.55,JINSP,23127
28,2020-05-11 09:58:00,91.7,NSE,91.75,91.6,91.65,JINSP,17773
29,2020-05-11 09:59:00,91.65,NSE,91.8,91.65,91.65,JINSP,32629
30,2020-05-11 10:00:00,91.5,NSE,91.75,91.5,91.65,JINSP,17631
31,2020-05-11 10:01:00,91.45,NSE,91.55,91.4,91.45,JINSP,24491
32,2020-05-11 10:02:00,91.7,NSE,91.7,91.4,91.4,JINSP,18256
33,2020-05-11 10:03:00,91.65,NSE,91.7,91.5,91.65,JINSP,21903
34,2020-05-11 10:04:00,91.5,NSE,91.7,91.45,91.6,JINSP,20045
35,2020-05-11 10:05:00,91.45,NSE,91.55,91.4,91.5,JINSP,14774
36,2020-05-11 10:06:00,91.4,NSE,91.5,91.4,91.45,JINSP,11772
37,2020-05-11 10:07:00,91.2,NSE,91.45,91.15,91.45,JINSP,67079
38,2020-05-11 10:08:00,91.05,NSE,91.2,91.05,91.2,JINSP,33702
39,2020-05-11 10:09:00,91.05,NSE,91.1,90.95,91.05,JINSP,56404
40,2020-05-11 10:10:00,90.9,NSE,91.2,90.9,91.0,JINSP,62602
41,2020-05-11 10:11:00,90.9,NSE,91.0,90.85,91.0,JINSP,79380
42,2020-05-11 10:12:00,90.9,NSE,91.15,90.85,90.9,JINSP,27330
43,2020-05-11 10:13:00,91.0,NSE,91.0,90.9,90.95,JINSP,7853
44,2020-05-11 10:14:00,91.15,NSE,91.2,91.0,91.0,JINSP,79513
45,2020-05-11 10:15:00,90.65,NSE,91.15,90.65,91.15,JINSP,71927
46,2020-05-11 10:16:00,90.85,NSE,90.9,90.65,90.65,JINSP,27145
47,2020-05-11 10:17:00,90.8,NSE,90.9,90.7,90.85,JINSP,25427
48,2020-05-11 10:18:00,90.95,NSE,91.05,90.8,90.8,JINSP,35816
49,2020-05-11 10:19:00,90.8,NSE,90.9,90.7,90.9,JINSP,33696
50,2020-05-11 10:20:00,90.85,NSE,90.9,90.7,90.8,JINSP,29692
51,2020-05-11 10:21:00,91.35,NSE,91.35,90.8,90.85,JINSP,76011
52,2020-05-11 10:22:00,91.85,NSE,91.9,91.35,91.35,JINSP,171316
53,2020-05-11 10:23:00,91.75,NSE,91.85,91.6,91.85,JINSP,55932
54,2020-05-11 10:24:00,91.8,NSE,92.1,91.7,91.8,JINSP,212969
55,2020-05-11 10:25:00,91.75,NSE,91.9,91.75,91.8,JINSP,20554
56,2020-05-11 10:26:00,91.4,NSE,91.9,91.4,91.75,JINSP,125168
57,2020-05-11 10:27:00,91.9,NSE,91.9,91.4,91.45,JINSP,17238
58,2020-05-11 10:28:00,91.95,NSE,92.1,91.85,91.85,JINSP,96251
59,2020-05-11 10:29:00,92.0,NSE,92.3,91.9,91.95,JINSP,225772
60,2020-05-11 10:30:00,91.8,NSE,92.1,91.65,92.05,JINSP,60741
61,2020-05-11 10:31:00,91.75,NSE,91.85,91.75,91.8,JINSP,17909
62,2020-05-11 10:32:00,91.65,NSE,91.75,91.65,91.75,JINSP,9358
63,2020-05-11 10:33:00,91.6,NSE,91.65,91.6,91.65,JINSP,14033
64,2020-05-11 10:34:00,91.6,NSE,91.7,91.35,91.55,JINSP,67446
65,2020-05-11 10:35:00,91.6,NSE,91.65,91.5,91.65,JINSP,2520
66,2020-05-11 10:36:00,91.5,NSE,91.6,91.4,91.6,JINSP,21577
67,2020-05-11 10:37:00,91.6,NSE,91.6,91.45,91.5,JINSP,21700
68,2020-05-11 10:38:00,91.45,NSE,91.65,91.4,91.5,JINSP,19434
69,2020-05-11 10:39:00,91.3,NSE,91.5,91.25,91.5,JINSP,27707
70,2020-05-11 10:40:00,91.3,NSE,91.35,91.2,91.3,JINSP,20956
71,2020-05-11 10:41:00,91.1,NSE,91.25,91.1,91.25,JINSP,19630
72,2020-05-11 10:42:00,91.2,NSE,91.2,91.05,91.15,JINSP,30550
73,2020-05-11 10:43:00,91.25,NSE,91.25,91.1,91.15,JINSP,7109
74,2020-05-11 10:44:00,91.15,NSE,91.25,91.15,91.25,JINSP,15919
75,2020-05-11 10:45:00,91.0,NSE,91.15,90.8,91.15,JINSP,67195
76,2020-05-11 10:46:00,90.85,NSE,90.95,90.85,90.95,JINSP,20434
77,2020-05-11 10:47:00,91.05,NSE,91.05,90.75,90.9,JINSP,93422
78,2020-05-11 10:48:00,90.95,NSE,91.0,90.85,90.95,JINSP,20393
79,2020-05-11 10:49:00,90.9,NSE,90.95,90.8,90.9,JINSP,13524
80,2020-05-11 10:50:00,91.25,NSE,91.25,90.9,90.9,JINSP,33976
81,2020-05-11 10:51:00,91.3,NSE,91.4,91.2,91.25,JINSP,26243
82,2020-05-11 10:52:00,91.3,NSE,91.35,91.2,91.35,JINSP,20141
83,2020-05-11 10:53:00,91.15,NSE,91.3,91.15,91.3,JINSP,11224
84,2020-05-11 10:54:00,91.05,NSE,91.25,91.05,91.15,JINSP,17536
85,2020-05-11 10:55:00,91.1,NSE,91.15,91.05,91.15,JINSP,6206
86,2020-05-11 10:56:00,91.0,NSE,91.1,90.95,91.1,JINSP,32553
87,2020-05-11 10:57:00,91.2,NSE,91.2,90.95,90.95,JINSP,12310
88,2020-05-11 10:58:00,91.15,NSE,91.25,91.15,91.2,JINSP,9524
89,2020-05-11 10:59:00,91.15,NSE,91.2,91.1,91.2,JINSP,5274
90,2020-05-11 11:00:00,91.1,NSE,91.15,91.1,91.15,JINSP,3858
91,2020-05-11 11:01:00,91.3,NSE,91.3,91.1,91.15,JINSP,10097
92,2020-05-11 11:02:00,91.2,NSE,91.3,91.2,91.25,JINSP,5759
93,2020-05-11 11:03:00,91.2,NSE,91.25,91.1,91.2,JINSP,13180
94,2020-05-11 11:04:00,91.2,NSE,91.3,91.2,91.25,JINSP,17200
95,2020-05-11 11:05:00,91.3,NSE,91.3,91.1,91.25,JINSP,19267
96,2020-05-11 11:06:00,91.2,NSE,91.25,91.15,91.25,JINSP,3304
97,2020-05-11 11:07:00,91.3,NSE,91.35,91.15,91.25,JINSP,9561
98,2020-05-11 11:08:00,91.25,NSE,91.3,91.15,91.3,JINSP,16032
99,2020-05-11 11:09:00,91.2,NSE,91.3,91.15,91.15,JINSP,17629
100,2020-05-11 11:10:00,91.05,NSE,91.2,91.0,91.2,JINSP,22069
101,2020-05-11 11:11:00,90.95,NSE,91.0,90.85,90.9,JINSP,22531
102,2020-05-11 11:12:00,90.95,NSE,91.15,90.95,91.0,JINSP,12913
103,2020-05-11 11:13:00,90.95,NSE,91.05,90.95,90.95,JINSP,6966
104,2020-05-11 11:14:00,91.1,NSE,91.1,90.95,90.95,JINSP,11137
105,2020-05-11 11:15:00,91.1,NSE,91.15,91.05,91.15,JINSP,7389
106,2020-05-11 11:16:00,91.05,NSE,91.1,91.05,91.1,JINSP,5370
107,2020-05-11 11:17:00,90.95,NSE,91.05,90.95,91.05,JINSP,13382
108,2020-05-11 11:18:00,90.75,NSE,91.0,90.65,91.0,JINSP,80408
109,2020-05-11 11:19:00,90.7,NSE,90.8,90.7,90.75,JINSP,17004
110,2020-05-11 11:20:00,90.5,NSE,90.75,90.4,90.7,JINSP,74705
111,2020-05-11 11:21:00,90.65,NSE,90.7,90.45,90.45,JINSP,19802
112,2020-05-11 11:22:00,90.65,NSE,90.7,90.6,90.65,JINSP,6905
113,2020-05-11 11:23:00,90.65,NSE,90.7,90.6,90.65,JINSP,12393
114,2020-05-11 11:24:00,90.65,NSE,90.65,90.6,90.6,JINSP,11280
115,2020-05-11 11:25:00,90.35,NSE,90.65,90.25,90.65,JINSP,80372
116,2020-05-11 11:26:00,90.5,NSE,90.55,90.25,90.35,JINSP,50891
117,2020-05-11 11:27:00,90.35,NSE,90.5,90.35,90.5,JINSP,33351
118,2020-05-11 11:28:00,90.35,NSE,90.35,90.3,90.3,JINSP,22357
119,2020-05-11 11:29:00,90.4,NSE,90.4,90.3,90.35,JINSP,17805
120,2020-05-11 11:30:00,90.15,NSE,90.35,90.1,90.35,JINSP,56790
121,2020-05-11 11:31:00,90.05,NSE,90.2,90.05,90.15,JINSP,23299
122,2020-05-11 11:32:00,90.25,NSE,90.25,90.05,90.1,JINSP,28191
123,2020-05-11 11:33:00,90.3,NSE,90.35,90.2,90.2,JINSP,17085
124,2020-05-11 11:34:00,90.45,NSE,90.5,90.25,90.3,JINSP,16475
125,2020-05-11 11:35:00,90.25,NSE,90.4,90.2,90.4,JINSP,19356
126,2020-05-11 11:36:00,90.2,NSE,90.3,90.1,90.25,JINSP,23390
127,2020-05-11 11:37:00,90.2,NSE,90.25,90.15,90.2,JINSP,9522
128,2020-05-11 11:38:00,90.4,NSE,90.45,90.2,90.25,JINSP,11845
129,2020-05-11 11:39:00,90.15,NSE,90.4,90.15,90.4,JINSP,22718
130,2020-05-11 11:40:00,90.15,NSE,90.15,90.05,90.15,JINSP,27475
131,2020-05-11 11:41:00,90.1,NSE,90.2,90.05,90.1,JINSP,13006
132,2020-05-11 11:42:00,90.2,NSE,90.25,90.05,90.15,JINSP,12935
133,2020-05-11 11:43:00,90.2,NSE,90.3,90.15,90.15,JINSP,11818
134,2020-05-11 11:44:00,90.2,NSE,90.25,90.2,90.2,JINSP,7028
135,2020-05-11 11:45:00,90.1,NSE,90.25,90.1,90.25,JINSP,14573
136,2020-05-11 11:46:00,90.35,NSE,90.35,90.1,90.15,JINSP,11225
137,2020-05-11 11:47:00,90.35,NSE,90.45,90.2,90.35,JINSP,11115
138,2020-05-11 11:48:00,90.2,NSE,90.35,90.2,90.3,JINSP,7563
139,2020-05-11 11:49:00,90.25,NSE,90.3,90.2,90.3,JINSP,3937
140,2020-05-11 11:50:00,90.25,NSE,90.4,90.25,90.3,JINSP,11004
141,2020-05-11 11:51:00,90.3,NSE,90.35,90.2,90.35,JINSP,6738
142,2020-05-11 11:52:00,90.4,NSE,90.4,90.2,90.2,JINSP,4952
143,2020-05-11 11:53:00,90.45,NSE,90.45,90.3,90.3,JINSP,10415
144,2020-05-11 11:54:00,90.5,NSE,90.55,90.4,90.4,JINSP,20200
145,2020-05-11 11:55:00,90.3,NSE,90.55,90.3,90.5,JINSP,5025
146,2020-05-11 11:56:00,90.35,NSE,90.35,90.3,90.35,JINSP,5350
147,2020-05-11 11:57:00,90.45,NSE,90.5,90.3,90.3,JINSP,7025
148,2020-05-11 11:58:00,90.4,NSE,90.45,90.4,90.4,JINSP,4255
149,2020-05-11 11:59:00,90.45,NSE,90.45,90.4,90.45,JINSP,4851
150,2020-05-11 12:00:00,90.45,NSE,90.45,90.4,90.45,JINSP,4659
151,2020-05-11 12:01:00,90.5,NSE,90.55,90.4,90.45,JINSP,16663
152,2020-05-11 12:02:00,90.5,NSE,90.55,90.4,90.5,JINSP,7726
153,2020-05-11 12:03:00,90.4,NSE,90.5,90.4,90.4,JINSP,5128
154,2020-05-11 12:04:00,90.3,NSE,90.45,90.3,90.4,JINSP,9090
155,2020-05-11 12:05:00,90.25,NSE,90.35,90.15,90.35,JINSP,22298
156,2020-05-11 12:06:00,90.3,NSE,90.3,90.15,90.2,JINSP,10100
157,2020-05-11 12:07:00,90.25,NSE,90.3,90.2,90.2,JINSP,3915
158,2020-05-11 12:08:00,90.15,NSE,90.3,90.15,90.3,JINSP,18933
159,2020-05-11 12:09:00,90.2,NSE,90.2,90.15,90.15,JINSP,4045
160,2020-05-11 12:10:00,90.15,NSE,90.2,90.15,90.2,JINSP,4906
161,2020-05-11 12:11:00,90.1,NSE,90.2,90.1,90.15,JINSP,4774
162,2020-05-11 12:12:00,90.15,NSE,90.25,90.1,90.1,JINSP,12790
163,2020-05-11 12:13:00,90.2,NSE,90.25,90.15,90.2,JINSP,50382
164,2020-05-11 12:14:00,90.25,NSE,90.25,90.2,90.2,JINSP,7405
165,2020-05-11 12:15:00,90.5,NSE,90.5,90.2,90.25,JINSP,37587
166,2020-05-11 12:16:00,90.45,NSE,90.55,90.35,90.45,JINSP,112861
167,2020-05-11 12:17:00,90.5,NSE,90.5,90.4,90.45,JINSP,1696
168,2020-05-11 12:18:00,90.45,NSE,90.5,90.35,90.45,JINSP,54177
169,2020-05-11 12:19:00,90.8,NSE,90.9,90.4,90.45,JINSP,93314
170,2020-05-11 12:20:00,90.65,NSE,90.8,90.55,90.75,JINSP,37010
171,2020-05-11 12:21:00,90.6,NSE,90.65,90.45,90.65,JINSP,29916
172,2020-05-11 12:22:00,90.7,NSE,90.8,90.6,90.6,JINSP,19878
173,2020-05-11 12:23:00,90.7,NSE,90.8,90.65,90.65,JINSP,9269
174,2020-05-11 12:24:00,90.65,NSE,90.75,90.65,90.75,JINSP,3644
175,2020-05-11 12:25:00,90.55,NSE,90.7,90.55,90.7,JINSP,4334
176,2020-05-11 12:26:00,90.6,NSE,90.65,90.55,90.6,JINSP,9516
177,2020-05-11 12:27:00,90.55,NSE,90.65,90.55,90.6,JINSP,3185
178,2020-05-11 12:28:00,90.55,NSE,90.65,90.55,90.55,JINSP,6784
179,2020-05-11 12:29:00,90.55,NSE,90.7,90.55,90.55,JINSP,14014
180,2020-05-11 12:30:00,90.55,NSE,90.7,90.55,90.55,JINSP,11035
181,2020-05-11 12:31:00,90.4,NSE,90.55,90.4,90.55,JINSP,8471
182,2020-05-11 12:32:00,90.35,NSE,90.45,90.3,90.4,JINSP,6999
183,2020-05-11 12:33:00,90.35,NSE,90.35,90.25,90.3,JINSP,15217
184,2020-05-11 12:34:00,90.45,NSE,90.45,90.3,90.3,JINSP,5228
185,2020-05-11 12:35:00,90.4,NSE,90.45,90.35,90.35,JINSP,2213
186,2020-05-11 12:36:00,90.35,NSE,90.4,90.35,90.4,JINSP,17359
187,2020-05-11 12:37:00,90.4,NSE,90.5,90.4,90.45,JINSP,2859
188,2020-05-11 12:38:00,90.35,NSE,90.45,90.35,90.4,JINSP,2732
189,2020-05-11 12:39:00,90.35,NSE,90.45,90.35,90.35,JINSP,7900
190,2020-05-11 12:40:00,90.55,NSE,90.55,90.35,90.35,JINSP,15447
191,2020-05-11 12:41:00,90.7,NSE,90.7,90.5,90.55,JINSP,25341
192,2020-05-11 12:42:00,90.9,NSE,90.9,90.65,90.65,JINSP,25567
193,2020-05-11 12:43:00,91.1,NSE,91.2,90.8,90.85,JINSP,80895
194,2020-05-11 12:44:00,91.15,NSE,91.25,91.05,91.05,JINSP,62564
195,2020-05-11 12:45:00,91.0,NSE,91.1,90.95,91.1,JINSP,36380
196,2020-05-11 12:46:00,91.1,NSE,91.2,90.95,90.95,JINSP,34021
197,2020-05-11 12:47:00,91.15,NSE,91.25,91.1,91.15,JINSP,40542
198,2020-05-11 12:48:00,91.6,NSE,91.6,91.15,91.2,JINSP,104018
199,2020-05-11 12:49:00,91.3,NSE,91.65,91.3,91.6,JINSP,83450
200,2020-05-11 12:50:00,91.45,NSE,91.45,91.3,91.35,JINSP,24676
201,2020-05-11 12:51:00,91.45,NSE,91.55,91.4,91.45,JINSP,19632
202,2020-05-11 12:52:00,91.4,NSE,91.55,91.4,91.5,JINSP,22769
203,2020-05-11 12:53:00,91.65,NSE,91.65,91.4,91.4,JINSP,47972
204,2020-05-11 12:54:00,91.5,NSE,91.7,91.5,91.7,JINSP,29692
205,2020-05-11 12:55:00,91.4,NSE,91.55,91.4,91.55,JINSP,8948
206,2020-05-11 12:56:00,91.4,NSE,91.55,91.3,91.4,JINSP,50777
207,2020-05-11 12:57:00,91.35,NSE,91.5,91.35,91.5,JINSP,11118
208,2020-05-11 12:58:00,91.5,NSE,91.55,91.4,91.4,JINSP,26074
209,2020-05-11 12:59:00,91.4,NSE,91.55,91.4,91.5,JINSP,15530
210,2020-05-11 13:00:00,91.5,NSE,91.65,91.4,91.4,JINSP,65591
211,2020-05-11 13:01:00,91.5,NSE,91.55,91.45,91.5,JINSP,12230
212,2020-05-11 13:02:00,91.4,NSE,91.5,91.4,91.5,JINSP,4840
213,2020-05-11 13:03:00,91.6,NSE,91.65,91.45,91.5,JINSP,34301
214,2020-05-11 13:04:00,91.4,NSE,91.65,91.4,91.6,JINSP,19087
215,2020-05-11 13:05:00,91.45,NSE,91.55,91.4,91.4,JINSP,17274
216,2020-05-11 13:06:00,91.45,NSE,91.55,91.45,91.45,JINSP,11200
217,2020-05-11 13:07:00,91.4,NSE,91.5,91.4,91.45,JINSP,20348
218,2020-05-11 13:08:00,91.55,NSE,91.55,91.4,91.4,JINSP,24474
219,2020-05-11 13:09:00,91.5,NSE,91.6,91.5,91.6,JINSP,22532
220,2020-05-11 13:10:00,91.5,NSE,91.6,91.45,91.45,JINSP,15805
221,2020-05-11 13:11:00,91.5,NSE,91.6,91.4,91.5,JINSP,9858
222,2020-05-11 13:12:00,91.5,NSE,91.55,91.4,91.4,JINSP,18904
223,2020-05-11 13:13:00,91.6,NSE,91.7,91.5,91.5,JINSP,22191
224,2020-05-11 13:14:00,91.5,NSE,91.65,91.5,91.65,JINSP,8792
225,2020-05-11 13:15:00,91.5,NSE,91.65,91.5,91.55,JINSP,16864
226,2020-05-11 13:16:00,91.35,NSE,91.6,91.35,91.6,JINSP,16185
227,2020-05-11 13:17:00,91.35,NSE,91.4,91.35,91.4,JINSP,3407
228,2020-05-11 13:18:00,91.3,NSE,91.35,91.25,91.35,JINSP,18184
229,2020-05-11 13:19:00,91.15,NSE,91.3,91.15,91.25,JINSP,13481
230,2020-05-11 13:20:00,91.15,NSE,91.2,91.1,91.2,JINSP,16587
231,2020-05-11 13:21:00,91.2,NSE,91.2,91.1,91.15,JINSP,26242
232,2020-05-11 13:22:00,91.3,NSE,91.3,91.15,91.15,JINSP,8989
233,2020-05-11 13:23:00,91.3,NSE,91.4,91.2,91.35,JINSP,15193
234,2020-05-11 13:24:00,91.3,NSE,91.3,91.2,91.3,JINSP,14708
235,2020-05-11 13:25:00,91.25,NSE,91.35,91.25,91.25,JINSP,5828
236,2020-05-11 13:26:00,91.25,NSE,91.3,91.25,91.3,JINSP,6961
237,2020-05-11 13:27:00,91.15,NSE,91.3,91.15,91.25,JINSP,6063
238,2020-05-11 13:28:00,91.2,NSE,91.3,91.2,91.2,JINSP,14111
239,2020-05-11 13:29:00,91.2,NSE,91.25,91.15,91.2,JINSP,5596
240,2020-05-11 13:30:00,90.95,NSE,91.25,90.9,91.2,JINSP,62778
241,2020-05-11 13:31:00,90.95,NSE,91.0,90.9,90.9,JINSP,9727
242,2020-05-11 13:32:00,90.95,NSE,91.1,90.95,90.95,JINSP,16128
243,2020-05-11 13:33:00,90.85,NSE,91.0,90.75,91.0,JINSP,18039
244,2020-05-11 13:34:00,90.9,NSE,90.9,90.8,90.85,JINSP,4535
245,2020-05-11 13:35:00,90.85,NSE,90.9,90.85,90.9,JINSP,7781
246,2020-05-11 13:36:00,90.8,NSE,90.9,90.8,90.85,JINSP,7716
247,2020-05-11 13:37:00,90.65,NSE,90.85,90.6,90.85,JINSP,33561
248,2020-05-11 13:38:00,90.9,NSE,90.95,90.65,90.75,JINSP,21066
249,2020-05-11 13:39:00,90.9,NSE,91.0,90.8,90.9,JINSP,54200
250,2020-05-11 13:40:00,90.9,NSE,91.0,90.9,90.95,JINSP,6347
251,2020-05-11 13:41:00,91.05,NSE,91.1,90.85,90.9,JINSP,15224
252,2020-05-11 13:42:00,91.2,NSE,91.2,91.05,91.05,JINSP,14401
253,2020-05-11 13:43:00,91.2,NSE,91.3,91.15,91.2,JINSP,38526
254,2020-05-11 13:44:00,90.95,NSE,91.3,90.95,91.2,JINSP,14487
255,2020-05-11 13:45:00,90.7,NSE,90.95,90.65,90.95,JINSP,32792
256,2020-05-11 13:46:00,90.7,NSE,90.75,90.55,90.7,JINSP,29149
257,2020-05-11 13:47:00,90.7,NSE,90.8,90.6,90.65,JINSP,18764
258,2020-05-11 13:48:00,90.75,NSE,90.85,90.65,90.7,JINSP,23099
259,2020-05-11 13:49:00,90.65,NSE,90.75,90.6,90.75,JINSP,14455
260,2020-05-11 13:50:00,90.8,NSE,90.85,90.6,90.65,JINSP,26609
261,2020-05-11 13:51:00,90.5,NSE,90.85,90.5,90.85,JINSP,33634
262,2020-05-11 13:52:00,90.65,NSE,90.7,90.55,90.6,JINSP,5693
263,2020-05-11 13:53:00,90.5,NSE,90.6,90.5,90.6,JINSP,11931
264,2020-05-11 13:54:00,90.45,NSE,90.55,90.35,90.5,JINSP,54532
265,2020-05-11 13:55:00,90.6,NSE,90.6,90.4,90.45,JINSP,21753
266,2020-05-11 13:56:00,90.65,NSE,90.8,90.55,90.6,JINSP,9085
267,2020-05-11 13:57:00,90.5,NSE,90.65,90.5,90.65,JINSP,6357
268,2020-05-11 13:58:00,90.6,NSE,90.7,90.5,90.5,JINSP,12350
269,2020-05-11 13:59:00,90.6,NSE,90.7,90.5,90.6,JINSP,5060
270,2020-05-11 14:00:00,90.65,NSE,90.7,90.5,90.6,JINSP,6496
271,2020-05-11 14:01:00,90.6,NSE,90.75,90.6,90.7,JINSP,12231
272,2020-05-11 14:02:00,90.7,NSE,90.75,90.65,90.7,JINSP,12552
273,2020-05-11 14:03:00,90.65,NSE,90.7,90.65,90.7,JINSP,18622
274,2020-05-11 14:04:00,90.55,NSE,90.65,90.5,90.65,JINSP,7928
275,2020-05-11 14:05:00,90.55,NSE,90.65,90.5,90.5,JINSP,7966
276,2020-05-11 14:06:00,90.55,NSE,90.65,90.5,90.65,JINSP,7399
277,2020-05-11 14:07:00,90.65,NSE,90.65,90.55,90.55,JINSP,9490
278,2020-05-11 14:08:00,90.4,NSE,90.65,90.35,90.65,JINSP,68360
279,2020-05-11 14:09:00,90.4,NSE,90.65,90.3,90.45,JINSP,68556
280,2020-05-11 14:10:00,90.4,NSE,90.45,90.4,90.4,JINSP,16084
281,2020-05-11 14:11:00,90.45,NSE,90.55,90.4,90.4,JINSP,20772
282,2020-05-11 14:12:00,90.35,NSE,90.45,90.3,90.45,JINSP,32891
283,2020-05-11 14:13:00,90.15,NSE,90.35,90.1,90.3,JINSP,26364
284,2020-05-11 14:14:00,90.15,NSE,90.15,90.05,90.1,JINSP,30078
285,2020-05-11 14:15:00,90.05,NSE,90.15,90.05,90.15,JINSP,30637
286,2020-05-11 14:16:00,90.15,NSE,90.25,90.0,90.05,JINSP,69755
287,2020-05-11 14:17:00,90.1,NSE,90.2,90.05,90.1,JINSP,15566
288,2020-05-11 14:18:00,90.3,NSE,90.3,90.1,90.2,JINSP,10546
289,2020-05-11 14:19:00,90.15,NSE,90.3,90.1,90.25,JINSP,16936
290,2020-05-11 14:20:00,90.1,NSE,90.2,90.1,90.15,JINSP,21016
291,2020-05-11 14:21:00,90.25,NSE,90.25,90.1,90.15,JINSP,32066
292,2020-05-11 14:22:00,90.15,NSE,90.25,90.15,90.25,JINSP,8612
293,2020-05-11 14:23:00,90.2,NSE,90.2,90.15,90.15,JINSP,7855
294,2020-05-11 14:24:00,90.2,NSE,90.25,90.15,90.15,JINSP,8824
295,2020-05-11 14:25:00,90.2,NSE,90.25,90.2,90.25,JINSP,6703
296,2020-05-11 14:26:00,90.4,NSE,90.4,90.2,90.25,JINSP,20318
297,2020-05-11 14:27:00,90.4,NSE,90.55,90.3,90.4,JINSP,18616
298,2020-05-11 14:28:00,90.3,NSE,90.45,90.2,90.45,JINSP,33603
299,2020-05-11 14:29:00,90.35,NSE,90.4,90.3,90.35,JINSP,7940
300,2020-05-11 14:30:00,90.05,NSE,90.3,90.05,90.3,JINSP,43601
301,2020-05-11 14:31:00,90.0,NSE,90.1,89.9,90.05,JINSP,78440
302,2020-05-11 14:32:00,90.0,NSE,90.15,90.0,90.1,JINSP,9613
303,2020-05-11 14:33:00,90.0,NSE,90.05,89.9,90.05,JINSP,21169
304,2020-05-11 14:34:00,89.95,NSE,90.0,89.9,89.95,JINSP,8367
305,2020-05-11 14:35:00,90.05,NSE,90.1,89.95,89.95,JINSP,9462
306,2020-05-11 14:36:00,90.1,NSE,90.2,90.0,90.05,JINSP,9866
307,2020-05-11 14:37:00,90.15,NSE,90.2,90.1,90.1,JINSP,6290
308,2020-05-11 14:38:00,90.2,NSE,90.2,90.1,90.1,JINSP,6291
309,2020-05-11 14:39:00,89.95,NSE,90.2,89.95,90.2,JINSP,21389
310,2020-05-11 14:40:00,90.05,NSE,90.15,89.9,89.95,JINSP,20962
311,2020-05-11 14:41:00,89.95,NSE,90.05,89.9,90.05,JINSP,17881
312,2020-05-11 14:42:00,89.9,NSE,90.0,89.85,89.95,JINSP,30140
313,2020-05-11 14:43:00,89.85,NSE,89.9,89.8,89.9,JINSP,12385
314,2020-05-11 14:44:00,89.8,NSE,89.9,89.8,89.85,JINSP,5803
315,2020-05-11 14:45:00,89.55,NSE,89.8,89.55,89.8,JINSP,48705
316,2020-05-11 14:46:00,89.75,NSE,89.8,89.55,89.55,JINSP,30762
317,2020-05-11 14:47:00,89.9,NSE,89.95,89.75,89.85,JINSP,16976
318,2020-05-11 14:48:00,89.8,NSE,89.85,89.75,89.8,JINSP,10812
319,2020-05-11 14:49:00,89.8,NSE,89.8,89.7,89.75,JINSP,10121
320,2020-05-11 14:50:00,89.55,NSE,89.75,89.5,89.7,JINSP,28053
321,2020-05-11 14:51:00,89.5,NSE,89.6,89.5,89.6,JINSP,18685
322,2020-05-11 14:52:00,89.6,NSE,89.7,89.5,89.6,JINSP,22055
323,2020-05-11 14:53:00,89.75,NSE,89.75,89.6,89.65,JINSP,18332
324,2020-05-11 14:54:00,89.9,NSE,89.9,89.65,89.65,JINSP,20697
325,2020-05-11 14:55:00,89.7,NSE,89.9,89.7,89.8,JINSP,17727
326,2020-05-11 14:56:00,89.7,NSE,89.75,89.6,89.75,JINSP,21408
327,2020-05-11 14:57:00,89.7,NSE,89.75,89.65,89.7,JINSP,4938
328,2020-05-11 14:58:00,89.6,NSE,89.75,89.6,89.7,JINSP,23444
329,2020-05-11 14:59:00,89.55,NSE,89.8,89.55,89.6,JINSP,26974
330,2020-05-11 15:00:00,89.45,NSE,89.6,89.25,89.6,JINSP,63717
331,2020-05-11 15:01:00,89.35,NSE,89.45,89.35,89.35,JINSP,20607
332,2020-05-11 15:02:00,89.4,NSE,89.5,89.35,89.35,JINSP,31797
333,2020-05-11 15:03:00,89.4,NSE,89.45,89.3,89.4,JINSP,17192
334,2020-05-11 15:04:00,89.45,NSE,89.45,89.25,89.35,JINSP,72698
335,2020-05-11 15:05:00,89.3,NSE,89.4,89.25,89.3,JINSP,11599
336,2020-05-11 15:06:00,89.2,NSE,89.3,89.2,89.25,JINSP,16403
337,2020-05-11 15:07:00,89.4,NSE,89.4,89.2,89.25,JINSP,43195
338,2020-05-11 15:08:00,89.55,NSE,89.6,89.3,89.4,JINSP,34538
339,2020-05-11 15:09:00,89.65,NSE,89.7,89.55,89.6,JINSP,43216
340,2020-05-11 15:10:00,89.6,NSE,89.7,89.55,89.65,JINSP,32243
341,2020-05-11 15:11:00,89.55,NSE,89.6,89.45,89.6,JINSP,32009
342,2020-05-11 15:12:00,89.55,NSE,89.6,89.5,89.55,JINSP,12815
343,2020-05-11 15:13:00,89.6,NSE,89.65,89.55,89.6,JINSP,26568
344,2020-05-11 15:14:00,89.7,NSE,89.8,89.55,89.55,JINSP,38530
345,2020-05-11 15:15:00,89.6,NSE,89.75,89.6,89.75,JINSP,38470
346,2020-05-11 15:16:00,89.55,NSE,89.65,89.5,89.6,JINSP,47994
347,2020-05-11 15:17:00,89.6,NSE,89.7,89.5,89.6,JINSP,44821
348,2020-05-11 15:18:00,89.7,NSE,89.75,89.6,89.6,JINSP,38047
349,2020-05-11 15:19:00,89.9,NSE,89.95,89.7,89.8,JINSP,49962
350,2020-05-11 15:20:00,89.95,NSE,90.0,89.85,89.9,JINSP,51206
351,2020-05-11 15:21:00,89.75,NSE,90.05,89.75,89.95,JINSP,88565
352,2020-05-11 15:22:00,89.75,NSE,89.85,89.65,89.75,JINSP,22630
353,2020-05-11 15:23:00,89.75,NSE,89.8,89.7,89.75,JINSP,17188
354,2020-05-11 15:24:00,89.65,NSE,89.7,89.6,89.7,JINSP,17610
355,2020-05-11 15:25:00,89.55,NSE,89.65,89.55,89.65,JINSP,14103
356,2020-05-11 15:26:00,89.6,NSE,89.65,89.6,89.6,JINSP,29115
357,2020-05-11 15:27:00,89.65,NSE,89.75,89.65,89.65,JINSP,18553
358,2020-05-11 15:28:00,89.8,NSE,89.8,89.6,89.65,JINSP,33716
359,2020-05-11 15:29:00,89.95,NSE,90.0,89.65,89.8,JINSP,45467
