,datetime,close,exchange_code,high,low,open,stock_code,volume
0,2024-06-24 09:30:00,173.2,NSE,173.51,173.16,173.47,FEDBAN,100112
1,2024-06-24 09:31:00,173.29,NSE,173.56,173.22,173.22,FEDBAN,99908
2,2024-06-24 09:32:00,173.16,NSE,173.39,172.97,173.21,FEDBAN,114110
3,2024-06-24 09:33:00,172.9,NSE,173.73,172.89,173.07,FEDBAN,335905
4,2024-06-24 09:34:00,173.14,NSE,173.4,172.86,172.9,FEDBAN,201983
5,2024-06-24 09:35:00,173.08,NSE,173.26,172.91,173.14,FEDBAN,96829
6,2024-06-24 09:36:00,173.29,NSE,173.33,173.03,173.08,FEDBAN,60025
7,2024-06-24 09:37:00,173.06,NSE,173.29,173.06,173.29,FEDBAN,50707
8,2024-06-24 09:38:00,173.11,NSE,173.11,172.9,173.01,FEDBAN,48233
9,2024-06-24 09:39:00,172.36,NSE,173.06,172.32,173.0,FEDBAN,186231
10,2024-06-24 09:40:00,172.47,NSE,172.62,172.4,172.49,FEDBAN,45107
11,2024-06-24 09:41:00,172.29,NSE,172.49,172.13,172.47,FEDBAN,54088
12,2024-06-24 09:42:00,172.3,NSE,172.48,172.15,172.29,FEDBAN,92267
13,2024-06-24 09:43:00,172.46,NSE,172.52,172.27,172.31,FEDBAN,57111
14,2024-06-24 09:44:00,172.45,NSE,172.45,172.21,172.45,FEDBAN,214183
15,2024-06-24 09:45:00,172.6,NSE,172.6,172.35,172.44,FEDBAN,81277
16,2024-06-24 09:46:00,172.67,NSE,172.85,172.58,172.6,FEDBAN,71838
17,2024-06-24 09:47:00,172.45,NSE,172.69,172.41,172.67,FEDBAN,83214
18,2024-06-24 09:48:00,172.69,NSE,172.75,172.5,172.54,FEDBAN,60024
19,2024-06-24 09:49:00,172.77,NSE,172.78,172.68,172.73,FEDBAN,40845
20,2024-06-24 09:50:00,172.9,NSE,172.9,172.71,172.77,FEDBAN,54807
21,2024-06-24 09:51:00,172.71,NSE,172.95,172.62,172.9,FEDBAN,134427
22,2024-06-24 09:52:00,172.77,NSE,172.79,172.62,172.71,FEDBAN,71298
23,2024-06-24 09:53:00,172.83,NSE,172.89,172.77,172.77,FEDBAN,38569
24,2024-06-24 09:54:00,172.84,NSE,172.88,172.78,172.83,FEDBAN,12017
25,2024-06-24 09:55:00,172.8,NSE,172.87,172.78,172.78,FEDBAN,82701
26,2024-06-24 09:56:00,172.78,NSE,172.91,172.65,172.86,FEDBAN,93980
27,2024-06-24 09:57:00,172.65,NSE,172.87,172.65,172.78,FEDBAN,73949
28,2024-06-24 09:58:00,172.69,NSE,172.69,172.58,172.69,FEDBAN,80236
29,2024-06-24 09:59:00,172.6,NSE,172.77,172.58,172.72,FEDBAN,112885
30,2024-06-24 10:00:00,172.33,NSE,172.65,172.25,172.65,FEDBAN,134265
31,2024-06-24 10:01:00,172.22,NSE,172.46,172.21,172.33,FEDBAN,53584
32,2024-06-24 10:02:00,172.26,NSE,172.46,172.25,172.25,FEDBAN,13651
33,2024-06-24 10:03:00,172.37,NSE,172.46,172.32,172.32,FEDBAN,33907
34,2024-06-24 10:04:00,172.6,NSE,172.6,172.2,172.36,FEDBAN,31837
35,2024-06-24 10:05:00,172.72,NSE,172.87,172.6,172.6,FEDBAN,46722
36,2024-06-24 10:06:00,172.85,NSE,172.99,172.71,172.71,FEDBAN,134523
37,2024-06-24 10:07:00,172.72,NSE,172.93,172.72,172.84,FEDBAN,56672
38,2024-06-24 10:08:00,172.9,NSE,172.9,172.6,172.71,FEDBAN,40857
39,2024-06-24 10:09:00,172.86,NSE,173.05,172.8,172.93,FEDBAN,46503
40,2024-06-24 10:10:00,172.7,NSE,172.86,172.58,172.86,FEDBAN,43491
41,2024-06-24 10:11:00,172.66,NSE,172.73,172.6,172.67,FEDBAN,11431
42,2024-06-24 10:12:00,172.61,NSE,172.7,172.6,172.61,FEDBAN,22783
43,2024-06-24 10:13:00,172.51,NSE,172.72,172.51,172.68,FEDBAN,39423
44,2024-06-24 10:14:00,172.75,NSE,172.8,172.5,172.55,FEDBAN,25974
45,2024-06-24 10:15:00,173.17,NSE,173.17,172.75,172.75,FEDBAN,33248
46,2024-06-24 10:16:00,172.96,NSE,173.23,172.86,173.23,FEDBAN,74226
47,2024-06-24 10:17:00,172.63,NSE,172.96,172.63,172.91,FEDBAN,22561
48,2024-06-24 10:18:00,172.9,NSE,172.9,172.65,172.71,FEDBAN,43054
49,2024-06-24 10:19:00,172.9,NSE,173.12,172.85,172.97,FEDBAN,83733
50,2024-06-24 10:20:00,172.82,NSE,172.94,172.75,172.9,FEDBAN,22102
51,2024-06-24 10:21:00,173.09,NSE,173.1,172.85,172.85,FEDBAN,32896
52,2024-06-24 10:22:00,173.32,NSE,173.39,173.05,173.1,FEDBAN,70027
53,2024-06-24 10:23:00,173.37,NSE,173.37,173.15,173.36,FEDBAN,60149
54,2024-06-24 10:24:00,173.36,NSE,173.39,173.22,173.37,FEDBAN,46724
55,2024-06-24 10:25:00,173.45,NSE,173.53,173.2,173.39,FEDBAN,153440
56,2024-06-24 10:26:00,173.58,NSE,173.58,173.41,173.45,FEDBAN,43577
57,2024-06-24 10:27:00,173.44,NSE,173.58,173.32,173.58,FEDBAN,34363
58,2024-06-24 10:28:00,173.46,NSE,173.46,173.32,173.44,FEDBAN,21368
59,2024-06-24 10:29:00,173.59,NSE,173.59,173.36,173.36,FEDBAN,63292
60,2024-06-24 10:30:00,173.59,NSE,173.59,173.43,173.59,FEDBAN,39816
61,2024-06-24 10:31:00,173.6,NSE,173.73,173.48,173.58,FEDBAN,123558
62,2024-06-24 10:32:00,173.8,NSE,173.85,173.59,173.6,FEDBAN,90681
63,2024-06-24 10:33:00,173.95,NSE,173.95,173.65,173.76,FEDBAN,48929
64,2024-06-24 10:34:00,173.86,NSE,173.99,173.65,173.92,FEDBAN,99354
65,2024-06-24 10:35:00,173.86,NSE,174.0,173.78,173.78,FEDBAN,55576
66,2024-06-24 10:36:00,173.73,NSE,174.07,173.73,173.96,FEDBAN,24754
67,2024-06-24 10:37:00,174.16,NSE,174.16,173.71,173.8,FEDBAN,85712
68,2024-06-24 10:38:00,174.01,NSE,174.18,173.93,174.08,FEDBAN,148415
69,2024-06-24 10:39:00,174.07,NSE,174.29,174.04,174.1,FEDBAN,96889
70,2024-06-24 10:40:00,174.26,NSE,174.3,174.06,174.07,FEDBAN,170393
71,2024-06-24 10:41:00,174.29,NSE,174.29,174.11,174.26,FEDBAN,52820
72,2024-06-24 10:42:00,174.2,NSE,174.48,174.2,174.3,FEDBAN,69887
73,2024-06-24 10:43:00,174.16,NSE,174.3,174.16,174.2,FEDBAN,39115
74,2024-06-24 10:44:00,174.5,NSE,174.5,174.16,174.16,FEDBAN,131705
75,2024-06-24 10:45:00,174.32,NSE,174.5,174.25,174.5,FEDBAN,58193
76,2024-06-24 10:46:00,174.29,NSE,174.39,174.12,174.32,FEDBAN,78583
77,2024-06-24 10:47:00,174.45,NSE,174.5,174.07,174.25,FEDBAN,270836
78,2024-06-24 10:48:00,174.28,NSE,174.5,174.2,174.45,FEDBAN,162185
79,2024-06-24 10:49:00,173.97,NSE,174.3,173.87,174.25,FEDBAN,70307
80,2024-06-24 10:50:00,174.3,NSE,174.31,173.8,173.89,FEDBAN,89907
81,2024-06-24 10:51:00,174.33,NSE,174.33,174.15,174.3,FEDBAN,53691
82,2024-06-24 10:52:00,174.35,NSE,174.6,174.21,174.32,FEDBAN,151927
83,2024-06-24 10:53:00,174.46,NSE,174.64,174.3,174.44,FEDBAN,50098
84,2024-06-24 10:54:00,174.58,NSE,174.69,174.46,174.46,FEDBAN,43778
85,2024-06-24 10:55:00,174.51,NSE,174.69,174.48,174.49,FEDBAN,38248
86,2024-06-24 10:56:00,174.82,NSE,174.89,174.48,174.53,FEDBAN,114504
87,2024-06-24 10:57:00,174.9,NSE,174.96,174.81,174.84,FEDBAN,61340
88,2024-06-24 10:58:00,174.91,NSE,174.99,174.81,174.88,FEDBAN,43619
89,2024-06-24 10:59:00,174.71,NSE,174.91,174.7,174.91,FEDBAN,21354
90,2024-06-24 11:00:00,174.68,NSE,174.82,174.56,174.77,FEDBAN,27548
91,2024-06-24 11:01:00,174.96,NSE,174.97,174.6,174.6,FEDBAN,67560
92,2024-06-24 11:02:00,175.08,NSE,175.1,174.81,174.96,FEDBAN,102120
93,2024-06-24 11:03:00,174.9,NSE,175.1,174.79,174.96,FEDBAN,36303
94,2024-06-24 11:04:00,174.94,NSE,175.05,174.84,175.04,FEDBAN,23530
95,2024-06-24 11:05:00,174.76,NSE,175.08,174.74,174.94,FEDBAN,19323
96,2024-06-24 11:06:00,175.09,NSE,175.09,174.76,174.76,FEDBAN,24098
97,2024-06-24 11:07:00,175.4,NSE,175.44,175.15,175.15,FEDBAN,73289
98,2024-06-24 11:08:00,175.28,NSE,175.4,175.2,175.4,FEDBAN,33288
99,2024-06-24 11:09:00,175.28,NSE,175.35,175.17,175.28,FEDBAN,25120
100,2024-06-24 11:10:00,175.35,NSE,175.45,175.26,175.32,FEDBAN,19109
101,2024-06-24 11:11:00,175.34,NSE,175.47,175.22,175.35,FEDBAN,28477
102,2024-06-24 11:12:00,175.3,NSE,175.5,175.28,175.42,FEDBAN,30751
103,2024-06-24 11:13:00,175.44,NSE,175.44,175.2,175.3,FEDBAN,21291
104,2024-06-24 11:14:00,175.36,NSE,175.5,175.32,175.35,FEDBAN,35936
105,2024-06-24 11:15:00,175.34,NSE,175.46,175.24,175.36,FEDBAN,38443
106,2024-06-24 11:16:00,175.55,NSE,175.55,175.34,175.34,FEDBAN,26141
107,2024-06-24 11:17:00,175.3,NSE,175.67,175.25,175.57,FEDBAN,25059
108,2024-06-24 11:18:00,175.24,NSE,175.41,175.18,175.26,FEDBAN,35141
109,2024-06-24 11:19:00,175.17,NSE,175.34,175.12,175.34,FEDBAN,36200
110,2024-06-24 11:20:00,175.69,NSE,175.8,175.17,175.17,FEDBAN,33387
111,2024-06-24 11:21:00,175.54,NSE,175.8,175.5,175.77,FEDBAN,11815
112,2024-06-24 11:22:00,175.79,NSE,175.8,175.5,175.54,FEDBAN,15184
113,2024-06-24 11:23:00,175.69,NSE,175.79,175.5,175.79,FEDBAN,19948
114,2024-06-24 11:24:00,175.45,NSE,175.69,175.4,175.69,FEDBAN,14239
115,2024-06-24 11:25:00,175.28,NSE,175.5,175.15,175.42,FEDBAN,34467
116,2024-06-24 11:26:00,175.45,NSE,175.5,175.09,175.09,FEDBAN,26979
117,2024-06-24 11:27:00,175.68,NSE,175.76,175.4,175.4,FEDBAN,16512
118,2024-06-24 11:28:00,175.5,NSE,175.71,175.42,175.7,FEDBAN,32297
119,2024-06-24 11:29:00,175.59,NSE,175.63,175.43,175.5,FEDBAN,42608
120,2024-06-24 11:30:00,175.45,NSE,175.58,175.42,175.54,FEDBAN,29566
121,2024-06-24 11:31:00,175.8,NSE,175.83,175.45,175.45,FEDBAN,26372
122,2024-06-24 11:32:00,175.9,NSE,175.9,175.74,175.8,FEDBAN,20252
123,2024-06-24 11:33:00,175.88,NSE,175.9,175.75,175.84,FEDBAN,8073
124,2024-06-24 11:34:00,175.83,NSE,175.89,175.8,175.88,FEDBAN,5848
125,2024-06-24 11:35:00,175.9,NSE,175.95,175.81,175.88,FEDBAN,75258
126,2024-06-24 11:36:00,175.91,NSE,175.99,175.88,175.9,FEDBAN,8546
127,2024-06-24 11:37:00,175.87,NSE,176.0,175.85,175.92,FEDBAN,20282
128,2024-06-24 11:38:00,175.45,NSE,175.73,175.35,175.7,FEDBAN,20101
129,2024-06-24 11:39:00,175.62,NSE,175.63,175.45,175.45,FEDBAN,5652
130,2024-06-24 11:40:00,175.47,NSE,175.63,175.39,175.62,FEDBAN,6526
131,2024-06-24 11:41:00,175.2,NSE,175.49,175.2,175.47,FEDBAN,5894
132,2024-06-24 11:42:00,175.15,NSE,175.29,175.05,175.28,FEDBAN,10411
133,2024-06-24 11:43:00,175.35,NSE,175.36,175.05,175.05,FEDBAN,14833
134,2024-06-24 11:44:00,175.41,NSE,175.42,175.25,175.42,FEDBAN,14059
135,2024-06-24 11:45:00,175.2,NSE,175.41,175.05,175.41,FEDBAN,29007
136,2024-06-24 11:46:00,175.48,NSE,175.49,175.19,175.26,FEDBAN,53552
137,2024-06-24 11:47:00,175.47,NSE,175.48,175.3,175.48,FEDBAN,30953
138,2024-06-24 11:48:00,175.59,NSE,175.63,175.37,175.47,FEDBAN,29781
139,2024-06-24 11:49:00,175.62,NSE,175.74,175.52,175.59,FEDBAN,28269
140,2024-06-24 11:50:00,175.91,NSE,175.96,175.55,175.62,FEDBAN,27994
141,2024-06-24 11:51:00,175.77,NSE,175.95,175.69,175.95,FEDBAN,8936
142,2024-06-24 11:52:00,175.71,NSE,175.83,175.69,175.77,FEDBAN,20305
143,2024-06-24 11:53:00,175.77,NSE,175.8,175.57,175.71,FEDBAN,27605
144,2024-06-24 11:54:00,175.98,NSE,175.99,175.73,175.77,FEDBAN,30808
145,2024-06-24 11:55:00,175.91,NSE,176.0,175.84,175.96,FEDBAN,13077
146,2024-06-24 11:56:00,175.68,NSE,175.88,175.67,175.88,FEDBAN,2155
147,2024-06-24 11:57:00,175.61,NSE,175.68,175.56,175.68,FEDBAN,14803
148,2024-06-24 11:58:00,175.72,NSE,175.72,175.58,175.65,FEDBAN,3946
149,2024-06-24 11:59:00,175.68,NSE,175.73,175.61,175.72,FEDBAN,3635
150,2024-06-24 12:00:00,175.71,NSE,175.72,175.63,175.72,FEDBAN,3116
151,2024-06-24 12:01:00,175.65,NSE,175.71,175.6,175.71,FEDBAN,8292
152,2024-06-24 12:02:00,175.56,NSE,175.65,175.51,175.65,FEDBAN,7447
153,2024-06-24 12:03:00,175.8,NSE,175.85,175.59,175.59,FEDBAN,21328
154,2024-06-24 12:04:00,175.89,NSE,175.91,175.8,175.8,FEDBAN,7999
155,2024-06-24 12:05:00,175.71,NSE,175.89,175.71,175.87,FEDBAN,3008
156,2024-06-24 12:06:00,175.64,NSE,175.7,175.51,175.7,FEDBAN,5927
157,2024-06-24 12:07:00,175.63,NSE,175.75,175.57,175.64,FEDBAN,4905
158,2024-06-24 12:08:00,175.83,NSE,175.83,175.68,175.74,FEDBAN,7341
159,2024-06-24 12:09:00,175.74,NSE,175.85,175.7,175.83,FEDBAN,5035
160,2024-06-24 12:10:00,175.73,NSE,175.79,175.63,175.74,FEDBAN,8770
161,2024-06-24 12:11:00,175.85,NSE,175.85,175.67,175.75,FEDBAN,6327
162,2024-06-24 12:12:00,175.94,NSE,175.94,175.8,175.8,FEDBAN,8214
163,2024-06-24 12:13:00,175.97,NSE,176.0,175.89,175.94,FEDBAN,6095
164,2024-06-24 12:14:00,175.9,NSE,175.97,175.86,175.97,FEDBAN,1684
165,2024-06-24 12:15:00,175.87,NSE,175.95,175.79,175.95,FEDBAN,2783
166,2024-06-24 12:16:00,175.86,NSE,175.91,175.81,175.87,FEDBAN,9575
167,2024-06-24 12:17:00,175.9,NSE,175.94,175.9,175.94,FEDBAN,4283
168,2024-06-24 12:18:00,175.88,NSE,175.94,175.86,175.94,FEDBAN,9693
169,2024-06-24 12:19:00,176.2,NSE,176.2,175.93,175.93,FEDBAN,43584
170,2024-06-24 12:20:00,176.03,NSE,176.25,176.03,176.1,FEDBAN,15179
171,2024-06-24 12:21:00,175.94,NSE,176.09,175.94,176.03,FEDBAN,4600
172,2024-06-24 12:22:00,175.92,NSE,176.03,175.92,175.99,FEDBAN,7177
173,2024-06-24 12:23:00,176.07,NSE,176.07,175.92,175.92,FEDBAN,12522
174,2024-06-24 12:24:00,176.25,NSE,176.32,176.01,176.07,FEDBAN,59930
175,2024-06-24 12:25:00,176.13,NSE,176.33,176.12,176.3,FEDBAN,36481
176,2024-06-24 12:26:00,176.53,NSE,176.58,176.14,176.14,FEDBAN,55957
177,2024-06-24 12:27:00,176.64,NSE,176.68,176.47,176.53,FEDBAN,52398
178,2024-06-24 12:28:00,176.64,NSE,176.71,176.52,176.64,FEDBAN,24709
179,2024-06-24 12:29:00,176.34,NSE,176.64,176.29,176.64,FEDBAN,6723
180,2024-06-24 12:30:00,176.56,NSE,176.57,176.25,176.29,FEDBAN,11197
181,2024-06-24 12:31:00,176.64,NSE,176.7,176.54,176.56,FEDBAN,31907
182,2024-06-24 12:32:00,176.56,NSE,176.69,176.5,176.64,FEDBAN,8004
183,2024-06-24 12:33:00,176.6,NSE,176.6,176.53,176.6,FEDBAN,3761
184,2024-06-24 12:34:00,176.67,NSE,176.7,176.56,176.6,FEDBAN,23496
185,2024-06-24 12:35:00,176.67,NSE,176.83,176.62,176.69,FEDBAN,82510
186,2024-06-24 12:36:00,176.56,NSE,176.68,176.5,176.67,FEDBAN,18515
187,2024-06-24 12:37:00,176.54,NSE,176.56,176.42,176.55,FEDBAN,16923
188,2024-06-24 12:38:00,176.43,NSE,176.54,176.31,176.54,FEDBAN,29811
189,2024-06-24 12:39:00,176.35,NSE,176.43,176.25,176.41,FEDBAN,18314
190,2024-06-24 12:40:00,176.44,NSE,176.58,176.34,176.35,FEDBAN,49159
191,2024-06-24 12:41:00,176.41,NSE,176.49,176.33,176.44,FEDBAN,16708
192,2024-06-24 12:42:00,176.23,NSE,176.47,176.13,176.41,FEDBAN,6145
193,2024-06-24 12:43:00,176.48,NSE,176.48,176.22,176.22,FEDBAN,11943
194,2024-06-24 12:44:00,176.4,NSE,176.48,176.29,176.45,FEDBAN,4418
195,2024-06-24 12:45:00,176.37,NSE,176.43,176.31,176.31,FEDBAN,13126
196,2024-06-24 12:46:00,176.29,NSE,176.45,176.28,176.38,FEDBAN,13016
197,2024-06-24 12:47:00,176.3,NSE,176.35,176.24,176.29,FEDBAN,20591
198,2024-06-24 12:48:00,176.42,NSE,176.54,176.27,176.3,FEDBAN,50233
199,2024-06-24 12:49:00,176.29,NSE,176.43,176.29,176.42,FEDBAN,2698
200,2024-06-24 12:50:00,176.45,NSE,176.45,176.3,176.3,FEDBAN,9772
201,2024-06-24 12:51:00,176.55,NSE,176.6,176.45,176.45,FEDBAN,18188
202,2024-06-24 12:52:00,176.61,NSE,176.61,176.45,176.58,FEDBAN,9429
203,2024-06-24 12:53:00,176.49,NSE,176.61,176.47,176.61,FEDBAN,5474
204,2024-06-24 12:54:00,176.65,NSE,176.65,176.49,176.49,FEDBAN,23346
205,2024-06-24 12:55:00,176.56,NSE,176.65,176.5,176.65,FEDBAN,3653
206,2024-06-24 12:56:00,176.35,NSE,176.56,176.29,176.56,FEDBAN,3855
207,2024-06-24 12:57:00,176.08,NSE,176.35,176.08,176.35,FEDBAN,8716
208,2024-06-24 12:58:00,176.17,NSE,176.2,176.08,176.15,FEDBAN,4411
209,2024-06-24 12:59:00,176.17,NSE,176.2,176.05,176.17,FEDBAN,13580
210,2024-06-24 13:00:00,176.13,NSE,176.24,176.13,176.24,FEDBAN,6575
211,2024-06-24 13:01:00,176.2,NSE,176.22,176.11,176.2,FEDBAN,2797
212,2024-06-24 13:02:00,176.29,NSE,176.34,176.13,176.2,FEDBAN,11241
213,2024-06-24 13:03:00,176.0,NSE,176.24,176.0,176.24,FEDBAN,18226
214,2024-06-24 13:04:00,176.07,NSE,176.16,176.05,176.08,FEDBAN,6967
215,2024-06-24 13:05:00,176.07,NSE,176.12,175.91,176.12,FEDBAN,8739
216,2024-06-24 13:06:00,176.19,NSE,176.19,176.08,176.09,FEDBAN,13101
217,2024-06-24 13:07:00,176.3,NSE,176.33,176.16,176.29,FEDBAN,16273
218,2024-06-24 13:08:00,176.33,NSE,176.33,176.2,176.3,FEDBAN,4870
219,2024-06-24 13:09:00,176.37,NSE,176.37,176.26,176.33,FEDBAN,12449
220,2024-06-24 13:10:00,176.38,NSE,176.4,176.27,176.37,FEDBAN,11572
221,2024-06-24 13:11:00,176.37,NSE,176.41,176.37,176.38,FEDBAN,4919
222,2024-06-24 13:12:00,176.47,NSE,176.48,176.37,176.38,FEDBAN,11121
223,2024-06-24 13:13:00,176.46,NSE,176.46,176.37,176.43,FEDBAN,14619
224,2024-06-24 13:14:00,176.71,NSE,176.71,176.45,176.48,FEDBAN,23039
225,2024-06-24 13:15:00,176.72,NSE,176.79,176.63,176.71,FEDBAN,30817
226,2024-06-24 13:16:00,176.46,NSE,176.8,176.46,176.73,FEDBAN,32275
227,2024-06-24 13:17:00,176.43,NSE,176.57,176.38,176.51,FEDBAN,19957
228,2024-06-24 13:18:00,176.45,NSE,176.45,176.35,176.43,FEDBAN,12983
229,2024-06-24 13:19:00,176.48,NSE,176.49,176.39,176.45,FEDBAN,4152
230,2024-06-24 13:20:00,176.44,NSE,176.48,176.37,176.48,FEDBAN,4211
231,2024-06-24 13:21:00,176.51,NSE,176.56,176.4,176.4,FEDBAN,13910
232,2024-06-24 13:22:00,176.49,NSE,176.53,176.44,176.51,FEDBAN,3047
233,2024-06-24 13:23:00,176.38,NSE,176.49,176.3,176.49,FEDBAN,2498
234,2024-06-24 13:24:00,176.4,NSE,176.4,176.33,176.38,FEDBAN,9723
235,2024-06-24 13:25:00,176.46,NSE,176.46,176.32,176.32,FEDBAN,4836
236,2024-06-24 13:26:00,176.8,NSE,176.8,176.46,176.46,FEDBAN,10875
237,2024-06-24 13:27:00,176.68,NSE,176.85,176.68,176.8,FEDBAN,9572
238,2024-06-24 13:28:00,176.6,NSE,176.69,176.53,176.66,FEDBAN,7975
239,2024-06-24 13:29:00,176.46,NSE,176.58,176.46,176.57,FEDBAN,3472
240,2024-06-24 13:30:00,176.51,NSE,176.57,176.37,176.43,FEDBAN,25831
241,2024-06-24 13:31:00,176.63,NSE,176.67,176.49,176.49,FEDBAN,14950
242,2024-06-24 13:32:00,176.63,NSE,176.63,176.55,176.63,FEDBAN,8170
243,2024-06-24 13:33:00,176.6,NSE,176.63,176.55,176.63,FEDBAN,5469
244,2024-06-24 13:34:00,176.49,NSE,176.6,176.49,176.55,FEDBAN,6401
245,2024-06-24 13:35:00,176.61,NSE,176.65,176.49,176.49,FEDBAN,9401
246,2024-06-24 13:36:00,176.75,NSE,176.75,176.64,176.64,FEDBAN,5133
247,2024-06-24 13:37:00,176.73,NSE,176.8,176.71,176.77,FEDBAN,20876
248,2024-06-24 13:38:00,176.84,NSE,176.85,176.68,176.72,FEDBAN,7681
249,2024-06-24 13:39:00,176.82,NSE,176.84,176.73,176.84,FEDBAN,3632
250,2024-06-24 13:40:00,176.83,NSE,176.84,176.78,176.84,FEDBAN,6479
251,2024-06-24 13:41:00,176.83,NSE,176.83,176.73,176.81,FEDBAN,4631
252,2024-06-24 13:42:00,176.83,NSE,176.83,176.76,176.78,FEDBAN,12509
253,2024-06-24 13:43:00,176.74,NSE,176.83,176.7,176.83,FEDBAN,5080
254,2024-06-24 13:44:00,176.59,NSE,176.76,176.59,176.69,FEDBAN,8116
255,2024-06-24 13:45:00,176.8,NSE,176.84,176.59,176.59,FEDBAN,16941
256,2024-06-24 13:46:00,176.84,NSE,176.84,176.71,176.82,FEDBAN,8068
257,2024-06-24 13:47:00,176.84,NSE,176.85,176.75,176.85,FEDBAN,8773
258,2024-06-24 13:48:00,176.79,NSE,176.84,176.71,176.83,FEDBAN,2955
259,2024-06-24 13:49:00,176.78,NSE,176.8,176.71,176.75,FEDBAN,6357
260,2024-06-24 13:50:00,176.75,NSE,176.78,176.7,176.78,FEDBAN,15751
261,2024-06-24 13:51:00,176.64,NSE,176.8,176.61,176.76,FEDBAN,8365
262,2024-06-24 13:52:00,176.7,NSE,176.8,176.64,176.65,FEDBAN,22309
263,2024-06-24 13:53:00,176.65,NSE,176.79,176.61,176.78,FEDBAN,21149
264,2024-06-24 13:54:00,176.34,NSE,176.67,176.33,176.67,FEDBAN,16565
265,2024-06-24 13:55:00,176.41,NSE,176.52,176.36,176.38,FEDBAN,6603
266,2024-06-24 13:56:00,176.46,NSE,176.52,176.35,176.4,FEDBAN,11310
267,2024-06-24 13:57:00,176.36,NSE,176.46,176.36,176.45,FEDBAN,4349
268,2024-06-24 13:58:00,176.6,NSE,176.64,176.37,176.38,FEDBAN,21586
269,2024-06-24 13:59:00,176.78,NSE,176.81,176.54,176.59,FEDBAN,21423
270,2024-06-24 14:00:00,176.54,NSE,176.78,176.54,176.78,FEDBAN,3148
271,2024-06-24 14:01:00,176.61,NSE,176.69,176.46,176.53,FEDBAN,5826
272,2024-06-24 14:02:00,176.16,NSE,176.57,176.16,176.55,FEDBAN,16157
273,2024-06-24 14:03:00,176.08,NSE,176.27,176.06,176.18,FEDBAN,26862
274,2024-06-24 14:04:00,176.39,NSE,176.52,176.16,176.16,FEDBAN,15173
275,2024-06-24 14:05:00,176.35,NSE,176.5,176.34,176.39,FEDBAN,4736
276,2024-06-24 14:06:00,176.39,NSE,176.5,176.35,176.35,FEDBAN,9436
277,2024-06-24 14:07:00,176.22,NSE,176.4,176.15,176.4,FEDBAN,23068
278,2024-06-24 14:08:00,176.26,NSE,176.4,176.2,176.33,FEDBAN,6961
279,2024-06-24 14:09:00,176.36,NSE,176.4,176.26,176.29,FEDBAN,7506
280,2024-06-24 14:10:00,176.38,NSE,176.46,176.31,176.36,FEDBAN,8691
281,2024-06-24 14:11:00,176.25,NSE,176.39,176.23,176.37,FEDBAN,20325
282,2024-06-24 14:12:00,176.01,NSE,176.26,176.01,176.25,FEDBAN,14946
283,2024-06-24 14:13:00,176.1,NSE,176.33,176.1,176.14,FEDBAN,11897
284,2024-06-24 14:14:00,176.28,NSE,176.33,176.1,176.11,FEDBAN,4839
285,2024-06-24 14:15:00,176.36,NSE,176.44,176.21,176.28,FEDBAN,4769
286,2024-06-24 14:16:00,176.36,NSE,176.5,176.36,176.36,FEDBAN,12695
287,2024-06-24 14:17:00,176.4,NSE,176.44,176.22,176.44,FEDBAN,11256
288,2024-06-24 14:18:00,176.29,NSE,176.35,176.2,176.34,FEDBAN,16997
289,2024-06-24 14:19:00,176.18,NSE,176.35,176.11,176.29,FEDBAN,10862
290,2024-06-24 14:20:00,176.12,NSE,176.23,176.06,176.13,FEDBAN,10548
291,2024-06-24 14:21:00,176.09,NSE,176.17,176.02,176.09,FEDBAN,26242
292,2024-06-24 14:22:00,176.21,NSE,176.31,176.02,176.09,FEDBAN,13047
293,2024-06-24 14:23:00,176.63,NSE,176.69,176.26,176.31,FEDBAN,52443
294,2024-06-24 14:24:00,176.66,NSE,176.84,176.63,176.63,FEDBAN,40392
295,2024-06-24 14:25:00,176.56,NSE,176.76,176.56,176.73,FEDBAN,4606
296,2024-06-24 14:26:00,176.61,NSE,176.65,176.55,176.56,FEDBAN,20855
297,2024-06-24 14:27:00,176.69,NSE,176.7,176.48,176.61,FEDBAN,6673
298,2024-06-24 14:28:00,176.45,NSE,176.69,176.45,176.67,FEDBAN,16105
299,2024-06-24 14:29:00,176.49,NSE,176.59,176.41,176.52,FEDBAN,16406
300,2024-06-24 14:30:00,176.51,NSE,176.51,176.42,176.49,FEDBAN,17568
301,2024-06-24 14:31:00,176.58,NSE,176.68,176.46,176.57,FEDBAN,20255
302,2024-06-24 14:32:00,176.56,NSE,176.67,176.5,176.53,FEDBAN,21037
303,2024-06-24 14:33:00,176.52,NSE,176.55,176.35,176.55,FEDBAN,22537
304,2024-06-24 14:34:00,176.45,NSE,176.54,176.4,176.52,FEDBAN,14080
305,2024-06-24 14:35:00,176.45,NSE,176.5,176.4,176.45,FEDBAN,20946
306,2024-06-24 14:36:00,176.49,NSE,176.5,176.41,176.45,FEDBAN,13675
307,2024-06-24 14:37:00,176.45,NSE,176.5,176.37,176.49,FEDBAN,11878
308,2024-06-24 14:38:00,176.49,NSE,176.5,176.36,176.43,FEDBAN,7558
309,2024-06-24 14:39:00,176.44,NSE,176.6,176.44,176.49,FEDBAN,22656
310,2024-06-24 14:40:00,176.63,NSE,176.63,176.5,176.5,FEDBAN,5420
311,2024-06-24 14:41:00,176.6,NSE,176.67,176.54,176.63,FEDBAN,16904
312,2024-06-24 14:42:00,176.49,NSE,176.63,176.36,176.62,FEDBAN,49743
313,2024-06-24 14:43:00,176.55,NSE,176.6,176.43,176.5,FEDBAN,19611
314,2024-06-24 14:44:00,176.55,NSE,176.56,176.44,176.55,FEDBAN,10579
315,2024-06-24 14:45:00,176.53,NSE,176.56,176.45,176.56,FEDBAN,8912
316,2024-06-24 14:46:00,176.36,NSE,176.51,176.31,176.49,FEDBAN,27504
317,2024-06-24 14:47:00,176.3,NSE,176.48,176.19,176.3,FEDBAN,46690
318,2024-06-24 14:48:00,176.1,NSE,176.34,176.09,176.34,FEDBAN,36033
319,2024-06-24 14:49:00,176.13,NSE,176.17,176.0,176.1,FEDBAN,45720
320,2024-06-24 14:50:00,176.04,NSE,176.24,176.0,176.13,FEDBAN,19073
321,2024-06-24 14:51:00,176.16,NSE,176.29,176.04,176.04,FEDBAN,24055
322,2024-06-24 14:52:00,176.03,NSE,176.24,175.99,176.22,FEDBAN,55908
323,2024-06-24 14:53:00,175.89,NSE,176.03,175.81,176.03,FEDBAN,50378
324,2024-06-24 14:54:00,175.91,NSE,175.94,175.75,175.89,FEDBAN,46926
325,2024-06-24 14:55:00,175.67,NSE,175.94,175.6,175.92,FEDBAN,30949
326,2024-06-24 14:56:00,175.65,NSE,175.73,175.58,175.6,FEDBAN,43546
327,2024-06-24 14:57:00,175.9,NSE,175.9,175.61,175.68,FEDBAN,17224
328,2024-06-24 14:58:00,175.8,NSE,175.89,175.73,175.87,FEDBAN,10760
329,2024-06-24 14:59:00,175.87,NSE,175.9,175.73,175.8,FEDBAN,32742
330,2024-06-24 15:00:00,175.68,NSE,175.9,175.56,175.88,FEDBAN,212904
331,2024-06-24 15:01:00,175.95,NSE,175.95,175.61,175.62,FEDBAN,119378
332,2024-06-24 15:02:00,175.66,NSE,175.96,175.66,175.9,FEDBAN,91192
333,2024-06-24 15:03:00,175.51,NSE,175.77,175.5,175.69,FEDBAN,89750
334,2024-06-24 15:04:00,175.55,NSE,175.63,175.41,175.51,FEDBAN,87801
335,2024-06-24 15:05:00,175.19,NSE,175.54,175.1,175.54,FEDBAN,260710
336,2024-06-24 15:06:00,175.18,NSE,175.39,175.11,175.19,FEDBAN,114217
337,2024-06-24 15:07:00,175.19,NSE,175.25,175.11,175.16,FEDBAN,124203
338,2024-06-24 15:08:00,175.21,NSE,175.28,175.04,175.18,FEDBAN,98529
339,2024-06-24 15:09:00,175.42,NSE,175.46,175.04,175.18,FEDBAN,133537
340,2024-06-24 15:10:00,175.65,NSE,175.87,175.32,175.34,FEDBAN,131443
341,2024-06-24 15:11:00,175.85,NSE,175.95,175.64,175.64,FEDBAN,129738
342,2024-06-24 15:12:00,176.02,NSE,176.02,175.77,175.84,FEDBAN,90333
343,2024-06-24 15:13:00,176.02,NSE,176.15,175.86,175.91,FEDBAN,75597
344,2024-06-24 15:14:00,175.96,NSE,176.14,175.94,176.02,FEDBAN,96511
345,2024-06-24 15:15:00,175.81,NSE,176.02,175.8,175.96,FEDBAN,86912
346,2024-06-24 15:16:00,175.92,NSE,175.92,175.73,175.81,FEDBAN,110402
347,2024-06-24 15:17:00,176.1,NSE,176.16,175.89,175.92,FEDBAN,102975
348,2024-06-24 15:18:00,176.1,NSE,176.2,176.1,176.12,FEDBAN,64556
349,2024-06-24 15:19:00,175.8,NSE,176.09,175.8,176.09,FEDBAN,116858
350,2024-06-24 15:20:00,175.98,NSE,176.0,175.82,175.89,FEDBAN,168379
351,2024-06-24 15:21:00,176.12,NSE,176.16,175.92,176.0,FEDBAN,75893
352,2024-06-24 15:22:00,176.24,NSE,176.24,176.08,176.12,FEDBAN,99907
353,2024-06-24 15:23:00,176.17,NSE,176.27,176.15,176.24,FEDBAN,59002
354,2024-06-24 15:24:00,176.58,NSE,176.67,176.15,176.15,FEDBAN,134178
355,2024-06-24 15:25:00,176.63,NSE,176.66,176.42,176.58,FEDBAN,123831
356,2024-06-24 15:26:00,176.42,NSE,176.63,176.42,176.63,FEDBAN,49370
357,2024-06-24 15:27:00,176.75,NSE,176.75,176.42,176.42,FEDBAN,92773
358,2024-06-24 15:28:00,176.98,NSE,176.99,176.75,176.77,FEDBAN,124337
359,2024-06-24 15:29:00,176.65,NSE,176.72,176.55,176.65,FEDBAN,24572
