,datetime,close,exchange_code,high,low,open,stock_code,volume
0,2024-05-08 09:07:00,986.95,NSE,986.95,986.95,986.95,TATMOT,0
1,2024-05-08 09:15:00,984.55,NSE,987.0,980.55,987.0,TATMOT,122570
2,2024-05-08 09:16:00,981.7,NSE,985.85,981.35,984.5,TATMOT,44314
3,2024-05-08 09:17:00,981.55,NSE,981.6,977.7,981.0,TATMOT,92040
4,2024-05-08 09:18:00,984.4,NSE,984.45,981.1,981.1,TATMOT,78266
5,2024-05-08 09:19:00,983.75,NSE,984.3,981.8,983.85,TATMOT,81087
6,2024-05-08 09:20:00,982.9,NSE,984.0,980.55,983.4,TATMOT,46563
7,2024-05-08 09:21:00,983.6,NSE,984.45,982.85,983.05,TATMOT,28026
8,2024-05-08 09:22:00,986.25,NSE,987.2,983.6,983.6,TATMOT,51086
9,2024-05-08 09:23:00,989.0,NSE,989.15,986.0,986.25,TATMOT,64577
10,2024-05-08 09:24:00,987.5,NSE,989.0,987.25,988.7,TATMOT,48737
11,2024-05-08 09:25:00,989.4,NSE,989.6,986.35,987.15,TATMOT,30685
12,2024-05-08 09:26:00,989.6,NSE,990.0,988.75,989.4,TATMOT,48146
13,2024-05-08 09:27:00,988.95,NSE,990.15,988.55,989.75,TATMOT,47772
14,2024-05-08 09:28:00,988.55,NSE,988.95,988.0,988.95,TATMOT,21406
15,2024-05-08 09:29:00,987.25,NSE,988.55,986.5,988.55,TATMOT,36669
16,2024-05-08 09:30:00,985.75,NSE,987.9,985.75,987.3,TATMOT,26312
17,2024-05-08 09:31:00,988.75,NSE,988.75,985.55,986.2,TATMOT,27924
18,2024-05-08 09:32:00,989.9,NSE,990.5,988.5,988.5,TATMOT,35560
19,2024-05-08 09:33:00,989.55,NSE,990.45,988.95,989.7,TATMOT,35952
20,2024-05-08 09:34:00,989.85,NSE,990.0,989.35,989.55,TATMOT,26938
21,2024-05-08 09:35:00,990.75,NSE,991.0,989.9,989.9,TATMOT,25726
22,2024-05-08 09:36:00,989.8,NSE,991.2,989.8,991.0,TATMOT,34402
23,2024-05-08 09:37:00,989.35,NSE,989.9,988.45,989.8,TATMOT,36742
24,2024-05-08 09:38:00,991.2,NSE,991.3,989.15,989.75,TATMOT,14543
25,2024-05-08 09:39:00,991.9,NSE,992.0,990.45,990.9,TATMOT,23313
26,2024-05-08 09:40:00,991.5,NSE,992.0,990.95,991.7,TATMOT,31003
27,2024-05-08 09:41:00,990.1,NSE,991.95,989.75,991.6,TATMOT,28985
28,2024-05-08 09:42:00,990.3,NSE,990.55,989.5,990.1,TATMOT,25032
29,2024-05-08 09:43:00,990.15,NSE,990.9,990.1,990.35,TATMOT,12471
30,2024-05-08 09:44:00,991.25,NSE,991.25,990.1,990.3,TATMOT,7858
31,2024-05-08 09:45:00,993.0,NSE,993.0,991.05,991.05,TATMOT,19357
32,2024-05-08 09:46:00,994.8,NSE,994.9,993.05,993.5,TATMOT,49773
33,2024-05-08 09:47:00,994.75,NSE,994.9,993.65,994.8,TATMOT,34085
34,2024-05-08 09:48:00,994.2,NSE,994.95,993.25,994.9,TATMOT,22491
35,2024-05-08 09:49:00,993.4,NSE,994.2,992.35,994.2,TATMOT,28373
36,2024-05-08 09:50:00,993.9,NSE,993.9,993.05,993.4,TATMOT,28493
37,2024-05-08 09:51:00,994.1,NSE,995.0,993.0,993.5,TATMOT,78155
38,2024-05-08 09:52:00,992.75,NSE,994.1,992.1,993.9,TATMOT,28888
39,2024-05-08 09:53:00,991.9,NSE,992.75,990.9,992.5,TATMOT,76187
40,2024-05-08 09:54:00,991.8,NSE,992.8,991.7,991.9,TATMOT,32993
41,2024-05-08 09:55:00,993.4,NSE,993.4,991.65,991.75,TATMOT,39082
42,2024-05-08 09:56:00,993.9,NSE,994.0,993.0,993.4,TATMOT,50643
43,2024-05-08 09:57:00,995.0,NSE,995.1,993.85,993.9,TATMOT,32544
44,2024-05-08 09:58:00,995.0,NSE,995.15,994.6,994.9,TATMOT,19240
45,2024-05-08 09:59:00,994.6,NSE,995.0,994.45,994.85,TATMOT,7729
46,2024-05-08 10:00:00,995.9,NSE,995.9,994.9,994.9,TATMOT,23966
47,2024-05-08 10:01:00,996.5,NSE,996.75,995.6,995.6,TATMOT,24199
48,2024-05-08 10:02:00,996.0,NSE,996.95,995.65,996.4,TATMOT,38515
49,2024-05-08 10:03:00,996.25,NSE,996.55,996.0,996.0,TATMOT,16457
50,2024-05-08 10:04:00,995.55,NSE,996.55,995.3,996.5,TATMOT,25096
51,2024-05-08 10:05:00,995.75,NSE,995.9,995.2,995.9,TATMOT,14131
52,2024-05-08 10:06:00,995.6,NSE,995.8,995.05,995.75,TATMOT,10256
53,2024-05-08 10:07:00,997.0,NSE,997.35,995.1,995.5,TATMOT,25279
54,2024-05-08 10:08:00,997.5,NSE,997.55,996.85,997.0,TATMOT,15592
55,2024-05-08 10:09:00,998.45,NSE,998.5,997.4,997.5,TATMOT,33904
56,2024-05-08 10:10:00,997.6,NSE,998.5,997.3,998.25,TATMOT,23822
57,2024-05-08 10:11:00,997.95,NSE,998.35,997.0,997.7,TATMOT,19932
58,2024-05-08 10:12:00,997.0,NSE,997.95,997.0,997.95,TATMOT,10065
59,2024-05-08 10:13:00,996.6,NSE,997.3,996.3,997.0,TATMOT,17885
60,2024-05-08 10:14:00,997.9,NSE,998.3,996.65,996.65,TATMOT,30153
61,2024-05-08 10:15:00,996.3,NSE,998.05,996.3,997.9,TATMOT,14655
62,2024-05-08 10:16:00,996.4,NSE,996.9,996.3,996.5,TATMOT,10932
63,2024-05-08 10:17:00,995.85,NSE,996.7,995.55,996.35,TATMOT,13675
64,2024-05-08 10:18:00,996.25,NSE,996.7,995.75,996.4,TATMOT,10333
65,2024-05-08 10:19:00,997.2,NSE,997.2,996.25,996.65,TATMOT,20761
66,2024-05-08 10:20:00,996.8,NSE,997.5,996.4,997.2,TATMOT,6249
67,2024-05-08 10:21:00,994.05,NSE,996.8,993.9,996.8,TATMOT,34574
68,2024-05-08 10:22:00,993.6,NSE,994.75,993.25,994.0,TATMOT,19755
69,2024-05-08 10:23:00,994.0,NSE,994.35,993.6,993.65,TATMOT,8399
70,2024-05-08 10:24:00,994.5,NSE,994.95,993.75,993.85,TATMOT,11482
71,2024-05-08 10:25:00,993.8,NSE,994.45,993.8,994.45,TATMOT,13954
72,2024-05-08 10:26:00,994.5,NSE,994.5,993.8,993.8,TATMOT,6376
73,2024-05-08 10:27:00,993.95,NSE,994.5,993.65,994.35,TATMOT,8704
74,2024-05-08 10:28:00,993.45,NSE,993.95,993.2,993.95,TATMOT,14915
75,2024-05-08 10:29:00,992.95,NSE,993.45,992.5,993.45,TATMOT,16898
76,2024-05-08 10:30:00,993.85,NSE,994.25,992.8,992.95,TATMOT,13401
77,2024-05-08 10:31:00,993.7,NSE,994.0,993.5,993.85,TATMOT,3526
78,2024-05-08 10:32:00,991.95,NSE,993.5,991.65,993.5,TATMOT,17436
79,2024-05-08 10:33:00,992.0,NSE,992.0,991.5,991.5,TATMOT,8564
80,2024-05-08 10:34:00,993.0,NSE,993.25,991.9,991.9,TATMOT,11218
81,2024-05-08 10:35:00,992.65,NSE,993.25,992.25,993.0,TATMOT,6647
82,2024-05-08 10:36:00,993.25,NSE,993.45,992.25,992.75,TATMOT,10280
83,2024-05-08 10:37:00,992.45,NSE,993.65,992.25,993.25,TATMOT,12719
84,2024-05-08 10:38:00,993.25,NSE,993.25,992.5,992.65,TATMOT,3630
85,2024-05-08 10:39:00,992.7,NSE,993.25,992.45,993.25,TATMOT,5278
86,2024-05-08 10:40:00,992.6,NSE,993.35,992.5,992.8,TATMOT,7327
87,2024-05-08 10:41:00,991.6,NSE,992.9,991.15,992.75,TATMOT,19356
88,2024-05-08 10:42:00,991.2,NSE,991.9,991.2,991.35,TATMOT,9210
89,2024-05-08 10:43:00,991.6,NSE,991.75,991.2,991.45,TATMOT,5352
90,2024-05-08 10:44:00,991.55,NSE,992.0,991.4,991.6,TATMOT,3854
91,2024-05-08 10:45:00,992.5,NSE,992.85,991.5,991.5,TATMOT,4074
92,2024-05-08 10:46:00,992.5,NSE,992.6,991.8,992.3,TATMOT,25225
93,2024-05-08 10:47:00,992.0,NSE,992.5,991.65,992.05,TATMOT,14064
94,2024-05-08 10:48:00,993.5,NSE,994.0,992.0,992.0,TATMOT,32374
95,2024-05-08 10:49:00,994.0,NSE,994.5,993.5,993.85,TATMOT,18209
96,2024-05-08 10:50:00,993.4,NSE,994.4,993.05,994.0,TATMOT,15587
97,2024-05-08 10:51:00,992.4,NSE,993.5,992.0,993.35,TATMOT,14580
98,2024-05-08 10:52:00,992.2,NSE,992.8,991.8,991.8,TATMOT,12639
99,2024-05-08 10:53:00,992.25,NSE,992.7,992.1,992.2,TATMOT,3753
100,2024-05-08 10:54:00,991.5,NSE,992.75,991.5,992.25,TATMOT,10006
101,2024-05-08 10:55:00,992.05,NSE,992.05,991.45,991.65,TATMOT,5276
102,2024-05-08 10:56:00,993.4,NSE,993.5,991.85,991.85,TATMOT,16768
103,2024-05-08 10:57:00,993.35,NSE,993.9,993.1,993.4,TATMOT,10231
104,2024-05-08 10:58:00,993.45,NSE,993.85,993.1,993.55,TATMOT,7574
105,2024-05-08 10:59:00,993.3,NSE,993.7,992.5,993.5,TATMOT,7088
106,2024-05-08 11:00:00,992.85,NSE,993.35,992.75,993.3,TATMOT,5279
107,2024-05-08 11:01:00,992.9,NSE,993.6,992.65,992.95,TATMOT,5435
108,2024-05-08 11:02:00,993.15,NSE,993.35,992.8,993.35,TATMOT,3149
109,2024-05-08 11:03:00,993.5,NSE,993.5,992.8,993.15,TATMOT,5361
110,2024-05-08 11:04:00,994.0,NSE,994.0,993.4,993.5,TATMOT,7652
111,2024-05-08 11:05:00,994.2,NSE,995.0,994.05,994.2,TATMOT,35207
112,2024-05-08 11:06:00,994.5,NSE,994.85,994.0,994.25,TATMOT,17200
113,2024-05-08 11:07:00,995.15,NSE,995.9,994.5,994.7,TATMOT,69783
114,2024-05-08 11:08:00,994.6,NSE,995.1,994.2,995.1,TATMOT,15871
115,2024-05-08 11:09:00,995.25,NSE,995.3,994.55,994.6,TATMOT,9442
116,2024-05-08 11:10:00,994.45,NSE,995.25,994.45,995.1,TATMOT,15389
117,2024-05-08 11:11:00,994.45,NSE,995.0,994.0,994.15,TATMOT,4459
118,2024-05-08 11:12:00,994.75,NSE,995.2,994.45,994.45,TATMOT,4309
119,2024-05-08 11:13:00,995.0,NSE,995.0,994.4,995.0,TATMOT,4142
120,2024-05-08 11:14:00,995.35,NSE,995.55,995.0,995.0,TATMOT,8174
121,2024-05-08 11:15:00,995.5,NSE,995.75,995.2,995.55,TATMOT,3696
122,2024-05-08 11:16:00,996.4,NSE,996.7,995.5,995.65,TATMOT,19790
123,2024-05-08 11:17:00,996.5,NSE,996.75,996.0,996.6,TATMOT,6262
124,2024-05-08 11:18:00,997.3,NSE,997.5,996.1,996.5,TATMOT,19670
125,2024-05-08 11:19:00,998.1,NSE,998.5,997.35,997.4,TATMOT,27691
126,2024-05-08 11:20:00,998.0,NSE,998.45,997.6,998.45,TATMOT,12064
127,2024-05-08 11:21:00,998.0,NSE,998.45,997.9,998.0,TATMOT,13208
128,2024-05-08 11:22:00,996.85,NSE,998.2,996.6,998.0,TATMOT,22294
129,2024-05-08 11:23:00,997.3,NSE,997.3,996.45,996.85,TATMOT,11515
130,2024-05-08 11:24:00,997.7,NSE,997.7,997.1,997.25,TATMOT,5303
131,2024-05-08 11:25:00,996.5,NSE,997.7,996.5,997.4,TATMOT,6619
132,2024-05-08 11:26:00,995.85,NSE,996.9,995.85,996.9,TATMOT,8899
133,2024-05-08 11:27:00,996.8,NSE,996.85,996.1,996.2,TATMOT,6048
134,2024-05-08 11:28:00,997.0,NSE,997.2,996.55,996.75,TATMOT,6128
135,2024-05-08 11:29:00,997.15,NSE,997.65,997.0,997.0,TATMOT,6048
136,2024-05-08 11:30:00,997.45,NSE,997.7,997.0,997.35,TATMOT,7412
137,2024-05-08 11:31:00,997.3,NSE,997.75,997.2,997.35,TATMOT,2324
138,2024-05-08 11:32:00,997.4,NSE,997.55,997.2,997.45,TATMOT,3734
139,2024-05-08 11:33:00,996.95,NSE,997.5,996.85,997.35,TATMOT,5362
140,2024-05-08 11:34:00,996.85,NSE,997.0,996.5,997.0,TATMOT,5836
141,2024-05-08 11:35:00,996.85,NSE,997.25,996.5,996.85,TATMOT,7802
142,2024-05-08 11:36:00,996.6,NSE,997.0,996.5,996.75,TATMOT,7013
143,2024-05-08 11:37:00,997.8,NSE,997.85,996.6,996.6,TATMOT,14708
144,2024-05-08 11:38:00,997.2,NSE,997.8,997.15,997.7,TATMOT,4474
145,2024-05-08 11:39:00,997.4,NSE,997.55,997.05,997.2,TATMOT,8117
146,2024-05-08 11:40:00,996.95,NSE,997.45,996.95,997.3,TATMOT,6237
147,2024-05-08 11:41:00,998.4,NSE,999.0,996.9,997.25,TATMOT,32634
148,2024-05-08 11:42:00,998.45,NSE,998.8,998.1,998.2,TATMOT,11327
149,2024-05-08 11:43:00,998.95,NSE,999.0,998.2,998.45,TATMOT,8149
150,2024-05-08 11:44:00,999.4,NSE,999.4,998.5,998.65,TATMOT,30652
151,2024-05-08 11:45:00,999.45,NSE,999.45,999.05,999.4,TATMOT,9056
152,2024-05-08 11:46:00,999.4,NSE,999.45,999.05,999.2,TATMOT,7101
153,2024-05-08 11:47:00,1000.35,NSE,1000.45,999.2,999.3,TATMOT,45187
154,2024-05-08 11:48:00,1000.3,NSE,1000.95,1000.15,1000.25,TATMOT,15246
155,2024-05-08 11:49:00,1000.8,NSE,1000.95,1000.45,1000.45,TATMOT,6045
156,2024-05-08 11:50:00,1001.0,NSE,1001.0,1000.5,1000.7,TATMOT,13655
157,2024-05-08 11:51:00,1000.55,NSE,1001.4,1000.55,1001.0,TATMOT,14508
158,2024-05-08 11:52:00,1000.0,NSE,1000.75,1000.0,1000.55,TATMOT,21266
159,2024-05-08 11:53:00,999.1,NSE,1000.1,999.0,1000.0,TATMOT,10592
160,2024-05-08 11:54:00,1000.15,NSE,1000.15,998.65,999.1,TATMOT,26849
161,2024-05-08 11:55:00,1000.4,NSE,1000.75,1000.0,1000.15,TATMOT,19987
162,2024-05-08 11:56:00,1000.0,NSE,1000.8,1000.0,1000.4,TATMOT,22660
163,2024-05-08 11:57:00,999.8,NSE,1000.3,999.7,1000.0,TATMOT,32256
164,2024-05-08 11:58:00,999.95,NSE,1000.25,999.65,1000.0,TATMOT,13404
165,2024-05-08 11:59:00,1000.0,NSE,1000.15,999.65,999.85,TATMOT,15798
166,2024-05-08 12:00:00,999.65,NSE,1000.1,999.65,999.9,TATMOT,10861
167,2024-05-08 12:01:00,999.7,NSE,1000.1,999.7,1000.0,TATMOT,14360
168,2024-05-08 12:02:00,999.8,NSE,1000.2,999.65,999.7,TATMOT,4774
169,2024-05-08 12:03:00,1000.4,NSE,1000.5,999.8,999.8,TATMOT,15925
170,2024-05-08 12:04:00,1000.3,NSE,1000.5,999.75,1000.25,TATMOT,9608
171,2024-05-08 12:05:00,1001.2,NSE,1001.25,1000.5,1000.55,TATMOT,18275
172,2024-05-08 12:06:00,1004.0,NSE,1004.0,1000.85,1001.15,TATMOT,50808
173,2024-05-08 12:07:00,1003.8,NSE,1004.0,1003.0,1004.0,TATMOT,12341
174,2024-05-08 12:08:00,1004.65,NSE,1004.65,1003.6,1004.0,TATMOT,28992
175,2024-05-08 12:09:00,1004.45,NSE,1005.0,1003.75,1004.5,TATMOT,55221
176,2024-05-08 12:10:00,1004.95,NSE,1005.0,1004.1,1004.45,TATMOT,58822
177,2024-05-08 12:11:00,1006.3,NSE,1006.45,1005.0,1005.0,TATMOT,46883
178,2024-05-08 12:12:00,1007.5,NSE,1007.5,1006.0,1006.25,TATMOT,30202
179,2024-05-08 12:13:00,1006.5,NSE,1007.95,1006.4,1007.5,TATMOT,39902
180,2024-05-08 12:14:00,1006.35,NSE,1006.95,1006.15,1006.5,TATMOT,14034
181,2024-05-08 12:15:00,1007.2,NSE,1007.2,1006.25,1006.85,TATMOT,53954
182,2024-05-08 12:16:00,1006.55,NSE,1007.9,1006.55,1007.2,TATMOT,85897
183,2024-05-08 12:17:00,1006.6,NSE,1006.95,1006.15,1006.75,TATMOT,6684
184,2024-05-08 12:18:00,1006.4,NSE,1006.9,1006.15,1006.6,TATMOT,9186
185,2024-05-08 12:19:00,1009.4,NSE,1009.4,1005.85,1006.3,TATMOT,56524
186,2024-05-08 12:20:00,1009.75,NSE,1010.0,1008.95,1009.45,TATMOT,60499
187,2024-05-08 12:21:00,1011.25,NSE,1012.35,1009.9,1009.9,TATMOT,91771
188,2024-05-08 12:22:00,1010.1,NSE,1011.4,1010.1,1011.0,TATMOT,34011
189,2024-05-08 12:23:00,1011.25,NSE,1011.8,1010.45,1010.5,TATMOT,19335
190,2024-05-08 12:24:00,1010.95,NSE,1011.8,1010.6,1011.3,TATMOT,24538
191,2024-05-08 12:25:00,1011.35,NSE,1011.8,1010.55,1011.0,TATMOT,27502
192,2024-05-08 12:26:00,1011.5,NSE,1011.5,1011.0,1011.5,TATMOT,15662
193,2024-05-08 12:27:00,1011.65,NSE,1012.4,1011.05,1011.5,TATMOT,36801
194,2024-05-08 12:28:00,1010.0,NSE,1011.6,1009.75,1011.55,TATMOT,34507
195,2024-05-08 12:29:00,1013.2,NSE,1013.35,1009.5,1010.0,TATMOT,61007
196,2024-05-08 12:30:00,1014.9,NSE,1015.0,1013.0,1013.0,TATMOT,56630
197,2024-05-08 12:31:00,1013.0,NSE,1015.0,1013.0,1014.65,TATMOT,57539
198,2024-05-08 12:32:00,1011.3,NSE,1013.15,1011.1,1013.0,TATMOT,27513
199,2024-05-08 12:33:00,1010.3,NSE,1011.8,1010.15,1011.55,TATMOT,21029
200,2024-05-08 12:34:00,1009.85,NSE,1010.9,1009.3,1010.55,TATMOT,26378
201,2024-05-08 12:35:00,1009.55,NSE,1010.5,1009.5,1009.6,TATMOT,29729
202,2024-05-08 12:36:00,1009.7,NSE,1010.05,1009.5,1009.55,TATMOT,7509
203,2024-05-08 12:37:00,1009.8,NSE,1010.0,1009.5,1009.7,TATMOT,12780
204,2024-05-08 12:38:00,1009.7,NSE,1010.0,1009.7,1009.8,TATMOT,8176
205,2024-05-08 12:39:00,1008.35,NSE,1009.95,1008.1,1009.5,TATMOT,34287
206,2024-05-08 12:40:00,1007.6,NSE,1008.5,1007.45,1008.5,TATMOT,19021
207,2024-05-08 12:41:00,1008.45,NSE,1008.5,1007.65,1007.7,TATMOT,13748
208,2024-05-08 12:42:00,1009.0,NSE,1009.45,1008.2,1008.45,TATMOT,9541
209,2024-05-08 12:43:00,1010.8,NSE,1010.8,1009.0,1009.4,TATMOT,19927
210,2024-05-08 12:44:00,1009.65,NSE,1011.2,1009.55,1010.55,TATMOT,35697
211,2024-05-08 12:45:00,1009.95,NSE,1010.45,1008.7,1009.5,TATMOT,12560
212,2024-05-08 12:46:00,1010.45,NSE,1011.0,1009.7,1009.95,TATMOT,11377
213,2024-05-08 12:47:00,1010.7,NSE,1010.85,1010.15,1010.7,TATMOT,4330
214,2024-05-08 12:48:00,1011.0,NSE,1011.35,1010.35,1010.7,TATMOT,15287
215,2024-05-08 12:49:00,1011.5,NSE,1011.5,1011.0,1011.4,TATMOT,6458
216,2024-05-08 12:50:00,1011.5,NSE,1011.8,1011.1,1011.15,TATMOT,8122
217,2024-05-08 12:51:00,1011.8,NSE,1012.0,1011.4,1011.5,TATMOT,12831
218,2024-05-08 12:52:00,1011.5,NSE,1012.0,1011.15,1011.8,TATMOT,13641
219,2024-05-08 12:53:00,1011.0,NSE,1011.5,1011.0,1011.2,TATMOT,5196
220,2024-05-08 12:54:00,1010.25,NSE,1011.45,1010.1,1011.05,TATMOT,9196
221,2024-05-08 12:55:00,1010.05,NSE,1010.8,1010.05,1010.3,TATMOT,5455
222,2024-05-08 12:56:00,1009.35,NSE,1010.4,1009.0,1010.05,TATMOT,9555
223,2024-05-08 12:57:00,1009.4,NSE,1009.85,1008.65,1009.0,TATMOT,13638
224,2024-05-08 12:58:00,1009.5,NSE,1009.85,1009.15,1009.65,TATMOT,4749
225,2024-05-08 12:59:00,1009.5,NSE,1009.85,1009.2,1009.5,TATMOT,4417
226,2024-05-08 13:00:00,1010.5,NSE,1010.5,1009.5,1009.5,TATMOT,6973
227,2024-05-08 13:01:00,1010.5,NSE,1010.7,1010.1,1010.5,TATMOT,7953
228,2024-05-08 13:02:00,1009.6,NSE,1010.5,1009.6,1010.5,TATMOT,4740
229,2024-05-08 13:03:00,1009.1,NSE,1009.85,1009.0,1009.75,TATMOT,5335
230,2024-05-08 13:04:00,1008.65,NSE,1009.35,1008.5,1009.1,TATMOT,5368
231,2024-05-08 13:05:00,1008.6,NSE,1009.0,1008.5,1008.65,TATMOT,4052
232,2024-05-08 13:06:00,1009.55,NSE,1009.95,1008.6,1008.6,TATMOT,7141
233,2024-05-08 13:07:00,1009.95,NSE,1010.0,1009.4,1009.95,TATMOT,8283
234,2024-05-08 13:08:00,1009.45,NSE,1009.95,1009.4,1009.55,TATMOT,8157
235,2024-05-08 13:09:00,1010.8,NSE,1010.8,1009.6,1009.7,TATMOT,9676
236,2024-05-08 13:10:00,1011.2,NSE,1011.2,1010.5,1010.8,TATMOT,11892
237,2024-05-08 13:11:00,1010.9,NSE,1011.2,1010.55,1011.2,TATMOT,9191
238,2024-05-08 13:12:00,1010.05,NSE,1011.0,1010.05,1010.95,TATMOT,4276
239,2024-05-08 13:13:00,1009.75,NSE,1010.0,1009.3,1010.0,TATMOT,7843
240,2024-05-08 13:14:00,1009.8,NSE,1010.25,1009.55,1009.75,TATMOT,4484
241,2024-05-08 13:15:00,1010.95,NSE,1010.95,1009.7,1009.8,TATMOT,4653
242,2024-05-08 13:16:00,1011.05,NSE,1011.25,1010.55,1010.85,TATMOT,7267
243,2024-05-08 13:17:00,1011.65,NSE,1011.95,1011.05,1011.05,TATMOT,10123
244,2024-05-08 13:18:00,1011.95,NSE,1012.1,1011.35,1011.35,TATMOT,18189
245,2024-05-08 13:19:00,1012.25,NSE,1012.25,1011.6,1011.8,TATMOT,19597
246,2024-05-08 13:20:00,1012.9,NSE,1013.0,1012.2,1012.5,TATMOT,11398
247,2024-05-08 13:21:00,1011.8,NSE,1012.9,1011.65,1012.8,TATMOT,15896
248,2024-05-08 13:22:00,1011.4,NSE,1012.0,1011.25,1011.8,TATMOT,8106
249,2024-05-08 13:23:00,1011.85,NSE,1011.9,1011.3,1011.5,TATMOT,3661
250,2024-05-08 13:24:00,1013.4,NSE,1013.65,1011.7,1011.85,TATMOT,78336
251,2024-05-08 13:25:00,1013.2,NSE,1013.4,1012.85,1013.15,TATMOT,9122
252,2024-05-08 13:26:00,1012.9,NSE,1013.35,1012.9,1013.2,TATMOT,12731
253,2024-05-08 13:27:00,1013.0,NSE,1013.5,1012.85,1013.05,TATMOT,11586
254,2024-05-08 13:28:00,1013.4,NSE,1013.45,1013.0,1013.3,TATMOT,7675
255,2024-05-08 13:29:00,1012.2,NSE,1013.35,1012.0,1013.0,TATMOT,14674
256,2024-05-08 13:30:00,1012.15,NSE,1012.4,1012.0,1012.2,TATMOT,5868
257,2024-05-08 13:31:00,1012.3,NSE,1012.75,1012.0,1012.5,TATMOT,7752
258,2024-05-08 13:32:00,1011.7,NSE,1012.3,1011.25,1012.3,TATMOT,13537
259,2024-05-08 13:33:00,1011.75,NSE,1012.0,1011.3,1011.7,TATMOT,8308
260,2024-05-08 13:34:00,1011.55,NSE,1012.05,1011.3,1011.9,TATMOT,6271
261,2024-05-08 13:35:00,1011.25,NSE,1011.85,1011.0,1011.3,TATMOT,11267
262,2024-05-08 13:36:00,1008.95,NSE,1011.2,1008.6,1011.0,TATMOT,21302
263,2024-05-08 13:37:00,1010.15,NSE,1010.35,1008.5,1008.85,TATMOT,15932
264,2024-05-08 13:38:00,1009.85,NSE,1010.4,1009.7,1010.15,TATMOT,7508
265,2024-05-08 13:39:00,1009.15,NSE,1009.9,1009.15,1009.75,TATMOT,4851
266,2024-05-08 13:40:00,1010.45,NSE,1010.5,1009.0,1009.05,TATMOT,8777
267,2024-05-08 13:41:00,1010.5,NSE,1010.75,1009.9,1010.5,TATMOT,7422
268,2024-05-08 13:42:00,1009.9,NSE,1010.9,1009.55,1010.65,TATMOT,5173
269,2024-05-08 13:43:00,1011.2,NSE,1011.2,1009.75,1010.1,TATMOT,12432
270,2024-05-08 13:44:00,1010.8,NSE,1011.95,1010.15,1010.7,TATMOT,4792
271,2024-05-08 13:45:00,1010.05,NSE,1010.9,1010.0,1010.75,TATMOT,5076
272,2024-05-08 13:46:00,1010.45,NSE,1010.95,1009.75,1010.05,TATMOT,9880
273,2024-05-08 13:47:00,1009.1,NSE,1010.4,1009.1,1010.05,TATMOT,6539
274,2024-05-08 13:48:00,1006.8,NSE,1009.4,1006.8,1009.1,TATMOT,38958
275,2024-05-08 13:49:00,1007.15,NSE,1007.55,1006.1,1007.2,TATMOT,21909
276,2024-05-08 13:50:00,1006.2,NSE,1007.15,1006.1,1007.15,TATMOT,17433
277,2024-05-08 13:51:00,1007.6,NSE,1008.0,1006.25,1006.25,TATMOT,29029
278,2024-05-08 13:52:00,1008.6,NSE,1008.6,1007.6,1007.6,TATMOT,10921
279,2024-05-08 13:53:00,1008.05,NSE,1008.6,1007.6,1008.6,TATMOT,6966
280,2024-05-08 13:54:00,1008.3,NSE,1009.0,1008.0,1008.05,TATMOT,10310
281,2024-05-08 13:55:00,1010.0,NSE,1010.5,1008.1,1008.35,TATMOT,14011
282,2024-05-08 13:56:00,1011.0,NSE,1011.6,1009.85,1010.0,TATMOT,22718
283,2024-05-08 13:57:00,1010.65,NSE,1011.55,1010.5,1011.5,TATMOT,12072
284,2024-05-08 13:58:00,1010.5,NSE,1010.95,1010.1,1010.95,TATMOT,6446
285,2024-05-08 13:59:00,1010.0,NSE,1010.7,1009.65,1010.5,TATMOT,7936
286,2024-05-08 14:00:00,1011.3,NSE,1011.3,1009.8,1010.0,TATMOT,11476
287,2024-05-08 14:01:00,1011.75,NSE,1012.0,1011.0,1011.3,TATMOT,20298
288,2024-05-08 14:02:00,1011.8,NSE,1011.8,1010.65,1011.75,TATMOT,8075
289,2024-05-08 14:03:00,1011.25,NSE,1011.7,1011.0,1011.3,TATMOT,15672
290,2024-05-08 14:04:00,1011.2,NSE,1011.9,1011.0,1011.1,TATMOT,32084
291,2024-05-08 14:05:00,1009.65,NSE,1011.55,1009.65,1011.2,TATMOT,22397
292,2024-05-08 14:06:00,1009.85,NSE,1010.55,1009.15,1009.6,TATMOT,23966
293,2024-05-08 14:07:00,1010.4,NSE,1010.6,1009.8,1010.0,TATMOT,13181
294,2024-05-08 14:08:00,1009.75,NSE,1010.4,1009.3,1010.4,TATMOT,9427
295,2024-05-08 14:09:00,1009.6,NSE,1010.15,1009.2,1009.5,TATMOT,6245
296,2024-05-08 14:10:00,1009.15,NSE,1009.95,1008.55,1009.6,TATMOT,19049
297,2024-05-08 14:11:00,1009.3,NSE,1009.65,1009.05,1009.55,TATMOT,5249
298,2024-05-08 14:12:00,1009.6,NSE,1009.8,1009.05,1009.3,TATMOT,8211
299,2024-05-08 14:13:00,1008.8,NSE,1009.6,1008.8,1009.55,TATMOT,5923
300,2024-05-08 14:14:00,1008.0,NSE,1009.35,1008.0,1008.8,TATMOT,13572
301,2024-05-08 14:15:00,1008.0,NSE,1008.35,1008.0,1008.05,TATMOT,8744
302,2024-05-08 14:16:00,1007.7,NSE,1008.3,1007.5,1008.3,TATMOT,9439
303,2024-05-08 14:17:00,1007.5,NSE,1008.45,1007.35,1008.0,TATMOT,11521
304,2024-05-08 14:18:00,1006.4,NSE,1007.9,1006.4,1007.5,TATMOT,15002
305,2024-05-08 14:19:00,1006.7,NSE,1008.0,1006.4,1006.4,TATMOT,12959
306,2024-05-08 14:20:00,1006.5,NSE,1007.0,1006.2,1006.7,TATMOT,18152
307,2024-05-08 14:21:00,1005.55,NSE,1006.9,1005.3,1006.3,TATMOT,24656
308,2024-05-08 14:22:00,1005.4,NSE,1005.95,1005.2,1005.45,TATMOT,20186
309,2024-05-08 14:23:00,1005.5,NSE,1006.0,1005.2,1005.4,TATMOT,13138
310,2024-05-08 14:24:00,1006.25,NSE,1006.4,1005.45,1005.65,TATMOT,9029
311,2024-05-08 14:25:00,1005.1,NSE,1006.45,1005.0,1005.95,TATMOT,15434
312,2024-05-08 14:26:00,1007.35,NSE,1007.45,1005.2,1005.25,TATMOT,15030
313,2024-05-08 14:27:00,1007.0,NSE,1007.8,1006.95,1006.95,TATMOT,8651
314,2024-05-08 14:28:00,1006.85,NSE,1007.8,1006.3,1007.0,TATMOT,12190
315,2024-05-08 14:29:00,1007.2,NSE,1007.4,1006.85,1007.0,TATMOT,3209
316,2024-05-08 14:30:00,1007.35,NSE,1007.35,1006.85,1007.2,TATMOT,6223
317,2024-05-08 14:31:00,1007.65,NSE,1007.7,1006.8,1007.7,TATMOT,13461
318,2024-05-08 14:32:00,1007.65,NSE,1007.7,1007.2,1007.65,TATMOT,5707
319,2024-05-08 14:33:00,1008.6,NSE,1008.7,1007.7,1007.9,TATMOT,15229
320,2024-05-08 14:34:00,1007.5,NSE,1008.55,1007.5,1008.5,TATMOT,8892
321,2024-05-08 14:35:00,1008.5,NSE,1008.5,1007.5,1007.5,TATMOT,9065
322,2024-05-08 14:36:00,1008.75,NSE,1009.35,1008.2,1008.5,TATMOT,7235
323,2024-05-08 14:37:00,1007.6,NSE,1008.95,1007.5,1008.75,TATMOT,8105
324,2024-05-08 14:38:00,1007.0,NSE,1008.0,1006.8,1007.7,TATMOT,15912
325,2024-05-08 14:39:00,1005.9,NSE,1007.0,1005.55,1007.0,TATMOT,14702
326,2024-05-08 14:40:00,1006.1,NSE,1006.85,1005.75,1005.9,TATMOT,9169
327,2024-05-08 14:41:00,1006.7,NSE,1006.95,1006.1,1006.4,TATMOT,4152
328,2024-05-08 14:42:00,1006.6,NSE,1006.7,1006.0,1006.7,TATMOT,3626
329,2024-05-08 14:43:00,1007.9,NSE,1008.0,1006.8,1006.9,TATMOT,22703
330,2024-05-08 14:44:00,1008.6,NSE,1008.9,1007.75,1007.95,TATMOT,19681
331,2024-05-08 14:45:00,1008.2,NSE,1008.8,1007.7,1008.65,TATMOT,11617
332,2024-05-08 14:46:00,1007.55,NSE,1008.6,1007.55,1008.6,TATMOT,11137
333,2024-05-08 14:47:00,1007.4,NSE,1007.95,1007.2,1007.95,TATMOT,11340
334,2024-05-08 14:48:00,1008.1,NSE,1008.3,1007.05,1007.7,TATMOT,5400
335,2024-05-08 14:49:00,1009.7,NSE,1009.7,1008.15,1008.15,TATMOT,19202
336,2024-05-08 14:50:00,1009.05,NSE,1009.65,1008.65,1009.5,TATMOT,10485
337,2024-05-08 14:51:00,1009.5,NSE,1009.6,1009.0,1009.35,TATMOT,9435
338,2024-05-08 14:52:00,1009.0,NSE,1009.5,1009.0,1009.2,TATMOT,5355
339,2024-05-08 14:53:00,1009.0,NSE,1009.4,1008.5,1009.3,TATMOT,7205
340,2024-05-08 14:54:00,1009.6,NSE,1009.6,1008.8,1008.8,TATMOT,11075
341,2024-05-08 14:55:00,1009.55,NSE,1009.7,1009.05,1009.6,TATMOT,6027
342,2024-05-08 14:56:00,1009.5,NSE,1009.7,1009.2,1009.7,TATMOT,7953
343,2024-05-08 14:57:00,1009.9,NSE,1010.5,1009.2,1009.5,TATMOT,28062
344,2024-05-08 14:58:00,1008.95,NSE,1010.05,1008.45,1009.9,TATMOT,13835
345,2024-05-08 14:59:00,1010.8,NSE,1010.8,1008.55,1008.55,TATMOT,14287
346,2024-05-08 15:00:00,1012.05,NSE,1012.2,1010.45,1010.45,TATMOT,81130
347,2024-05-08 15:01:00,1012.05,NSE,1013.6,1012.0,1012.4,TATMOT,54254
348,2024-05-08 15:02:00,1011.05,NSE,1012.05,1010.85,1011.7,TATMOT,24172
349,2024-05-08 15:03:00,1011.8,NSE,1012.0,1010.95,1011.05,TATMOT,17848
350,2024-05-08 15:04:00,1011.7,NSE,1012.0,1011.3,1012.0,TATMOT,24279
351,2024-05-08 15:05:00,1011.2,NSE,1011.7,1011.1,1011.5,TATMOT,19759
352,2024-05-08 15:06:00,1010.3,NSE,1011.3,1010.0,1011.3,TATMOT,25139
353,2024-05-08 15:07:00,1010.95,NSE,1011.0,1010.0,1010.15,TATMOT,14488
354,2024-05-08 15:08:00,1011.65,NSE,1011.95,1011.05,1011.05,TATMOT,31619
355,2024-05-08 15:09:00,1011.45,NSE,1011.65,1010.9,1011.65,TATMOT,26149
356,2024-05-08 15:10:00,1011.15,NSE,1011.8,1011.1,1011.45,TATMOT,35603
357,2024-05-08 15:11:00,1011.8,NSE,1011.9,1010.85,1011.15,TATMOT,20453
358,2024-05-08 15:12:00,1011.9,NSE,1011.9,1011.2,1011.75,TATMOT,23284
359,2024-05-08 15:13:00,1011.7,NSE,1011.85,1011.45,1011.85,TATMOT,21212
360,2024-05-08 15:14:00,1012.2,NSE,1012.2,1011.6,1011.7,TATMOT,33814
361,2024-05-08 15:15:00,1012.4,NSE,1012.4,1011.9,1012.2,TATMOT,23204
362,2024-05-08 15:16:00,1012.8,NSE,1012.8,1012.3,1012.35,TATMOT,39003
363,2024-05-08 15:17:00,1012.7,NSE,1013.0,1012.0,1012.9,TATMOT,43441
364,2024-05-08 15:18:00,1012.65,NSE,1012.95,1012.2,1012.7,TATMOT,44534
365,2024-05-08 15:19:00,1012.6,NSE,1012.75,1012.55,1012.65,TATMOT,27748
366,2024-05-08 15:20:00,1011.7,NSE,1012.65,1011.3,1012.5,TATMOT,55447
367,2024-05-08 15:21:00,1011.3,NSE,1011.9,1011.15,1011.7,TATMOT,21926
368,2024-05-08 15:22:00,1012.0,NSE,1012.0,1011.25,1011.25,TATMOT,26739
369,2024-05-08 15:23:00,1012.45,NSE,1012.45,1011.95,1012.0,TATMOT,45098
370,2024-05-08 15:24:00,1012.3,NSE,1012.45,1012.3,1012.35,TATMOT,29347
371,2024-05-08 15:25:00,1012.15,NSE,1012.3,1011.95,1012.3,TATMOT,29882
372,2024-05-08 15:26:00,1012.3,NSE,1012.4,1011.95,1012.15,TATMOT,35371
373,2024-05-08 15:27:00,1013.2,NSE,1013.3,1012.3,1012.3,TATMOT,68667
374,2024-05-08 15:28:00,1013.9,NSE,1014.0,1013.15,1013.45,TATMOT,29167
375,2024-05-08 15:29:00,1012.4,NSE,1014.0,1012.4,1013.9,TATMOT,42899
