,close,datetime,exchange_code,expiry_date,high,low,open,open_interest,product_type,right,stock_code,strike_price,volume
0,319.8,2023-08-03 09:15:00,NFO,24-AUG-2023,319.8,319.8,319.8,0,Options,Put,NIFTY,19800.0,0
1,319.8,2023-08-03 09:16:00,NFO,24-AUG-2023,319.8,319.8,319.8,0,Options,Put,NIFTY,19800.0,0
2,319.8,2023-08-03 09:17:00,NFO,24-AUG-2023,319.8,319.8,319.8,0,Options,Put,NIFTY,19800.0,0
3,319.8,2023-08-03 09:18:00,NFO,24-AUG-2023,319.8,319.8,319.8,0,Options,Put,NIFTY,19800.0,0
4,319.8,2023-08-03 09:19:00,NFO,24-AUG-2023,319.8,319.8,319.8,0,Options,Put,NIFTY,19800.0,0
5,319.8,2023-08-03 09:20:00,NFO,24-AUG-2023,319.8,319.8,319.8,0,Options,Put,NIFTY,19800.0,0
6,319.8,2023-08-03 09:21:00,NFO,24-AUG-2023,319.8,319.8,319.8,0,Options,Put,NIFTY,19800.0,0
7,319.8,2023-08-03 09:22:00,NFO,24-AUG-2023,319.8,319.8,319.8,0,Options,Put,NIFTY,19800.0,0
8,319.8,2023-08-03 09:23:00,NFO,24-AUG-2023,319.8,319.8,319.8,0,Options,Put,NIFTY,19800.0,0
9,319.8,2023-08-03 09:24:00,NFO,24-AUG-2023,319.8,319.8,319.8,0,Options,Put,NIFTY,19800.0,0
10,319.8,2023-08-03 09:25:00,NFO,24-AUG-2023,319.8,319.8,319.8,0,Options,Put,NIFTY,19800.0,0
11,319.8,2023-08-03 09:26:00,NFO,24-AUG-2023,319.8,319.8,319.8,0,Options,Put,NIFTY,19800.0,0
12,319.8,2023-08-03 09:27:00,NFO,24-AUG-2023,319.8,319.8,319.8,0,Options,Put,NIFTY,19800.0,0
13,319.8,2023-08-03 09:28:00,NFO,24-AUG-2023,319.8,319.8,319.8,0,Options,Put,NIFTY,19800.0,0
14,319.8,2023-08-03 09:29:00,NFO,24-AUG-2023,319.8,319.8,319.8,0,Options,Put,NIFTY,19800.0,0
15,319.8,2023-08-03 09:30:00,NFO,24-AUG-2023,319.8,319.8,319.8,0,Options,Put,NIFTY,19800.0,0
16,319.8,2023-08-03 09:31:00,NFO,24-AUG-2023,319.8,319.8,319.8,0,Options,Put,NIFTY,19800.0,0
17,319.8,2023-08-03 09:32:00,NFO,24-AUG-2023,319.8,319.8,319.8,0,Options,Put,NIFTY,19800.0,0
18,322.85,2023-08-03 09:33:00,NFO,24-AUG-2023,322.85,319.8,319.8,6150,Options,Put,NIFTY,19800.0,200
19,322.85,2023-08-03 09:34:00,NFO,24-AUG-2023,322.85,322.85,322.85,6150,Options,Put,NIFTY,19800.0,0
20,350.0,2023-08-03 09:35:00,NFO,24-AUG-2023,350.0,333.85,333.85,6150,Options,Put,NIFTY,19800.0,300
21,350.0,2023-08-03 09:36:00,NFO,24-AUG-2023,350.0,350.0,350.0,6150,Options,Put,NIFTY,19800.0,0
22,340.25,2023-08-03 09:37:00,NFO,24-AUG-2023,350.0,340.25,350.0,6150,Options,Put,NIFTY,19800.0,0
23,340.25,2023-08-03 09:38:00,NFO,24-AUG-2023,340.25,340.25,340.25,6150,Options,Put,NIFTY,19800.0,50
24,340.25,2023-08-03 09:39:00,NFO,24-AUG-2023,340.25,340.25,340.25,6150,Options,Put,NIFTY,19800.0,0
25,340.25,2023-08-03 09:40:00,NFO,24-AUG-2023,340.25,340.25,340.25,6150,Options,Put,NIFTY,19800.0,0
26,340.25,2023-08-03 09:41:00,NFO,24-AUG-2023,340.25,340.25,340.25,6150,Options,Put,NIFTY,19800.0,0
27,340.25,2023-08-03 09:42:00,NFO,24-AUG-2023,340.25,340.25,340.25,6150,Options,Put,NIFTY,19800.0,0
28,340.25,2023-08-03 09:43:00,NFO,24-AUG-2023,340.25,340.25,340.25,6150,Options,Put,NIFTY,19800.0,0
29,340.25,2023-08-03 09:44:00,NFO,24-AUG-2023,340.25,340.25,340.25,6150,Options,Put,NIFTY,19800.0,0
30,340.25,2023-08-03 09:45:00,NFO,24-AUG-2023,340.25,340.25,340.25,6150,Options,Put,NIFTY,19800.0,0
31,344.55,2023-08-03 09:46:00,NFO,24-AUG-2023,344.55,340.25,340.25,6150,Options,Put,NIFTY,19800.0,50
32,344.55,2023-08-03 09:47:00,NFO,24-AUG-2023,344.55,344.55,344.55,6150,Options,Put,NIFTY,19800.0,0
33,344.55,2023-08-03 09:48:00,NFO,24-AUG-2023,344.55,344.55,344.55,6150,Options,Put,NIFTY,19800.0,0
34,324.35,2023-08-03 09:49:00,NFO,24-AUG-2023,344.55,324.35,344.55,6100,Options,Put,NIFTY,19800.0,200
35,325.35,2023-08-03 09:50:00,NFO,24-AUG-2023,325.35,324.35,324.35,6100,Options,Put,NIFTY,19800.0,50
36,323.0,2023-08-03 09:51:00,NFO,24-AUG-2023,325.35,323.0,325.35,6250,Options,Put,NIFTY,19800.0,50
37,323.0,2023-08-03 09:52:00,NFO,24-AUG-2023,323.0,323.0,323.0,6250,Options,Put,NIFTY,19800.0,0
38,323.0,2023-08-03 09:53:00,NFO,24-AUG-2023,323.0,323.0,323.0,6250,Options,Put,NIFTY,19800.0,0
39,323.0,2023-08-03 09:54:00,NFO,24-AUG-2023,323.0,323.0,323.0,6250,Options,Put,NIFTY,19800.0,0
40,323.0,2023-08-03 09:55:00,NFO,24-AUG-2023,323.0,323.0,323.0,6250,Options,Put,NIFTY,19800.0,0
41,323.0,2023-08-03 09:56:00,NFO,24-AUG-2023,323.0,323.0,323.0,6250,Options,Put,NIFTY,19800.0,0
42,323.0,2023-08-03 09:57:00,NFO,24-AUG-2023,323.0,323.0,323.0,6250,Options,Put,NIFTY,19800.0,0
43,323.0,2023-08-03 09:58:00,NFO,24-AUG-2023,323.0,323.0,323.0,6250,Options,Put,NIFTY,19800.0,0
44,323.0,2023-08-03 09:59:00,NFO,24-AUG-2023,323.0,323.0,323.0,6250,Options,Put,NIFTY,19800.0,0
45,323.0,2023-08-03 10:00:00,NFO,24-AUG-2023,323.0,323.0,323.0,6250,Options,Put,NIFTY,19800.0,0
46,323.0,2023-08-03 10:01:00,NFO,24-AUG-2023,323.0,323.0,323.0,6250,Options,Put,NIFTY,19800.0,0
47,323.0,2023-08-03 10:02:00,NFO,24-AUG-2023,323.0,323.0,323.0,6250,Options,Put,NIFTY,19800.0,0
48,323.0,2023-08-03 10:03:00,NFO,24-AUG-2023,323.0,323.0,323.0,6250,Options,Put,NIFTY,19800.0,0
49,323.0,2023-08-03 10:04:00,NFO,24-AUG-2023,323.0,323.0,323.0,6250,Options,Put,NIFTY,19800.0,0
50,323.0,2023-08-03 10:05:00,NFO,24-AUG-2023,323.0,323.0,323.0,6250,Options,Put,NIFTY,19800.0,0
51,323.0,2023-08-03 10:06:00,NFO,24-AUG-2023,323.0,323.0,323.0,6250,Options,Put,NIFTY,19800.0,0
52,323.0,2023-08-03 10:07:00,NFO,24-AUG-2023,323.0,323.0,323.0,6250,Options,Put,NIFTY,19800.0,0
53,323.0,2023-08-03 10:08:00,NFO,24-AUG-2023,323.0,323.0,323.0,6250,Options,Put,NIFTY,19800.0,0
54,323.0,2023-08-03 10:09:00,NFO,24-AUG-2023,323.0,323.0,323.0,6250,Options,Put,NIFTY,19800.0,0
55,323.0,2023-08-03 10:10:00,NFO,24-AUG-2023,323.0,323.0,323.0,6250,Options,Put,NIFTY,19800.0,0
56,323.0,2023-08-03 10:11:00,NFO,24-AUG-2023,323.0,323.0,323.0,6250,Options,Put,NIFTY,19800.0,0
57,323.0,2023-08-03 10:12:00,NFO,24-AUG-2023,323.0,323.0,323.0,6250,Options,Put,NIFTY,19800.0,0
58,323.0,2023-08-03 10:13:00,NFO,24-AUG-2023,323.0,323.0,323.0,6250,Options,Put,NIFTY,19800.0,0
59,323.0,2023-08-03 10:14:00,NFO,24-AUG-2023,323.0,323.0,323.0,6250,Options,Put,NIFTY,19800.0,0
60,323.0,2023-08-03 10:15:00,NFO,24-AUG-2023,323.0,323.0,323.0,6250,Options,Put,NIFTY,19800.0,0
61,323.0,2023-08-03 10:16:00,NFO,24-AUG-2023,323.0,323.0,323.0,6250,Options,Put,NIFTY,19800.0,0
62,323.0,2023-08-03 10:17:00,NFO,24-AUG-2023,323.0,323.0,323.0,6250,Options,Put,NIFTY,19800.0,0
63,323.0,2023-08-03 10:18:00,NFO,24-AUG-2023,323.0,323.0,323.0,6250,Options,Put,NIFTY,19800.0,0
64,323.0,2023-08-03 10:19:00,NFO,24-AUG-2023,323.0,323.0,323.0,6250,Options,Put,NIFTY,19800.0,0
65,323.0,2023-08-03 10:20:00,NFO,24-AUG-2023,323.0,323.0,323.0,6250,Options,Put,NIFTY,19800.0,0
66,323.0,2023-08-03 10:21:00,NFO,24-AUG-2023,323.0,323.0,323.0,6250,Options,Put,NIFTY,19800.0,0
67,323.0,2023-08-03 10:22:00,NFO,24-AUG-2023,323.0,323.0,323.0,6250,Options,Put,NIFTY,19800.0,0
68,323.0,2023-08-03 10:23:00,NFO,24-AUG-2023,323.0,323.0,323.0,6250,Options,Put,NIFTY,19800.0,0
69,323.0,2023-08-03 10:24:00,NFO,24-AUG-2023,323.0,323.0,323.0,6250,Options,Put,NIFTY,19800.0,0
70,323.0,2023-08-03 10:25:00,NFO,24-AUG-2023,323.0,323.0,323.0,6250,Options,Put,NIFTY,19800.0,0
71,323.0,2023-08-03 10:26:00,NFO,24-AUG-2023,323.0,323.0,323.0,6250,Options,Put,NIFTY,19800.0,0
72,323.0,2023-08-03 10:27:00,NFO,24-AUG-2023,323.0,323.0,323.0,6250,Options,Put,NIFTY,19800.0,0
73,323.0,2023-08-03 10:28:00,NFO,24-AUG-2023,323.0,323.0,323.0,6250,Options,Put,NIFTY,19800.0,0
74,323.0,2023-08-03 10:29:00,NFO,24-AUG-2023,323.0,323.0,323.0,6250,Options,Put,NIFTY,19800.0,0
75,323.0,2023-08-03 10:30:00,NFO,24-AUG-2023,323.0,323.0,323.0,6250,Options,Put,NIFTY,19800.0,0
76,323.0,2023-08-03 10:31:00,NFO,24-AUG-2023,323.0,323.0,323.0,6250,Options,Put,NIFTY,19800.0,0
77,323.0,2023-08-03 10:32:00,NFO,24-AUG-2023,323.0,323.0,323.0,6250,Options,Put,NIFTY,19800.0,0
78,323.0,2023-08-03 10:33:00,NFO,24-AUG-2023,323.0,323.0,323.0,6250,Options,Put,NIFTY,19800.0,0
79,323.0,2023-08-03 10:34:00,NFO,24-AUG-2023,323.0,323.0,323.0,6250,Options,Put,NIFTY,19800.0,0
80,323.0,2023-08-03 10:35:00,NFO,24-AUG-2023,323.0,323.0,323.0,6250,Options,Put,NIFTY,19800.0,0
81,323.0,2023-08-03 10:36:00,NFO,24-AUG-2023,323.0,323.0,323.0,6250,Options,Put,NIFTY,19800.0,0
82,323.0,2023-08-03 10:37:00,NFO,24-AUG-2023,323.0,323.0,323.0,6250,Options,Put,NIFTY,19800.0,0
83,323.0,2023-08-03 10:38:00,NFO,24-AUG-2023,323.0,323.0,323.0,6250,Options,Put,NIFTY,19800.0,0
84,323.0,2023-08-03 10:39:00,NFO,24-AUG-2023,323.0,323.0,323.0,6250,Options,Put,NIFTY,19800.0,0
85,323.0,2023-08-03 10:40:00,NFO,24-AUG-2023,323.0,323.0,323.0,6250,Options,Put,NIFTY,19800.0,0
86,323.0,2023-08-03 10:41:00,NFO,24-AUG-2023,323.0,323.0,323.0,6250,Options,Put,NIFTY,19800.0,0
87,323.0,2023-08-03 10:42:00,NFO,24-AUG-2023,323.0,323.0,323.0,6250,Options,Put,NIFTY,19800.0,0
88,323.0,2023-08-03 10:43:00,NFO,24-AUG-2023,323.0,323.0,323.0,6250,Options,Put,NIFTY,19800.0,0
89,323.0,2023-08-03 10:44:00,NFO,24-AUG-2023,323.0,323.0,323.0,6250,Options,Put,NIFTY,19800.0,0
90,323.0,2023-08-03 10:45:00,NFO,24-AUG-2023,323.0,323.0,323.0,6250,Options,Put,NIFTY,19800.0,0
91,323.0,2023-08-03 10:46:00,NFO,24-AUG-2023,323.0,323.0,323.0,6250,Options,Put,NIFTY,19800.0,0
92,323.0,2023-08-03 10:47:00,NFO,24-AUG-2023,323.0,323.0,323.0,6250,Options,Put,NIFTY,19800.0,0
93,323.0,2023-08-03 10:48:00,NFO,24-AUG-2023,323.0,323.0,323.0,6250,Options,Put,NIFTY,19800.0,0
94,323.0,2023-08-03 10:49:00,NFO,24-AUG-2023,323.0,323.0,323.0,6250,Options,Put,NIFTY,19800.0,0
95,323.0,2023-08-03 10:50:00,NFO,24-AUG-2023,323.0,323.0,323.0,6250,Options,Put,NIFTY,19800.0,0
96,323.0,2023-08-03 10:51:00,NFO,24-AUG-2023,323.0,323.0,323.0,6250,Options,Put,NIFTY,19800.0,0
97,323.0,2023-08-03 10:52:00,NFO,24-AUG-2023,323.0,323.0,323.0,6250,Options,Put,NIFTY,19800.0,0
98,323.0,2023-08-03 10:53:00,NFO,24-AUG-2023,323.0,323.0,323.0,6250,Options,Put,NIFTY,19800.0,0
99,323.0,2023-08-03 10:54:00,NFO,24-AUG-2023,323.0,323.0,323.0,6250,Options,Put,NIFTY,19800.0,0
100,323.0,2023-08-03 10:55:00,NFO,24-AUG-2023,323.0,323.0,323.0,6250,Options,Put,NIFTY,19800.0,0
101,323.0,2023-08-03 10:56:00,NFO,24-AUG-2023,323.0,323.0,323.0,6250,Options,Put,NIFTY,19800.0,0
102,323.0,2023-08-03 10:57:00,NFO,24-AUG-2023,323.0,323.0,323.0,6250,Options,Put,NIFTY,19800.0,0
103,323.0,2023-08-03 10:58:00,NFO,24-AUG-2023,323.0,323.0,323.0,6250,Options,Put,NIFTY,19800.0,0
104,323.0,2023-08-03 10:59:00,NFO,24-AUG-2023,323.0,323.0,323.0,6250,Options,Put,NIFTY,19800.0,0
105,323.0,2023-08-03 11:00:00,NFO,24-AUG-2023,323.0,323.0,323.0,6250,Options,Put,NIFTY,19800.0,0
106,323.0,2023-08-03 11:01:00,NFO,24-AUG-2023,323.0,323.0,323.0,6250,Options,Put,NIFTY,19800.0,0
107,333.8,2023-08-03 11:02:00,NFO,24-AUG-2023,333.8,323.0,323.0,6250,Options,Put,NIFTY,19800.0,50
108,333.8,2023-08-03 11:03:00,NFO,24-AUG-2023,333.8,333.8,333.8,6250,Options,Put,NIFTY,19800.0,0
109,333.8,2023-08-03 11:04:00,NFO,24-AUG-2023,333.8,333.8,333.8,6250,Options,Put,NIFTY,19800.0,0
110,333.8,2023-08-03 11:05:00,NFO,24-AUG-2023,333.8,333.8,333.8,6250,Options,Put,NIFTY,19800.0,0
111,333.8,2023-08-03 11:06:00,NFO,24-AUG-2023,333.8,333.8,333.8,6250,Options,Put,NIFTY,19800.0,0
112,333.8,2023-08-03 11:07:00,NFO,24-AUG-2023,333.8,333.8,333.8,6250,Options,Put,NIFTY,19800.0,0
113,333.8,2023-08-03 11:08:00,NFO,24-AUG-2023,333.8,333.8,333.8,6250,Options,Put,NIFTY,19800.0,0
114,333.8,2023-08-03 11:09:00,NFO,24-AUG-2023,333.8,333.8,333.8,6250,Options,Put,NIFTY,19800.0,0
115,333.8,2023-08-03 11:10:00,NFO,24-AUG-2023,333.8,333.8,333.8,6250,Options,Put,NIFTY,19800.0,0
116,333.8,2023-08-03 11:11:00,NFO,24-AUG-2023,333.8,333.8,333.8,6250,Options,Put,NIFTY,19800.0,0
117,333.8,2023-08-03 11:12:00,NFO,24-AUG-2023,333.8,333.8,333.8,6250,Options,Put,NIFTY,19800.0,0
118,333.8,2023-08-03 11:13:00,NFO,24-AUG-2023,333.8,333.8,333.8,6250,Options,Put,NIFTY,19800.0,0
119,333.8,2023-08-03 11:14:00,NFO,24-AUG-2023,333.8,333.8,333.8,6250,Options,Put,NIFTY,19800.0,0
120,333.8,2023-08-03 11:15:00,NFO,24-AUG-2023,333.8,333.8,333.8,6250,Options,Put,NIFTY,19800.0,0
121,333.8,2023-08-03 11:16:00,NFO,24-AUG-2023,333.8,333.8,333.8,6250,Options,Put,NIFTY,19800.0,0
122,333.8,2023-08-03 11:17:00,NFO,24-AUG-2023,333.8,333.8,333.8,6250,Options,Put,NIFTY,19800.0,0
123,333.8,2023-08-03 11:18:00,NFO,24-AUG-2023,333.8,333.8,333.8,6250,Options,Put,NIFTY,19800.0,0
124,333.8,2023-08-03 11:19:00,NFO,24-AUG-2023,333.8,333.8,333.8,6250,Options,Put,NIFTY,19800.0,0
125,333.8,2023-08-03 11:20:00,NFO,24-AUG-2023,333.8,333.8,333.8,6250,Options,Put,NIFTY,19800.0,0
126,333.8,2023-08-03 11:21:00,NFO,24-AUG-2023,333.8,333.8,333.8,6250,Options,Put,NIFTY,19800.0,0
127,333.8,2023-08-03 11:22:00,NFO,24-AUG-2023,333.8,333.8,333.8,6250,Options,Put,NIFTY,19800.0,0
128,333.8,2023-08-03 11:23:00,NFO,24-AUG-2023,333.8,333.8,333.8,6250,Options,Put,NIFTY,19800.0,0
129,333.8,2023-08-03 11:24:00,NFO,24-AUG-2023,333.8,333.8,333.8,6250,Options,Put,NIFTY,19800.0,0
130,333.8,2023-08-03 11:25:00,NFO,24-AUG-2023,333.8,333.8,333.8,6250,Options,Put,NIFTY,19800.0,0
131,333.8,2023-08-03 11:26:00,NFO,24-AUG-2023,333.8,333.8,333.8,6250,Options,Put,NIFTY,19800.0,0
132,333.8,2023-08-03 11:27:00,NFO,24-AUG-2023,333.8,333.8,333.8,6250,Options,Put,NIFTY,19800.0,0
133,333.8,2023-08-03 11:28:00,NFO,24-AUG-2023,333.8,333.8,333.8,6250,Options,Put,NIFTY,19800.0,0
134,333.8,2023-08-03 11:29:00,NFO,24-AUG-2023,333.8,333.8,333.8,6250,Options,Put,NIFTY,19800.0,0
135,333.8,2023-08-03 11:30:00,NFO,24-AUG-2023,333.8,333.8,333.8,6250,Options,Put,NIFTY,19800.0,0
136,333.8,2023-08-03 11:31:00,NFO,24-AUG-2023,333.8,333.8,333.8,6250,Options,Put,NIFTY,19800.0,0
137,333.8,2023-08-03 11:32:00,NFO,24-AUG-2023,333.8,333.8,333.8,6250,Options,Put,NIFTY,19800.0,0
138,333.8,2023-08-03 11:33:00,NFO,24-AUG-2023,333.8,333.8,333.8,6250,Options,Put,NIFTY,19800.0,0
139,333.8,2023-08-03 11:34:00,NFO,24-AUG-2023,333.8,333.8,333.8,6250,Options,Put,NIFTY,19800.0,0
140,333.8,2023-08-03 11:35:00,NFO,24-AUG-2023,333.8,333.8,333.8,6250,Options,Put,NIFTY,19800.0,0
141,333.8,2023-08-03 11:36:00,NFO,24-AUG-2023,333.8,333.8,333.8,6250,Options,Put,NIFTY,19800.0,0
142,333.8,2023-08-03 11:37:00,NFO,24-AUG-2023,333.8,333.8,333.8,6250,Options,Put,NIFTY,19800.0,0
143,333.8,2023-08-03 11:38:00,NFO,24-AUG-2023,333.8,333.8,333.8,6250,Options,Put,NIFTY,19800.0,0
144,333.8,2023-08-03 11:39:00,NFO,24-AUG-2023,333.8,333.8,333.8,6250,Options,Put,NIFTY,19800.0,0
145,333.8,2023-08-03 11:40:00,NFO,24-AUG-2023,333.8,333.8,333.8,6250,Options,Put,NIFTY,19800.0,0
146,333.8,2023-08-03 11:41:00,NFO,24-AUG-2023,333.8,333.8,333.8,6250,Options,Put,NIFTY,19800.0,0
147,333.8,2023-08-03 11:42:00,NFO,24-AUG-2023,333.8,333.8,333.8,6250,Options,Put,NIFTY,19800.0,0
148,333.8,2023-08-03 11:43:00,NFO,24-AUG-2023,333.8,333.8,333.8,6250,Options,Put,NIFTY,19800.0,0
149,333.8,2023-08-03 11:44:00,NFO,24-AUG-2023,333.8,333.8,333.8,6250,Options,Put,NIFTY,19800.0,0
150,333.8,2023-08-03 11:45:00,NFO,24-AUG-2023,333.8,333.8,333.8,6250,Options,Put,NIFTY,19800.0,0
151,333.8,2023-08-03 11:46:00,NFO,24-AUG-2023,333.8,333.8,333.8,6250,Options,Put,NIFTY,19800.0,0
152,340.8,2023-08-03 11:47:00,NFO,24-AUG-2023,340.8,333.8,333.8,6300,Options,Put,NIFTY,19800.0,50
153,340.8,2023-08-03 11:48:00,NFO,24-AUG-2023,340.8,340.8,340.8,6300,Options,Put,NIFTY,19800.0,0
154,340.8,2023-08-03 11:49:00,NFO,24-AUG-2023,340.8,340.8,340.8,6300,Options,Put,NIFTY,19800.0,0
155,340.8,2023-08-03 11:50:00,NFO,24-AUG-2023,340.8,340.8,340.8,6300,Options,Put,NIFTY,19800.0,0
156,340.8,2023-08-03 11:51:00,NFO,24-AUG-2023,340.8,340.8,340.8,6300,Options,Put,NIFTY,19800.0,0
157,340.8,2023-08-03 11:52:00,NFO,24-AUG-2023,340.8,340.8,340.8,6300,Options,Put,NIFTY,19800.0,0
158,340.8,2023-08-03 11:53:00,NFO,24-AUG-2023,340.8,340.8,340.8,6300,Options,Put,NIFTY,19800.0,0
159,340.8,2023-08-03 11:54:00,NFO,24-AUG-2023,340.8,340.8,340.8,6300,Options,Put,NIFTY,19800.0,0
160,340.8,2023-08-03 11:55:00,NFO,24-AUG-2023,340.8,340.8,340.8,6300,Options,Put,NIFTY,19800.0,0
161,340.8,2023-08-03 11:56:00,NFO,24-AUG-2023,340.8,340.8,340.8,6300,Options,Put,NIFTY,19800.0,0
162,340.8,2023-08-03 11:57:00,NFO,24-AUG-2023,340.8,340.8,340.8,6300,Options,Put,NIFTY,19800.0,0
163,340.8,2023-08-03 11:58:00,NFO,24-AUG-2023,340.8,340.8,340.8,6300,Options,Put,NIFTY,19800.0,0
164,340.8,2023-08-03 11:59:00,NFO,24-AUG-2023,340.8,340.8,340.8,6300,Options,Put,NIFTY,19800.0,0
165,340.8,2023-08-03 12:00:00,NFO,24-AUG-2023,340.8,340.8,340.8,6300,Options,Put,NIFTY,19800.0,0
166,340.8,2023-08-03 12:01:00,NFO,24-AUG-2023,340.8,340.8,340.8,6300,Options,Put,NIFTY,19800.0,0
167,340.8,2023-08-03 12:02:00,NFO,24-AUG-2023,340.8,340.8,340.8,6300,Options,Put,NIFTY,19800.0,0
168,340.8,2023-08-03 12:03:00,NFO,24-AUG-2023,340.8,340.8,340.8,6300,Options,Put,NIFTY,19800.0,0
169,340.8,2023-08-03 12:04:00,NFO,24-AUG-2023,340.8,340.8,340.8,6300,Options,Put,NIFTY,19800.0,0
170,340.8,2023-08-03 12:05:00,NFO,24-AUG-2023,340.8,340.8,340.8,6300,Options,Put,NIFTY,19800.0,0
171,340.8,2023-08-03 12:06:00,NFO,24-AUG-2023,340.8,340.8,340.8,6300,Options,Put,NIFTY,19800.0,0
172,340.8,2023-08-03 12:07:00,NFO,24-AUG-2023,340.8,340.8,340.8,6300,Options,Put,NIFTY,19800.0,0
173,340.8,2023-08-03 12:08:00,NFO,24-AUG-2023,340.8,340.8,340.8,6300,Options,Put,NIFTY,19800.0,0
174,340.8,2023-08-03 12:09:00,NFO,24-AUG-2023,340.8,340.8,340.8,6300,Options,Put,NIFTY,19800.0,0
175,340.8,2023-08-03 12:10:00,NFO,24-AUG-2023,340.8,340.8,340.8,6300,Options,Put,NIFTY,19800.0,0
176,340.8,2023-08-03 12:11:00,NFO,24-AUG-2023,340.8,340.8,340.8,6300,Options,Put,NIFTY,19800.0,0
177,340.8,2023-08-03 12:12:00,NFO,24-AUG-2023,340.8,340.8,340.8,6300,Options,Put,NIFTY,19800.0,0
178,340.8,2023-08-03 12:13:00,NFO,24-AUG-2023,340.8,340.8,340.8,6300,Options,Put,NIFTY,19800.0,0
179,340.8,2023-08-03 12:14:00,NFO,24-AUG-2023,340.8,340.8,340.8,6300,Options,Put,NIFTY,19800.0,0
180,340.8,2023-08-03 12:15:00,NFO,24-AUG-2023,340.8,340.8,340.8,6300,Options,Put,NIFTY,19800.0,0
181,340.8,2023-08-03 12:16:00,NFO,24-AUG-2023,340.8,340.8,340.8,6300,Options,Put,NIFTY,19800.0,0
182,340.8,2023-08-03 12:17:00,NFO,24-AUG-2023,340.8,340.8,340.8,6300,Options,Put,NIFTY,19800.0,0
183,340.8,2023-08-03 12:18:00,NFO,24-AUG-2023,340.8,340.8,340.8,6300,Options,Put,NIFTY,19800.0,0
184,340.8,2023-08-03 12:19:00,NFO,24-AUG-2023,340.8,340.8,340.8,6300,Options,Put,NIFTY,19800.0,0
185,340.8,2023-08-03 12:20:00,NFO,24-AUG-2023,340.8,340.8,340.8,6300,Options,Put,NIFTY,19800.0,0
186,340.8,2023-08-03 12:21:00,NFO,24-AUG-2023,340.8,340.8,340.8,6300,Options,Put,NIFTY,19800.0,0
187,340.8,2023-08-03 12:22:00,NFO,24-AUG-2023,340.8,340.8,340.8,6300,Options,Put,NIFTY,19800.0,0
188,340.8,2023-08-03 12:23:00,NFO,24-AUG-2023,340.8,340.8,340.8,6300,Options,Put,NIFTY,19800.0,0
189,394.2,2023-08-03 12:24:00,NFO,24-AUG-2023,394.2,340.8,340.8,6300,Options,Put,NIFTY,19800.0,100
190,394.2,2023-08-03 12:25:00,NFO,24-AUG-2023,394.2,394.2,394.2,6300,Options,Put,NIFTY,19800.0,0
191,394.2,2023-08-03 12:26:00,NFO,24-AUG-2023,394.2,394.2,394.2,6300,Options,Put,NIFTY,19800.0,0
192,394.2,2023-08-03 12:27:00,NFO,24-AUG-2023,394.2,394.2,394.2,6300,Options,Put,NIFTY,19800.0,0
193,394.2,2023-08-03 12:28:00,NFO,24-AUG-2023,394.2,394.2,394.2,6300,Options,Put,NIFTY,19800.0,0
194,394.2,2023-08-03 12:29:00,NFO,24-AUG-2023,394.2,394.2,394.2,6300,Options,Put,NIFTY,19800.0,0
195,395.0,2023-08-03 12:30:00,NFO,24-AUG-2023,395.0,394.2,394.2,6250,Options,Put,NIFTY,19800.0,50
196,395.0,2023-08-03 12:31:00,NFO,24-AUG-2023,395.0,395.0,395.0,6250,Options,Put,NIFTY,19800.0,0
197,395.0,2023-08-03 12:32:00,NFO,24-AUG-2023,395.0,395.0,395.0,6250,Options,Put,NIFTY,19800.0,0
198,395.0,2023-08-03 12:33:00,NFO,24-AUG-2023,395.0,395.0,395.0,6250,Options,Put,NIFTY,19800.0,0
199,395.0,2023-08-03 12:34:00,NFO,24-AUG-2023,395.0,395.0,395.0,6250,Options,Put,NIFTY,19800.0,0
200,395.0,2023-08-03 12:35:00,NFO,24-AUG-2023,395.0,395.0,395.0,6250,Options,Put,NIFTY,19800.0,0
201,395.0,2023-08-03 12:36:00,NFO,24-AUG-2023,395.0,395.0,395.0,6250,Options,Put,NIFTY,19800.0,0
202,402.0,2023-08-03 12:37:00,NFO,24-AUG-2023,402.0,402.0,402.0,6250,Options,Put,NIFTY,19800.0,100
203,402.0,2023-08-03 12:38:00,NFO,24-AUG-2023,402.0,402.0,402.0,6250,Options,Put,NIFTY,19800.0,100
204,402.0,2023-08-03 12:39:00,NFO,24-AUG-2023,402.0,402.0,402.0,6250,Options,Put,NIFTY,19800.0,0
205,402.0,2023-08-03 12:40:00,NFO,24-AUG-2023,402.0,402.0,402.0,6250,Options,Put,NIFTY,19800.0,0
206,402.0,2023-08-03 12:41:00,NFO,24-AUG-2023,402.0,402.0,402.0,6250,Options,Put,NIFTY,19800.0,0
207,402.0,2023-08-03 12:42:00,NFO,24-AUG-2023,402.0,402.0,402.0,6250,Options,Put,NIFTY,19800.0,0
208,402.0,2023-08-03 12:43:00,NFO,24-AUG-2023,402.0,402.0,402.0,6250,Options,Put,NIFTY,19800.0,0
209,402.0,2023-08-03 12:44:00,NFO,24-AUG-2023,402.0,402.0,402.0,6250,Options,Put,NIFTY,19800.0,0
210,415.0,2023-08-03 12:45:00,NFO,24-AUG-2023,415.0,402.0,402.0,6200,Options,Put,NIFTY,19800.0,50
211,415.0,2023-08-03 12:46:00,NFO,24-AUG-2023,415.0,415.0,415.0,6200,Options,Put,NIFTY,19800.0,0
212,415.0,2023-08-03 12:47:00,NFO,24-AUG-2023,415.0,415.0,415.0,6200,Options,Put,NIFTY,19800.0,0
213,415.0,2023-08-03 12:48:00,NFO,24-AUG-2023,415.0,415.0,415.0,6200,Options,Put,NIFTY,19800.0,0
214,415.0,2023-08-03 12:49:00,NFO,24-AUG-2023,415.0,415.0,415.0,6200,Options,Put,NIFTY,19800.0,0
215,415.0,2023-08-03 12:50:00,NFO,24-AUG-2023,415.0,415.0,415.0,6200,Options,Put,NIFTY,19800.0,0
216,415.0,2023-08-03 12:51:00,NFO,24-AUG-2023,415.0,415.0,415.0,6200,Options,Put,NIFTY,19800.0,0
217,415.0,2023-08-03 12:52:00,NFO,24-AUG-2023,415.0,415.0,415.0,6200,Options,Put,NIFTY,19800.0,0
218,415.0,2023-08-03 12:53:00,NFO,24-AUG-2023,415.0,415.0,415.0,6200,Options,Put,NIFTY,19800.0,0
219,415.0,2023-08-03 12:54:00,NFO,24-AUG-2023,415.0,415.0,415.0,6200,Options,Put,NIFTY,19800.0,0
220,435.0,2023-08-03 12:55:00,NFO,24-AUG-2023,435.0,415.0,415.0,6200,Options,Put,NIFTY,19800.0,50
221,435.0,2023-08-03 12:56:00,NFO,24-AUG-2023,435.0,435.0,435.0,6200,Options,Put,NIFTY,19800.0,0
222,435.0,2023-08-03 12:57:00,NFO,24-AUG-2023,435.0,435.0,435.0,6200,Options,Put,NIFTY,19800.0,0
223,440.0,2023-08-03 12:58:00,NFO,24-AUG-2023,440.0,435.0,435.0,6200,Options,Put,NIFTY,19800.0,50
224,440.0,2023-08-03 12:59:00,NFO,24-AUG-2023,440.0,440.0,440.0,6200,Options,Put,NIFTY,19800.0,0
225,440.0,2023-08-03 13:00:00,NFO,24-AUG-2023,440.0,440.0,440.0,6200,Options,Put,NIFTY,19800.0,0
226,440.0,2023-08-03 13:01:00,NFO,24-AUG-2023,440.0,440.0,440.0,6200,Options,Put,NIFTY,19800.0,0
227,440.0,2023-08-03 13:02:00,NFO,24-AUG-2023,440.0,440.0,440.0,6200,Options,Put,NIFTY,19800.0,0
228,440.0,2023-08-03 13:03:00,NFO,24-AUG-2023,440.0,440.0,440.0,6200,Options,Put,NIFTY,19800.0,0
229,440.0,2023-08-03 13:04:00,NFO,24-AUG-2023,440.0,440.0,440.0,6200,Options,Put,NIFTY,19800.0,0
230,440.0,2023-08-03 13:05:00,NFO,24-AUG-2023,440.0,440.0,440.0,6200,Options,Put,NIFTY,19800.0,0
231,440.0,2023-08-03 13:06:00,NFO,24-AUG-2023,440.0,440.0,440.0,6200,Options,Put,NIFTY,19800.0,0
232,440.0,2023-08-03 13:07:00,NFO,24-AUG-2023,440.0,440.0,440.0,6200,Options,Put,NIFTY,19800.0,0
233,440.0,2023-08-03 13:08:00,NFO,24-AUG-2023,440.0,440.0,440.0,6200,Options,Put,NIFTY,19800.0,0
234,440.0,2023-08-03 13:09:00,NFO,24-AUG-2023,440.0,440.0,440.0,6200,Options,Put,NIFTY,19800.0,0
235,440.0,2023-08-03 13:10:00,NFO,24-AUG-2023,440.0,440.0,440.0,6200,Options,Put,NIFTY,19800.0,0
236,440.0,2023-08-03 13:11:00,NFO,24-AUG-2023,440.0,440.0,440.0,6200,Options,Put,NIFTY,19800.0,0
237,440.0,2023-08-03 13:12:00,NFO,24-AUG-2023,440.0,440.0,440.0,6200,Options,Put,NIFTY,19800.0,0
238,440.0,2023-08-03 13:13:00,NFO,24-AUG-2023,440.0,440.0,440.0,6200,Options,Put,NIFTY,19800.0,0
239,440.0,2023-08-03 13:14:00,NFO,24-AUG-2023,440.0,440.0,440.0,6200,Options,Put,NIFTY,19800.0,0
240,440.0,2023-08-03 13:15:00,NFO,24-AUG-2023,440.0,440.0,440.0,6200,Options,Put,NIFTY,19800.0,0
241,440.0,2023-08-03 13:16:00,NFO,24-AUG-2023,440.0,440.0,440.0,6200,Options,Put,NIFTY,19800.0,0
242,440.0,2023-08-03 13:17:00,NFO,24-AUG-2023,440.0,440.0,440.0,6200,Options,Put,NIFTY,19800.0,0
243,440.0,2023-08-03 13:18:00,NFO,24-AUG-2023,440.0,440.0,440.0,6200,Options,Put,NIFTY,19800.0,0
244,440.0,2023-08-03 13:19:00,NFO,24-AUG-2023,440.0,440.0,440.0,6150,Options,Put,NIFTY,19800.0,50
245,440.0,2023-08-03 13:20:00,NFO,24-AUG-2023,440.0,440.0,440.0,6150,Options,Put,NIFTY,19800.0,0
246,450.0,2023-08-03 13:21:00,NFO,24-AUG-2023,450.0,450.0,450.0,6150,Options,Put,NIFTY,19800.0,200
247,450.0,2023-08-03 13:22:00,NFO,24-AUG-2023,450.0,450.0,450.0,6150,Options,Put,NIFTY,19800.0,0
248,450.0,2023-08-03 13:23:00,NFO,24-AUG-2023,450.0,450.0,450.0,6150,Options,Put,NIFTY,19800.0,0
249,450.0,2023-08-03 13:24:00,NFO,24-AUG-2023,450.0,450.0,450.0,6150,Options,Put,NIFTY,19800.0,0
250,450.0,2023-08-03 13:25:00,NFO,24-AUG-2023,450.0,450.0,450.0,6150,Options,Put,NIFTY,19800.0,150
251,450.0,2023-08-03 13:26:00,NFO,24-AUG-2023,450.0,450.0,450.0,6150,Options,Put,NIFTY,19800.0,0
252,450.0,2023-08-03 13:27:00,NFO,24-AUG-2023,450.0,450.0,450.0,6150,Options,Put,NIFTY,19800.0,0
253,450.0,2023-08-03 13:28:00,NFO,24-AUG-2023,450.0,450.0,450.0,6150,Options,Put,NIFTY,19800.0,0
254,450.0,2023-08-03 13:29:00,NFO,24-AUG-2023,450.0,450.0,450.0,6150,Options,Put,NIFTY,19800.0,0
255,450.0,2023-08-03 13:30:00,NFO,24-AUG-2023,450.0,450.0,450.0,6150,Options,Put,NIFTY,19800.0,50
256,450.0,2023-08-03 13:31:00,NFO,24-AUG-2023,450.0,450.0,450.0,6150,Options,Put,NIFTY,19800.0,0
257,450.0,2023-08-03 13:32:00,NFO,24-AUG-2023,450.0,450.0,450.0,6150,Options,Put,NIFTY,19800.0,0
258,450.0,2023-08-03 13:33:00,NFO,24-AUG-2023,450.0,450.0,450.0,6150,Options,Put,NIFTY,19800.0,0
259,450.0,2023-08-03 13:34:00,NFO,24-AUG-2023,450.0,450.0,450.0,6150,Options,Put,NIFTY,19800.0,0
260,450.0,2023-08-03 13:35:00,NFO,24-AUG-2023,450.0,450.0,450.0,6150,Options,Put,NIFTY,19800.0,0
261,439.5,2023-08-03 13:36:00,NFO,24-AUG-2023,450.0,439.5,450.0,6150,Options,Put,NIFTY,19800.0,50
262,439.5,2023-08-03 13:37:00,NFO,24-AUG-2023,439.5,439.5,439.5,6150,Options,Put,NIFTY,19800.0,0
263,439.5,2023-08-03 13:38:00,NFO,24-AUG-2023,439.5,439.5,439.5,6150,Options,Put,NIFTY,19800.0,0
264,439.5,2023-08-03 13:39:00,NFO,24-AUG-2023,439.5,439.5,439.5,6150,Options,Put,NIFTY,19800.0,0
265,439.5,2023-08-03 13:40:00,NFO,24-AUG-2023,439.5,439.5,439.5,6150,Options,Put,NIFTY,19800.0,0
266,439.5,2023-08-03 13:41:00,NFO,24-AUG-2023,439.5,439.5,439.5,6150,Options,Put,NIFTY,19800.0,0
267,439.5,2023-08-03 13:42:00,NFO,24-AUG-2023,439.5,439.5,439.5,6150,Options,Put,NIFTY,19800.0,0
268,439.5,2023-08-03 13:43:00,NFO,24-AUG-2023,439.5,439.5,439.5,6150,Options,Put,NIFTY,19800.0,0
269,439.5,2023-08-03 13:44:00,NFO,24-AUG-2023,439.5,439.5,439.5,6150,Options,Put,NIFTY,19800.0,0
270,439.5,2023-08-03 13:45:00,NFO,24-AUG-2023,439.5,439.5,439.5,6150,Options,Put,NIFTY,19800.0,0
271,439.5,2023-08-03 13:46:00,NFO,24-AUG-2023,439.5,439.5,439.5,6150,Options,Put,NIFTY,19800.0,0
272,439.5,2023-08-03 13:47:00,NFO,24-AUG-2023,439.5,439.5,439.5,6150,Options,Put,NIFTY,19800.0,0
273,439.5,2023-08-03 13:48:00,NFO,24-AUG-2023,439.5,439.5,439.5,6150,Options,Put,NIFTY,19800.0,0
274,439.5,2023-08-03 13:49:00,NFO,24-AUG-2023,439.5,439.5,439.5,6150,Options,Put,NIFTY,19800.0,0
275,439.5,2023-08-03 13:50:00,NFO,24-AUG-2023,439.5,439.5,439.5,6150,Options,Put,NIFTY,19800.0,0
276,439.5,2023-08-03 13:51:00,NFO,24-AUG-2023,439.5,439.5,439.5,6150,Options,Put,NIFTY,19800.0,0
277,439.5,2023-08-03 13:52:00,NFO,24-AUG-2023,439.5,439.5,439.5,6150,Options,Put,NIFTY,19800.0,0
278,435.85,2023-08-03 13:53:00,NFO,24-AUG-2023,439.5,435.85,439.5,6150,Options,Put,NIFTY,19800.0,50
279,435.85,2023-08-03 13:54:00,NFO,24-AUG-2023,435.85,435.85,435.85,6150,Options,Put,NIFTY,19800.0,0
280,437.85,2023-08-03 13:55:00,NFO,24-AUG-2023,437.85,437.85,437.85,6150,Options,Put,NIFTY,19800.0,50
281,437.85,2023-08-03 13:56:00,NFO,24-AUG-2023,437.85,437.85,437.85,6150,Options,Put,NIFTY,19800.0,0
282,437.85,2023-08-03 13:57:00,NFO,24-AUG-2023,437.85,437.85,437.85,6150,Options,Put,NIFTY,19800.0,0
283,437.85,2023-08-03 13:58:00,NFO,24-AUG-2023,437.85,437.85,437.85,6150,Options,Put,NIFTY,19800.0,0
284,437.85,2023-08-03 13:59:00,NFO,24-AUG-2023,437.85,437.85,437.85,6150,Options,Put,NIFTY,19800.0,0
285,437.85,2023-08-03 14:00:00,NFO,24-AUG-2023,437.85,437.85,437.85,6150,Options,Put,NIFTY,19800.0,0
286,437.85,2023-08-03 14:01:00,NFO,24-AUG-2023,437.85,437.85,437.85,6150,Options,Put,NIFTY,19800.0,0
287,437.85,2023-08-03 14:02:00,NFO,24-AUG-2023,437.85,437.85,437.85,6150,Options,Put,NIFTY,19800.0,0
288,437.85,2023-08-03 14:03:00,NFO,24-AUG-2023,437.85,437.85,437.85,6150,Options,Put,NIFTY,19800.0,0
289,437.85,2023-08-03 14:04:00,NFO,24-AUG-2023,437.85,437.85,437.85,6150,Options,Put,NIFTY,19800.0,0
290,437.85,2023-08-03 14:05:00,NFO,24-AUG-2023,437.85,437.85,437.85,6150,Options,Put,NIFTY,19800.0,0
291,437.85,2023-08-03 14:06:00,NFO,24-AUG-2023,437.85,437.85,437.85,6150,Options,Put,NIFTY,19800.0,0
292,437.85,2023-08-03 14:07:00,NFO,24-AUG-2023,437.85,437.85,437.85,6150,Options,Put,NIFTY,19800.0,0
293,437.85,2023-08-03 14:08:00,NFO,24-AUG-2023,437.85,437.85,437.85,6150,Options,Put,NIFTY,19800.0,0
294,437.85,2023-08-03 14:09:00,NFO,24-AUG-2023,437.85,437.85,437.85,6150,Options,Put,NIFTY,19800.0,0
295,437.85,2023-08-03 14:10:00,NFO,24-AUG-2023,437.85,437.85,437.85,6150,Options,Put,NIFTY,19800.0,0
296,455.25,2023-08-03 14:11:00,NFO,24-AUG-2023,455.25,437.85,437.85,6150,Options,Put,NIFTY,19800.0,50
297,455.25,2023-08-03 14:12:00,NFO,24-AUG-2023,455.25,455.25,455.25,6150,Options,Put,NIFTY,19800.0,0
298,455.25,2023-08-03 14:13:00,NFO,24-AUG-2023,455.25,455.25,455.25,6150,Options,Put,NIFTY,19800.0,0
299,455.25,2023-08-03 14:14:00,NFO,24-AUG-2023,455.25,455.25,455.25,6150,Options,Put,NIFTY,19800.0,0
300,455.25,2023-08-03 14:15:00,NFO,24-AUG-2023,455.25,455.25,455.25,6150,Options,Put,NIFTY,19800.0,0
301,455.25,2023-08-03 14:16:00,NFO,24-AUG-2023,455.25,455.25,455.25,6150,Options,Put,NIFTY,19800.0,0
302,455.25,2023-08-03 14:17:00,NFO,24-AUG-2023,455.25,455.25,455.25,6150,Options,Put,NIFTY,19800.0,0
303,455.25,2023-08-03 14:18:00,NFO,24-AUG-2023,455.25,455.25,455.25,6150,Options,Put,NIFTY,19800.0,0
304,455.25,2023-08-03 14:19:00,NFO,24-AUG-2023,455.25,455.25,455.25,6150,Options,Put,NIFTY,19800.0,0
305,455.25,2023-08-03 14:20:00,NFO,24-AUG-2023,455.25,455.25,455.25,6150,Options,Put,NIFTY,19800.0,0
306,455.25,2023-08-03 14:21:00,NFO,24-AUG-2023,455.25,455.25,455.25,6150,Options,Put,NIFTY,19800.0,0
307,455.25,2023-08-03 14:22:00,NFO,24-AUG-2023,455.25,455.25,455.25,6150,Options,Put,NIFTY,19800.0,0
308,455.25,2023-08-03 14:23:00,NFO,24-AUG-2023,455.25,455.25,455.25,6150,Options,Put,NIFTY,19800.0,0
309,455.25,2023-08-03 14:24:00,NFO,24-AUG-2023,455.25,455.25,455.25,6150,Options,Put,NIFTY,19800.0,0
310,455.25,2023-08-03 14:25:00,NFO,24-AUG-2023,455.25,455.25,455.25,6150,Options,Put,NIFTY,19800.0,0
311,453.95,2023-08-03 14:26:00,NFO,24-AUG-2023,455.25,453.95,455.25,6150,Options,Put,NIFTY,19800.0,100
312,453.95,2023-08-03 14:27:00,NFO,24-AUG-2023,453.95,453.95,453.95,6150,Options,Put,NIFTY,19800.0,0
313,453.95,2023-08-03 14:28:00,NFO,24-AUG-2023,453.95,453.95,453.95,6150,Options,Put,NIFTY,19800.0,0
314,453.95,2023-08-03 14:29:00,NFO,24-AUG-2023,453.95,453.95,453.95,6150,Options,Put,NIFTY,19800.0,0
315,453.95,2023-08-03 14:30:00,NFO,24-AUG-2023,453.95,453.95,453.95,6150,Options,Put,NIFTY,19800.0,0
316,453.95,2023-08-03 14:31:00,NFO,24-AUG-2023,453.95,453.95,453.95,6150,Options,Put,NIFTY,19800.0,0
317,453.95,2023-08-03 14:32:00,NFO,24-AUG-2023,453.95,453.95,453.95,6150,Options,Put,NIFTY,19800.0,0
318,453.95,2023-08-03 14:33:00,NFO,24-AUG-2023,453.95,453.95,453.95,6150,Options,Put,NIFTY,19800.0,0
319,453.95,2023-08-03 14:34:00,NFO,24-AUG-2023,453.95,453.95,453.95,6150,Options,Put,NIFTY,19800.0,0
320,453.95,2023-08-03 14:35:00,NFO,24-AUG-2023,453.95,453.95,453.95,6150,Options,Put,NIFTY,19800.0,0
321,453.95,2023-08-03 14:36:00,NFO,24-AUG-2023,453.95,453.95,453.95,6150,Options,Put,NIFTY,19800.0,0
322,453.95,2023-08-03 14:37:00,NFO,24-AUG-2023,453.95,453.95,453.95,6150,Options,Put,NIFTY,19800.0,0
323,453.95,2023-08-03 14:38:00,NFO,24-AUG-2023,453.95,453.95,453.95,6150,Options,Put,NIFTY,19800.0,0
324,453.95,2023-08-03 14:39:00,NFO,24-AUG-2023,453.95,453.95,453.95,6150,Options,Put,NIFTY,19800.0,0
325,409.0,2023-08-03 14:40:00,NFO,24-AUG-2023,453.95,409.0,453.95,6150,Options,Put,NIFTY,19800.0,300
326,409.0,2023-08-03 14:41:00,NFO,24-AUG-2023,409.0,409.0,409.0,6150,Options,Put,NIFTY,19800.0,0
327,409.0,2023-08-03 14:42:00,NFO,24-AUG-2023,409.0,409.0,409.0,6150,Options,Put,NIFTY,19800.0,0
328,440.15,2023-08-03 14:43:00,NFO,24-AUG-2023,440.25,409.0,409.0,6350,Options,Put,NIFTY,19800.0,150
329,445.0,2023-08-03 14:44:00,NFO,24-AUG-2023,445.0,445.0,445.0,6350,Options,Put,NIFTY,19800.0,50
330,445.0,2023-08-03 14:45:00,NFO,24-AUG-2023,445.0,445.0,445.0,6350,Options,Put,NIFTY,19800.0,0
331,445.0,2023-08-03 14:46:00,NFO,24-AUG-2023,445.0,445.0,445.0,6350,Options,Put,NIFTY,19800.0,0
332,446.4,2023-08-03 14:47:00,NFO,24-AUG-2023,446.4,440.05,445.0,6350,Options,Put,NIFTY,19800.0,250
333,446.4,2023-08-03 14:48:00,NFO,24-AUG-2023,446.4,446.4,446.4,6350,Options,Put,NIFTY,19800.0,0
334,446.4,2023-08-03 14:49:00,NFO,24-AUG-2023,446.4,446.4,446.4,6350,Options,Put,NIFTY,19800.0,0
335,446.4,2023-08-03 14:50:00,NFO,24-AUG-2023,446.4,446.4,446.4,6350,Options,Put,NIFTY,19800.0,0
336,446.4,2023-08-03 14:51:00,NFO,24-AUG-2023,446.4,446.4,446.4,6350,Options,Put,NIFTY,19800.0,0
337,446.4,2023-08-03 14:52:00,NFO,24-AUG-2023,446.4,446.4,446.4,6350,Options,Put,NIFTY,19800.0,0
338,446.4,2023-08-03 14:53:00,NFO,24-AUG-2023,446.4,446.4,446.4,6350,Options,Put,NIFTY,19800.0,0
339,448.5,2023-08-03 14:54:00,NFO,24-AUG-2023,448.5,448.5,448.5,6350,Options,Put,NIFTY,19800.0,100
340,448.5,2023-08-03 14:55:00,NFO,24-AUG-2023,448.5,448.5,448.5,6350,Options,Put,NIFTY,19800.0,0
341,448.5,2023-08-03 14:56:00,NFO,24-AUG-2023,448.5,448.5,448.5,6350,Options,Put,NIFTY,19800.0,0
342,448.5,2023-08-03 14:57:00,NFO,24-AUG-2023,448.5,448.5,448.5,6350,Options,Put,NIFTY,19800.0,0
343,448.5,2023-08-03 14:58:00,NFO,24-AUG-2023,448.5,448.5,448.5,6350,Options,Put,NIFTY,19800.0,0
344,448.5,2023-08-03 14:59:00,NFO,24-AUG-2023,448.5,448.5,448.5,6350,Options,Put,NIFTY,19800.0,0
345,448.5,2023-08-03 15:00:00,NFO,24-AUG-2023,448.5,448.5,448.5,6350,Options,Put,NIFTY,19800.0,0
346,448.5,2023-08-03 15:01:00,NFO,24-AUG-2023,448.5,448.5,448.5,6350,Options,Put,NIFTY,19800.0,0
347,448.5,2023-08-03 15:02:00,NFO,24-AUG-2023,448.5,448.5,448.5,6350,Options,Put,NIFTY,19800.0,0
348,448.5,2023-08-03 15:03:00,NFO,24-AUG-2023,448.5,448.5,448.5,6350,Options,Put,NIFTY,19800.0,0
349,448.5,2023-08-03 15:04:00,NFO,24-AUG-2023,448.5,448.5,448.5,6350,Options,Put,NIFTY,19800.0,0
350,448.5,2023-08-03 15:05:00,NFO,24-AUG-2023,448.5,448.5,448.5,6350,Options,Put,NIFTY,19800.0,0
351,448.5,2023-08-03 15:06:00,NFO,24-AUG-2023,448.5,448.5,448.5,6350,Options,Put,NIFTY,19800.0,0
352,448.5,2023-08-03 15:07:00,NFO,24-AUG-2023,448.5,448.5,448.5,6350,Options,Put,NIFTY,19800.0,0
353,448.5,2023-08-03 15:08:00,NFO,24-AUG-2023,448.5,448.5,448.5,6350,Options,Put,NIFTY,19800.0,0
354,448.5,2023-08-03 15:09:00,NFO,24-AUG-2023,448.5,448.5,448.5,6350,Options,Put,NIFTY,19800.0,0
355,448.5,2023-08-03 15:10:00,NFO,24-AUG-2023,448.5,448.5,448.5,6350,Options,Put,NIFTY,19800.0,0
356,448.5,2023-08-03 15:11:00,NFO,24-AUG-2023,448.5,448.5,448.5,6350,Options,Put,NIFTY,19800.0,0
357,448.5,2023-08-03 15:12:00,NFO,24-AUG-2023,448.5,448.5,448.5,6350,Options,Put,NIFTY,19800.0,0
358,448.5,2023-08-03 15:13:00,NFO,24-AUG-2023,448.5,448.5,448.5,6350,Options,Put,NIFTY,19800.0,0
359,448.5,2023-08-03 15:14:00,NFO,24-AUG-2023,448.5,448.5,448.5,6350,Options,Put,NIFTY,19800.0,0
360,448.5,2023-08-03 15:15:00,NFO,24-AUG-2023,448.5,448.5,448.5,6350,Options,Put,NIFTY,19800.0,0
361,448.5,2023-08-03 15:16:00,NFO,24-AUG-2023,448.5,448.5,448.5,6350,Options,Put,NIFTY,19800.0,0
362,448.5,2023-08-03 15:17:00,NFO,24-AUG-2023,448.5,448.5,448.5,6350,Options,Put,NIFTY,19800.0,0
363,409.7,2023-08-03 15:18:00,NFO,24-AUG-2023,448.5,409.7,448.5,6350,Options,Put,NIFTY,19800.0,200
364,409.7,2023-08-03 15:19:00,NFO,24-AUG-2023,409.7,409.7,409.7,6350,Options,Put,NIFTY,19800.0,0
365,409.7,2023-08-03 15:20:00,NFO,24-AUG-2023,409.7,409.7,409.7,6350,Options,Put,NIFTY,19800.0,0
366,387.05,2023-08-03 15:21:00,NFO,24-AUG-2023,409.7,387.05,409.7,6450,Options,Put,NIFTY,19800.0,200
367,387.05,2023-08-03 15:22:00,NFO,24-AUG-2023,387.05,387.05,387.05,6450,Options,Put,NIFTY,19800.0,0
368,387.05,2023-08-03 15:23:00,NFO,24-AUG-2023,387.05,387.05,387.05,6450,Options,Put,NIFTY,19800.0,0
369,387.05,2023-08-03 15:24:00,NFO,24-AUG-2023,387.05,387.05,387.05,6450,Options,Put,NIFTY,19800.0,0
370,387.05,2023-08-03 15:25:00,NFO,24-AUG-2023,387.05,387.05,387.05,6450,Options,Put,NIFTY,19800.0,0
371,387.05,2023-08-03 15:26:00,NFO,24-AUG-2023,387.05,387.05,387.05,6450,Options,Put,NIFTY,19800.0,0
372,387.05,2023-08-03 15:27:00,NFO,24-AUG-2023,387.05,387.05,387.05,6450,Options,Put,NIFTY,19800.0,0
373,387.05,2023-08-03 15:28:00,NFO,24-AUG-2023,387.05,387.05,387.05,6450,Options,Put,NIFTY,19800.0,0
374,387.05,2023-08-03 15:29:00,NFO,24-AUG-2023,387.05,387.05,387.05,6450,Options,Put,NIFTY,19800.0,0
