,close,datetime,exchange_code,expiry_date,high,low,open,open_interest,product_type,right,stock_code,strike_price,volume
0,344.4,2023-10-12 09:15:00,NFO,02-NOV-2023,344.4,344.4,344.4,0,Options,Put,NIFTY,19950.0,0
1,344.4,2023-10-12 09:16:00,NFO,02-NOV-2023,344.4,344.4,344.4,0,Options,Put,NIFTY,19950.0,0
2,344.4,2023-10-12 09:17:00,NFO,02-NOV-2023,344.4,344.4,344.4,0,Options,Put,NIFTY,19950.0,0
3,344.4,2023-10-12 09:18:00,NFO,02-NOV-2023,344.4,344.4,344.4,0,Options,Put,NIFTY,19950.0,0
4,344.4,2023-10-12 09:19:00,NFO,02-NOV-2023,344.4,344.4,344.4,0,Options,Put,NIFTY,19950.0,0
5,344.4,2023-10-12 09:20:00,NFO,02-NOV-2023,344.4,344.4,344.4,0,Options,Put,NIFTY,19950.0,0
6,344.4,2023-10-12 09:21:00,NFO,02-NOV-2023,344.4,344.4,344.4,0,Options,Put,NIFTY,19950.0,0
7,344.4,2023-10-12 09:22:00,NFO,02-NOV-2023,344.4,344.4,344.4,0,Options,Put,NIFTY,19950.0,0
8,344.4,2023-10-12 09:23:00,NFO,02-NOV-2023,344.4,344.4,344.4,0,Options,Put,NIFTY,19950.0,0
9,344.4,2023-10-12 09:24:00,NFO,02-NOV-2023,344.4,344.4,344.4,0,Options,Put,NIFTY,19950.0,0
10,344.4,2023-10-12 09:25:00,NFO,02-NOV-2023,344.4,344.4,344.4,0,Options,Put,NIFTY,19950.0,0
11,344.4,2023-10-12 09:26:00,NFO,02-NOV-2023,344.4,344.4,344.4,0,Options,Put,NIFTY,19950.0,0
12,344.4,2023-10-12 09:27:00,NFO,02-NOV-2023,344.4,344.4,344.4,0,Options,Put,NIFTY,19950.0,0
13,344.4,2023-10-12 09:28:00,NFO,02-NOV-2023,344.4,344.4,344.4,0,Options,Put,NIFTY,19950.0,0
14,344.4,2023-10-12 09:29:00,NFO,02-NOV-2023,344.4,344.4,344.4,0,Options,Put,NIFTY,19950.0,0
15,344.4,2023-10-12 09:30:00,NFO,02-NOV-2023,344.4,344.4,344.4,0,Options,Put,NIFTY,19950.0,0
16,344.4,2023-10-12 09:31:00,NFO,02-NOV-2023,344.4,344.4,344.4,0,Options,Put,NIFTY,19950.0,0
17,344.4,2023-10-12 09:32:00,NFO,02-NOV-2023,344.4,344.4,344.4,0,Options,Put,NIFTY,19950.0,0
18,344.4,2023-10-12 09:33:00,NFO,02-NOV-2023,344.4,344.4,344.4,0,Options,Put,NIFTY,19950.0,0
19,344.4,2023-10-12 09:34:00,NFO,02-NOV-2023,344.4,344.4,344.4,0,Options,Put,NIFTY,19950.0,0
20,344.4,2023-10-12 09:35:00,NFO,02-NOV-2023,344.4,344.4,344.4,0,Options,Put,NIFTY,19950.0,0
21,344.4,2023-10-12 09:36:00,NFO,02-NOV-2023,344.4,344.4,344.4,0,Options,Put,NIFTY,19950.0,0
22,344.4,2023-10-12 09:37:00,NFO,02-NOV-2023,344.4,344.4,344.4,0,Options,Put,NIFTY,19950.0,0
23,344.4,2023-10-12 09:38:00,NFO,02-NOV-2023,344.4,344.4,344.4,0,Options,Put,NIFTY,19950.0,0
24,344.4,2023-10-12 09:39:00,NFO,02-NOV-2023,344.4,344.4,344.4,0,Options,Put,NIFTY,19950.0,0
25,344.4,2023-10-12 09:40:00,NFO,02-NOV-2023,344.4,344.4,344.4,0,Options,Put,NIFTY,19950.0,0
26,344.4,2023-10-12 09:41:00,NFO,02-NOV-2023,344.4,344.4,344.4,0,Options,Put,NIFTY,19950.0,0
27,344.4,2023-10-12 09:42:00,NFO,02-NOV-2023,344.4,344.4,344.4,0,Options,Put,NIFTY,19950.0,0
28,344.4,2023-10-12 09:43:00,NFO,02-NOV-2023,344.4,344.4,344.4,0,Options,Put,NIFTY,19950.0,0
29,344.4,2023-10-12 09:44:00,NFO,02-NOV-2023,344.4,344.4,344.4,0,Options,Put,NIFTY,19950.0,0
30,344.4,2023-10-12 09:45:00,NFO,02-NOV-2023,344.4,344.4,344.4,0,Options,Put,NIFTY,19950.0,0
31,344.4,2023-10-12 09:46:00,NFO,02-NOV-2023,344.4,344.4,344.4,0,Options,Put,NIFTY,19950.0,0
32,344.4,2023-10-12 09:47:00,NFO,02-NOV-2023,344.4,344.4,344.4,0,Options,Put,NIFTY,19950.0,0
33,344.4,2023-10-12 09:48:00,NFO,02-NOV-2023,344.4,344.4,344.4,0,Options,Put,NIFTY,19950.0,0
34,344.4,2023-10-12 09:49:00,NFO,02-NOV-2023,344.4,344.4,344.4,0,Options,Put,NIFTY,19950.0,0
35,344.4,2023-10-12 09:50:00,NFO,02-NOV-2023,344.4,344.4,344.4,0,Options,Put,NIFTY,19950.0,0
36,344.4,2023-10-12 09:51:00,NFO,02-NOV-2023,344.4,344.4,344.4,0,Options,Put,NIFTY,19950.0,0
37,344.4,2023-10-12 09:52:00,NFO,02-NOV-2023,344.4,344.4,344.4,0,Options,Put,NIFTY,19950.0,0
38,344.4,2023-10-12 09:53:00,NFO,02-NOV-2023,344.4,344.4,344.4,0,Options,Put,NIFTY,19950.0,0
39,344.4,2023-10-12 09:54:00,NFO,02-NOV-2023,344.4,344.4,344.4,0,Options,Put,NIFTY,19950.0,0
40,241.2,2023-10-12 09:55:00,NFO,02-NOV-2023,344.4,241.2,344.4,500,Options,Put,NIFTY,19950.0,50
41,241.2,2023-10-12 09:56:00,NFO,02-NOV-2023,241.2,241.2,241.2,500,Options,Put,NIFTY,19950.0,0
42,241.2,2023-10-12 09:57:00,NFO,02-NOV-2023,241.2,241.2,241.2,500,Options,Put,NIFTY,19950.0,0
43,241.2,2023-10-12 09:58:00,NFO,02-NOV-2023,241.2,241.2,241.2,500,Options,Put,NIFTY,19950.0,0
44,241.2,2023-10-12 09:59:00,NFO,02-NOV-2023,241.2,241.2,241.2,500,Options,Put,NIFTY,19950.0,0
45,241.2,2023-10-12 10:00:00,NFO,02-NOV-2023,241.2,241.2,241.2,500,Options,Put,NIFTY,19950.0,0
46,241.2,2023-10-12 10:01:00,NFO,02-NOV-2023,241.2,241.2,241.2,500,Options,Put,NIFTY,19950.0,0
47,241.2,2023-10-12 10:02:00,NFO,02-NOV-2023,241.2,241.2,241.2,500,Options,Put,NIFTY,19950.0,0
48,241.2,2023-10-12 10:03:00,NFO,02-NOV-2023,241.2,241.2,241.2,500,Options,Put,NIFTY,19950.0,0
49,241.2,2023-10-12 10:04:00,NFO,02-NOV-2023,241.2,241.2,241.2,500,Options,Put,NIFTY,19950.0,0
50,241.2,2023-10-12 10:05:00,NFO,02-NOV-2023,241.2,241.2,241.2,500,Options,Put,NIFTY,19950.0,0
51,241.2,2023-10-12 10:06:00,NFO,02-NOV-2023,241.2,241.2,241.2,500,Options,Put,NIFTY,19950.0,0
52,241.2,2023-10-12 10:07:00,NFO,02-NOV-2023,241.2,241.2,241.2,500,Options,Put,NIFTY,19950.0,0
53,241.2,2023-10-12 10:08:00,NFO,02-NOV-2023,241.2,241.2,241.2,500,Options,Put,NIFTY,19950.0,0
54,241.2,2023-10-12 10:09:00,NFO,02-NOV-2023,241.2,241.2,241.2,500,Options,Put,NIFTY,19950.0,0
55,241.2,2023-10-12 10:10:00,NFO,02-NOV-2023,241.2,241.2,241.2,500,Options,Put,NIFTY,19950.0,0
56,241.2,2023-10-12 10:11:00,NFO,02-NOV-2023,241.2,241.2,241.2,500,Options,Put,NIFTY,19950.0,0
57,241.2,2023-10-12 10:12:00,NFO,02-NOV-2023,241.2,241.2,241.2,500,Options,Put,NIFTY,19950.0,0
58,241.2,2023-10-12 10:13:00,NFO,02-NOV-2023,241.2,241.2,241.2,500,Options,Put,NIFTY,19950.0,0
59,241.2,2023-10-12 10:14:00,NFO,02-NOV-2023,241.2,241.2,241.2,500,Options,Put,NIFTY,19950.0,0
60,241.2,2023-10-12 10:15:00,NFO,02-NOV-2023,241.2,241.2,241.2,500,Options,Put,NIFTY,19950.0,0
61,229.0,2023-10-12 10:16:00,NFO,02-NOV-2023,241.2,229.0,241.2,500,Options,Put,NIFTY,19950.0,50
62,229.0,2023-10-12 10:17:00,NFO,02-NOV-2023,229.0,229.0,229.0,500,Options,Put,NIFTY,19950.0,0
63,229.0,2023-10-12 10:18:00,NFO,02-NOV-2023,229.0,229.0,229.0,500,Options,Put,NIFTY,19950.0,0
64,229.0,2023-10-12 10:19:00,NFO,02-NOV-2023,229.0,229.0,229.0,500,Options,Put,NIFTY,19950.0,0
65,229.0,2023-10-12 10:20:00,NFO,02-NOV-2023,229.0,229.0,229.0,500,Options,Put,NIFTY,19950.0,0
66,229.0,2023-10-12 10:21:00,NFO,02-NOV-2023,229.0,229.0,229.0,500,Options,Put,NIFTY,19950.0,0
67,229.0,2023-10-12 10:22:00,NFO,02-NOV-2023,229.0,229.0,229.0,500,Options,Put,NIFTY,19950.0,0
68,229.0,2023-10-12 10:23:00,NFO,02-NOV-2023,229.0,229.0,229.0,500,Options,Put,NIFTY,19950.0,0
69,229.0,2023-10-12 10:24:00,NFO,02-NOV-2023,229.0,229.0,229.0,500,Options,Put,NIFTY,19950.0,0
70,229.0,2023-10-12 10:25:00,NFO,02-NOV-2023,229.0,229.0,229.0,500,Options,Put,NIFTY,19950.0,0
71,229.0,2023-10-12 10:26:00,NFO,02-NOV-2023,229.0,229.0,229.0,500,Options,Put,NIFTY,19950.0,0
72,229.0,2023-10-12 10:27:00,NFO,02-NOV-2023,229.0,229.0,229.0,500,Options,Put,NIFTY,19950.0,0
73,229.0,2023-10-12 10:28:00,NFO,02-NOV-2023,229.0,229.0,229.0,500,Options,Put,NIFTY,19950.0,0
74,229.0,2023-10-12 10:29:00,NFO,02-NOV-2023,229.0,229.0,229.0,500,Options,Put,NIFTY,19950.0,0
75,229.0,2023-10-12 10:30:00,NFO,02-NOV-2023,229.0,229.0,229.0,500,Options,Put,NIFTY,19950.0,0
76,229.0,2023-10-12 10:31:00,NFO,02-NOV-2023,229.0,229.0,229.0,500,Options,Put,NIFTY,19950.0,0
77,229.0,2023-10-12 10:32:00,NFO,02-NOV-2023,229.0,229.0,229.0,500,Options,Put,NIFTY,19950.0,0
78,229.0,2023-10-12 10:33:00,NFO,02-NOV-2023,229.0,229.0,229.0,500,Options,Put,NIFTY,19950.0,0
79,229.0,2023-10-12 10:34:00,NFO,02-NOV-2023,229.0,229.0,229.0,500,Options,Put,NIFTY,19950.0,0
80,229.0,2023-10-12 10:35:00,NFO,02-NOV-2023,229.0,229.0,229.0,500,Options,Put,NIFTY,19950.0,0
81,229.0,2023-10-12 10:36:00,NFO,02-NOV-2023,229.0,229.0,229.0,500,Options,Put,NIFTY,19950.0,0
82,229.0,2023-10-12 10:37:00,NFO,02-NOV-2023,229.0,229.0,229.0,500,Options,Put,NIFTY,19950.0,0
83,229.0,2023-10-12 10:38:00,NFO,02-NOV-2023,229.0,229.0,229.0,500,Options,Put,NIFTY,19950.0,0
84,229.0,2023-10-12 10:39:00,NFO,02-NOV-2023,229.0,229.0,229.0,500,Options,Put,NIFTY,19950.0,0
85,229.0,2023-10-12 10:40:00,NFO,02-NOV-2023,229.0,229.0,229.0,500,Options,Put,NIFTY,19950.0,0
86,229.0,2023-10-12 10:41:00,NFO,02-NOV-2023,229.0,229.0,229.0,500,Options,Put,NIFTY,19950.0,0
87,229.0,2023-10-12 10:42:00,NFO,02-NOV-2023,229.0,229.0,229.0,500,Options,Put,NIFTY,19950.0,0
88,229.0,2023-10-12 10:43:00,NFO,02-NOV-2023,229.0,229.0,229.0,500,Options,Put,NIFTY,19950.0,0
89,229.0,2023-10-12 10:44:00,NFO,02-NOV-2023,229.0,229.0,229.0,500,Options,Put,NIFTY,19950.0,0
90,229.0,2023-10-12 10:45:00,NFO,02-NOV-2023,229.0,229.0,229.0,500,Options,Put,NIFTY,19950.0,0
91,229.0,2023-10-12 10:46:00,NFO,02-NOV-2023,229.0,229.0,229.0,500,Options,Put,NIFTY,19950.0,0
92,229.0,2023-10-12 10:47:00,NFO,02-NOV-2023,229.0,229.0,229.0,500,Options,Put,NIFTY,19950.0,0
93,229.0,2023-10-12 10:48:00,NFO,02-NOV-2023,229.0,229.0,229.0,500,Options,Put,NIFTY,19950.0,0
94,229.0,2023-10-12 10:49:00,NFO,02-NOV-2023,229.0,229.0,229.0,500,Options,Put,NIFTY,19950.0,0
95,229.0,2023-10-12 10:50:00,NFO,02-NOV-2023,229.0,229.0,229.0,500,Options,Put,NIFTY,19950.0,0
96,229.0,2023-10-12 10:51:00,NFO,02-NOV-2023,229.0,229.0,229.0,500,Options,Put,NIFTY,19950.0,0
97,229.0,2023-10-12 10:52:00,NFO,02-NOV-2023,229.0,229.0,229.0,500,Options,Put,NIFTY,19950.0,0
98,229.0,2023-10-12 10:53:00,NFO,02-NOV-2023,229.0,229.0,229.0,500,Options,Put,NIFTY,19950.0,0
99,229.0,2023-10-12 10:54:00,NFO,02-NOV-2023,229.0,229.0,229.0,500,Options,Put,NIFTY,19950.0,0
100,229.0,2023-10-12 10:55:00,NFO,02-NOV-2023,229.0,229.0,229.0,500,Options,Put,NIFTY,19950.0,0
101,229.0,2023-10-12 10:56:00,NFO,02-NOV-2023,229.0,229.0,229.0,500,Options,Put,NIFTY,19950.0,0
102,229.0,2023-10-12 10:57:00,NFO,02-NOV-2023,229.0,229.0,229.0,500,Options,Put,NIFTY,19950.0,0
103,229.0,2023-10-12 10:58:00,NFO,02-NOV-2023,229.0,229.0,229.0,500,Options,Put,NIFTY,19950.0,0
104,229.0,2023-10-12 10:59:00,NFO,02-NOV-2023,229.0,229.0,229.0,500,Options,Put,NIFTY,19950.0,0
105,229.0,2023-10-12 11:00:00,NFO,02-NOV-2023,229.0,229.0,229.0,500,Options,Put,NIFTY,19950.0,0
106,229.0,2023-10-12 11:01:00,NFO,02-NOV-2023,229.0,229.0,229.0,500,Options,Put,NIFTY,19950.0,0
107,229.0,2023-10-12 11:02:00,NFO,02-NOV-2023,229.0,229.0,229.0,500,Options,Put,NIFTY,19950.0,0
108,229.0,2023-10-12 11:03:00,NFO,02-NOV-2023,229.0,229.0,229.0,500,Options,Put,NIFTY,19950.0,0
109,229.0,2023-10-12 11:04:00,NFO,02-NOV-2023,229.0,229.0,229.0,500,Options,Put,NIFTY,19950.0,0
110,229.0,2023-10-12 11:05:00,NFO,02-NOV-2023,229.0,229.0,229.0,500,Options,Put,NIFTY,19950.0,0
111,229.0,2023-10-12 11:06:00,NFO,02-NOV-2023,229.0,229.0,229.0,500,Options,Put,NIFTY,19950.0,0
112,229.0,2023-10-12 11:07:00,NFO,02-NOV-2023,229.0,229.0,229.0,500,Options,Put,NIFTY,19950.0,0
113,229.0,2023-10-12 11:08:00,NFO,02-NOV-2023,229.0,229.0,229.0,500,Options,Put,NIFTY,19950.0,0
114,229.0,2023-10-12 11:09:00,NFO,02-NOV-2023,229.0,229.0,229.0,500,Options,Put,NIFTY,19950.0,0
115,229.0,2023-10-12 11:10:00,NFO,02-NOV-2023,229.0,229.0,229.0,500,Options,Put,NIFTY,19950.0,0
116,229.0,2023-10-12 11:11:00,NFO,02-NOV-2023,229.0,229.0,229.0,500,Options,Put,NIFTY,19950.0,0
117,229.0,2023-10-12 11:12:00,NFO,02-NOV-2023,229.0,229.0,229.0,500,Options,Put,NIFTY,19950.0,0
118,229.0,2023-10-12 11:13:00,NFO,02-NOV-2023,229.0,229.0,229.0,500,Options,Put,NIFTY,19950.0,0
119,229.0,2023-10-12 11:14:00,NFO,02-NOV-2023,229.0,229.0,229.0,500,Options,Put,NIFTY,19950.0,0
120,229.0,2023-10-12 11:15:00,NFO,02-NOV-2023,229.0,229.0,229.0,500,Options,Put,NIFTY,19950.0,0
121,229.0,2023-10-12 11:16:00,NFO,02-NOV-2023,229.0,229.0,229.0,500,Options,Put,NIFTY,19950.0,0
122,229.0,2023-10-12 11:17:00,NFO,02-NOV-2023,229.0,229.0,229.0,500,Options,Put,NIFTY,19950.0,0
123,229.0,2023-10-12 11:18:00,NFO,02-NOV-2023,229.0,229.0,229.0,500,Options,Put,NIFTY,19950.0,0
124,229.0,2023-10-12 11:19:00,NFO,02-NOV-2023,229.0,229.0,229.0,500,Options,Put,NIFTY,19950.0,0
125,229.0,2023-10-12 11:20:00,NFO,02-NOV-2023,229.0,229.0,229.0,500,Options,Put,NIFTY,19950.0,0
126,229.0,2023-10-12 11:21:00,NFO,02-NOV-2023,229.0,229.0,229.0,500,Options,Put,NIFTY,19950.0,0
127,229.0,2023-10-12 11:22:00,NFO,02-NOV-2023,229.0,229.0,229.0,500,Options,Put,NIFTY,19950.0,0
128,229.0,2023-10-12 11:23:00,NFO,02-NOV-2023,229.0,229.0,229.0,500,Options,Put,NIFTY,19950.0,0
129,229.0,2023-10-12 11:24:00,NFO,02-NOV-2023,229.0,229.0,229.0,500,Options,Put,NIFTY,19950.0,0
130,229.0,2023-10-12 11:25:00,NFO,02-NOV-2023,229.0,229.0,229.0,500,Options,Put,NIFTY,19950.0,0
131,229.0,2023-10-12 11:26:00,NFO,02-NOV-2023,229.0,229.0,229.0,500,Options,Put,NIFTY,19950.0,0
132,229.0,2023-10-12 11:27:00,NFO,02-NOV-2023,229.0,229.0,229.0,500,Options,Put,NIFTY,19950.0,0
133,229.0,2023-10-12 11:28:00,NFO,02-NOV-2023,229.0,229.0,229.0,500,Options,Put,NIFTY,19950.0,0
134,229.0,2023-10-12 11:29:00,NFO,02-NOV-2023,229.0,229.0,229.0,500,Options,Put,NIFTY,19950.0,0
135,229.0,2023-10-12 11:30:00,NFO,02-NOV-2023,229.0,229.0,229.0,500,Options,Put,NIFTY,19950.0,0
136,229.0,2023-10-12 11:31:00,NFO,02-NOV-2023,229.0,229.0,229.0,500,Options,Put,NIFTY,19950.0,0
137,229.0,2023-10-12 11:32:00,NFO,02-NOV-2023,229.0,229.0,229.0,500,Options,Put,NIFTY,19950.0,0
138,229.0,2023-10-12 11:33:00,NFO,02-NOV-2023,229.0,229.0,229.0,500,Options,Put,NIFTY,19950.0,0
139,229.0,2023-10-12 11:34:00,NFO,02-NOV-2023,229.0,229.0,229.0,500,Options,Put,NIFTY,19950.0,0
140,229.0,2023-10-12 11:35:00,NFO,02-NOV-2023,229.0,229.0,229.0,500,Options,Put,NIFTY,19950.0,0
141,229.0,2023-10-12 11:36:00,NFO,02-NOV-2023,229.0,229.0,229.0,500,Options,Put,NIFTY,19950.0,0
142,229.0,2023-10-12 11:37:00,NFO,02-NOV-2023,229.0,229.0,229.0,500,Options,Put,NIFTY,19950.0,0
143,229.0,2023-10-12 11:38:00,NFO,02-NOV-2023,229.0,229.0,229.0,500,Options,Put,NIFTY,19950.0,0
144,229.0,2023-10-12 11:39:00,NFO,02-NOV-2023,229.0,229.0,229.0,500,Options,Put,NIFTY,19950.0,0
145,229.0,2023-10-12 11:40:00,NFO,02-NOV-2023,229.0,229.0,229.0,500,Options,Put,NIFTY,19950.0,0
146,229.0,2023-10-12 11:41:00,NFO,02-NOV-2023,229.0,229.0,229.0,500,Options,Put,NIFTY,19950.0,0
147,229.0,2023-10-12 11:42:00,NFO,02-NOV-2023,229.0,229.0,229.0,500,Options,Put,NIFTY,19950.0,0
148,229.0,2023-10-12 11:43:00,NFO,02-NOV-2023,229.0,229.0,229.0,500,Options,Put,NIFTY,19950.0,0
149,229.0,2023-10-12 11:44:00,NFO,02-NOV-2023,229.0,229.0,229.0,500,Options,Put,NIFTY,19950.0,0
150,229.0,2023-10-12 11:45:00,NFO,02-NOV-2023,229.0,229.0,229.0,500,Options,Put,NIFTY,19950.0,0
151,229.0,2023-10-12 11:46:00,NFO,02-NOV-2023,229.0,229.0,229.0,500,Options,Put,NIFTY,19950.0,0
152,229.0,2023-10-12 11:47:00,NFO,02-NOV-2023,229.0,229.0,229.0,500,Options,Put,NIFTY,19950.0,0
153,229.0,2023-10-12 11:48:00,NFO,02-NOV-2023,229.0,229.0,229.0,500,Options,Put,NIFTY,19950.0,0
154,229.0,2023-10-12 11:49:00,NFO,02-NOV-2023,229.0,229.0,229.0,500,Options,Put,NIFTY,19950.0,0
155,229.0,2023-10-12 11:50:00,NFO,02-NOV-2023,229.0,229.0,229.0,500,Options,Put,NIFTY,19950.0,0
156,229.0,2023-10-12 11:51:00,NFO,02-NOV-2023,229.0,229.0,229.0,500,Options,Put,NIFTY,19950.0,0
157,229.0,2023-10-12 11:52:00,NFO,02-NOV-2023,229.0,229.0,229.0,500,Options,Put,NIFTY,19950.0,0
158,229.0,2023-10-12 11:53:00,NFO,02-NOV-2023,229.0,229.0,229.0,500,Options,Put,NIFTY,19950.0,0
159,229.0,2023-10-12 11:54:00,NFO,02-NOV-2023,229.0,229.0,229.0,500,Options,Put,NIFTY,19950.0,0
160,229.0,2023-10-12 11:55:00,NFO,02-NOV-2023,229.0,229.0,229.0,500,Options,Put,NIFTY,19950.0,0
161,229.0,2023-10-12 11:56:00,NFO,02-NOV-2023,229.0,229.0,229.0,500,Options,Put,NIFTY,19950.0,0
162,229.0,2023-10-12 11:57:00,NFO,02-NOV-2023,229.0,229.0,229.0,500,Options,Put,NIFTY,19950.0,0
163,229.0,2023-10-12 11:58:00,NFO,02-NOV-2023,229.0,229.0,229.0,500,Options,Put,NIFTY,19950.0,0
164,229.0,2023-10-12 11:59:00,NFO,02-NOV-2023,229.0,229.0,229.0,500,Options,Put,NIFTY,19950.0,0
165,229.0,2023-10-12 12:00:00,NFO,02-NOV-2023,229.0,229.0,229.0,500,Options,Put,NIFTY,19950.0,0
166,229.0,2023-10-12 12:01:00,NFO,02-NOV-2023,229.0,229.0,229.0,500,Options,Put,NIFTY,19950.0,0
167,229.0,2023-10-12 12:02:00,NFO,02-NOV-2023,229.0,229.0,229.0,500,Options,Put,NIFTY,19950.0,0
168,229.0,2023-10-12 12:03:00,NFO,02-NOV-2023,229.0,229.0,229.0,500,Options,Put,NIFTY,19950.0,0
169,229.0,2023-10-12 12:04:00,NFO,02-NOV-2023,229.0,229.0,229.0,500,Options,Put,NIFTY,19950.0,0
170,229.0,2023-10-12 12:05:00,NFO,02-NOV-2023,229.0,229.0,229.0,500,Options,Put,NIFTY,19950.0,0
171,229.0,2023-10-12 12:06:00,NFO,02-NOV-2023,229.0,229.0,229.0,500,Options,Put,NIFTY,19950.0,0
172,229.0,2023-10-12 12:07:00,NFO,02-NOV-2023,229.0,229.0,229.0,500,Options,Put,NIFTY,19950.0,0
173,229.0,2023-10-12 12:08:00,NFO,02-NOV-2023,229.0,229.0,229.0,500,Options,Put,NIFTY,19950.0,0
174,229.0,2023-10-12 12:09:00,NFO,02-NOV-2023,229.0,229.0,229.0,500,Options,Put,NIFTY,19950.0,0
175,229.0,2023-10-12 12:10:00,NFO,02-NOV-2023,229.0,229.0,229.0,500,Options,Put,NIFTY,19950.0,0
176,229.0,2023-10-12 12:11:00,NFO,02-NOV-2023,229.0,229.0,229.0,500,Options,Put,NIFTY,19950.0,0
177,229.0,2023-10-12 12:12:00,NFO,02-NOV-2023,229.0,229.0,229.0,500,Options,Put,NIFTY,19950.0,0
178,229.0,2023-10-12 12:13:00,NFO,02-NOV-2023,229.0,229.0,229.0,500,Options,Put,NIFTY,19950.0,0
179,229.0,2023-10-12 12:14:00,NFO,02-NOV-2023,229.0,229.0,229.0,500,Options,Put,NIFTY,19950.0,0
180,229.0,2023-10-12 12:15:00,NFO,02-NOV-2023,229.0,229.0,229.0,500,Options,Put,NIFTY,19950.0,0
181,229.0,2023-10-12 12:16:00,NFO,02-NOV-2023,229.0,229.0,229.0,500,Options,Put,NIFTY,19950.0,0
182,229.0,2023-10-12 12:17:00,NFO,02-NOV-2023,229.0,229.0,229.0,500,Options,Put,NIFTY,19950.0,0
183,229.0,2023-10-12 12:18:00,NFO,02-NOV-2023,229.0,229.0,229.0,500,Options,Put,NIFTY,19950.0,0
184,229.0,2023-10-12 12:19:00,NFO,02-NOV-2023,229.0,229.0,229.0,500,Options,Put,NIFTY,19950.0,0
185,229.0,2023-10-12 12:20:00,NFO,02-NOV-2023,229.0,229.0,229.0,500,Options,Put,NIFTY,19950.0,0
186,229.0,2023-10-12 12:21:00,NFO,02-NOV-2023,229.0,229.0,229.0,500,Options,Put,NIFTY,19950.0,0
187,229.0,2023-10-12 12:22:00,NFO,02-NOV-2023,229.0,229.0,229.0,500,Options,Put,NIFTY,19950.0,0
188,229.0,2023-10-12 12:23:00,NFO,02-NOV-2023,229.0,229.0,229.0,500,Options,Put,NIFTY,19950.0,0
189,229.0,2023-10-12 12:24:00,NFO,02-NOV-2023,229.0,229.0,229.0,500,Options,Put,NIFTY,19950.0,0
190,229.0,2023-10-12 12:25:00,NFO,02-NOV-2023,229.0,229.0,229.0,500,Options,Put,NIFTY,19950.0,0
191,229.0,2023-10-12 12:26:00,NFO,02-NOV-2023,229.0,229.0,229.0,500,Options,Put,NIFTY,19950.0,0
192,229.0,2023-10-12 12:27:00,NFO,02-NOV-2023,229.0,229.0,229.0,500,Options,Put,NIFTY,19950.0,0
193,229.0,2023-10-12 12:28:00,NFO,02-NOV-2023,229.0,229.0,229.0,500,Options,Put,NIFTY,19950.0,0
194,229.0,2023-10-12 12:29:00,NFO,02-NOV-2023,229.0,229.0,229.0,500,Options,Put,NIFTY,19950.0,0
195,229.0,2023-10-12 12:30:00,NFO,02-NOV-2023,229.0,229.0,229.0,500,Options,Put,NIFTY,19950.0,0
196,229.0,2023-10-12 12:31:00,NFO,02-NOV-2023,229.0,229.0,229.0,500,Options,Put,NIFTY,19950.0,0
197,229.0,2023-10-12 12:32:00,NFO,02-NOV-2023,229.0,229.0,229.0,500,Options,Put,NIFTY,19950.0,0
198,229.0,2023-10-12 12:33:00,NFO,02-NOV-2023,229.0,229.0,229.0,500,Options,Put,NIFTY,19950.0,0
199,229.0,2023-10-12 12:34:00,NFO,02-NOV-2023,229.0,229.0,229.0,500,Options,Put,NIFTY,19950.0,0
200,229.0,2023-10-12 12:35:00,NFO,02-NOV-2023,229.0,229.0,229.0,500,Options,Put,NIFTY,19950.0,0
201,229.0,2023-10-12 12:36:00,NFO,02-NOV-2023,229.0,229.0,229.0,500,Options,Put,NIFTY,19950.0,0
202,229.0,2023-10-12 12:37:00,NFO,02-NOV-2023,229.0,229.0,229.0,500,Options,Put,NIFTY,19950.0,0
203,229.0,2023-10-12 12:38:00,NFO,02-NOV-2023,229.0,229.0,229.0,500,Options,Put,NIFTY,19950.0,0
204,229.0,2023-10-12 12:39:00,NFO,02-NOV-2023,229.0,229.0,229.0,500,Options,Put,NIFTY,19950.0,0
205,229.0,2023-10-12 12:40:00,NFO,02-NOV-2023,229.0,229.0,229.0,500,Options,Put,NIFTY,19950.0,0
206,229.0,2023-10-12 12:41:00,NFO,02-NOV-2023,229.0,229.0,229.0,500,Options,Put,NIFTY,19950.0,0
207,229.0,2023-10-12 12:42:00,NFO,02-NOV-2023,229.0,229.0,229.0,500,Options,Put,NIFTY,19950.0,0
208,229.0,2023-10-12 12:43:00,NFO,02-NOV-2023,229.0,229.0,229.0,500,Options,Put,NIFTY,19950.0,0
209,229.0,2023-10-12 12:44:00,NFO,02-NOV-2023,229.0,229.0,229.0,500,Options,Put,NIFTY,19950.0,0
210,229.0,2023-10-12 12:45:00,NFO,02-NOV-2023,229.0,229.0,229.0,500,Options,Put,NIFTY,19950.0,0
211,229.0,2023-10-12 12:46:00,NFO,02-NOV-2023,229.0,229.0,229.0,500,Options,Put,NIFTY,19950.0,0
212,229.0,2023-10-12 12:47:00,NFO,02-NOV-2023,229.0,229.0,229.0,500,Options,Put,NIFTY,19950.0,0
213,229.0,2023-10-12 12:48:00,NFO,02-NOV-2023,229.0,229.0,229.0,500,Options,Put,NIFTY,19950.0,0
214,229.0,2023-10-12 12:49:00,NFO,02-NOV-2023,229.0,229.0,229.0,500,Options,Put,NIFTY,19950.0,0
215,229.0,2023-10-12 12:50:00,NFO,02-NOV-2023,229.0,229.0,229.0,500,Options,Put,NIFTY,19950.0,0
216,229.0,2023-10-12 12:51:00,NFO,02-NOV-2023,229.0,229.0,229.0,500,Options,Put,NIFTY,19950.0,0
217,229.0,2023-10-12 12:52:00,NFO,02-NOV-2023,229.0,229.0,229.0,500,Options,Put,NIFTY,19950.0,0
218,229.0,2023-10-12 12:53:00,NFO,02-NOV-2023,229.0,229.0,229.0,500,Options,Put,NIFTY,19950.0,0
219,229.0,2023-10-12 12:54:00,NFO,02-NOV-2023,229.0,229.0,229.0,500,Options,Put,NIFTY,19950.0,0
220,229.0,2023-10-12 12:55:00,NFO,02-NOV-2023,229.0,229.0,229.0,500,Options,Put,NIFTY,19950.0,0
221,229.0,2023-10-12 12:56:00,NFO,02-NOV-2023,229.0,229.0,229.0,500,Options,Put,NIFTY,19950.0,0
222,229.0,2023-10-12 12:57:00,NFO,02-NOV-2023,229.0,229.0,229.0,500,Options,Put,NIFTY,19950.0,0
223,229.0,2023-10-12 12:58:00,NFO,02-NOV-2023,229.0,229.0,229.0,500,Options,Put,NIFTY,19950.0,0
224,229.0,2023-10-12 12:59:00,NFO,02-NOV-2023,229.0,229.0,229.0,500,Options,Put,NIFTY,19950.0,0
225,229.0,2023-10-12 13:00:00,NFO,02-NOV-2023,229.0,229.0,229.0,500,Options,Put,NIFTY,19950.0,0
226,229.0,2023-10-12 13:01:00,NFO,02-NOV-2023,229.0,229.0,229.0,500,Options,Put,NIFTY,19950.0,0
227,229.0,2023-10-12 13:02:00,NFO,02-NOV-2023,229.0,229.0,229.0,500,Options,Put,NIFTY,19950.0,0
228,229.0,2023-10-12 13:03:00,NFO,02-NOV-2023,229.0,229.0,229.0,500,Options,Put,NIFTY,19950.0,0
229,229.0,2023-10-12 13:04:00,NFO,02-NOV-2023,229.0,229.0,229.0,500,Options,Put,NIFTY,19950.0,0
230,229.0,2023-10-12 13:05:00,NFO,02-NOV-2023,229.0,229.0,229.0,500,Options,Put,NIFTY,19950.0,0
231,229.0,2023-10-12 13:06:00,NFO,02-NOV-2023,229.0,229.0,229.0,500,Options,Put,NIFTY,19950.0,0
232,229.0,2023-10-12 13:07:00,NFO,02-NOV-2023,229.0,229.0,229.0,500,Options,Put,NIFTY,19950.0,0
233,229.0,2023-10-12 13:08:00,NFO,02-NOV-2023,229.0,229.0,229.0,500,Options,Put,NIFTY,19950.0,0
234,229.0,2023-10-12 13:09:00,NFO,02-NOV-2023,229.0,229.0,229.0,500,Options,Put,NIFTY,19950.0,0
235,229.0,2023-10-12 13:10:00,NFO,02-NOV-2023,229.0,229.0,229.0,500,Options,Put,NIFTY,19950.0,0
236,229.0,2023-10-12 13:11:00,NFO,02-NOV-2023,229.0,229.0,229.0,500,Options,Put,NIFTY,19950.0,0
237,229.0,2023-10-12 13:12:00,NFO,02-NOV-2023,229.0,229.0,229.0,500,Options,Put,NIFTY,19950.0,0
238,229.0,2023-10-12 13:13:00,NFO,02-NOV-2023,229.0,229.0,229.0,500,Options,Put,NIFTY,19950.0,0
239,229.0,2023-10-12 13:14:00,NFO,02-NOV-2023,229.0,229.0,229.0,500,Options,Put,NIFTY,19950.0,0
240,229.0,2023-10-12 13:15:00,NFO,02-NOV-2023,229.0,229.0,229.0,500,Options,Put,NIFTY,19950.0,0
241,229.0,2023-10-12 13:16:00,NFO,02-NOV-2023,229.0,229.0,229.0,500,Options,Put,NIFTY,19950.0,0
242,229.0,2023-10-12 13:17:00,NFO,02-NOV-2023,229.0,229.0,229.0,500,Options,Put,NIFTY,19950.0,0
243,229.0,2023-10-12 13:18:00,NFO,02-NOV-2023,229.0,229.0,229.0,500,Options,Put,NIFTY,19950.0,0
244,229.0,2023-10-12 13:19:00,NFO,02-NOV-2023,229.0,229.0,229.0,500,Options,Put,NIFTY,19950.0,0
245,229.0,2023-10-12 13:20:00,NFO,02-NOV-2023,229.0,229.0,229.0,500,Options,Put,NIFTY,19950.0,0
246,229.0,2023-10-12 13:21:00,NFO,02-NOV-2023,229.0,229.0,229.0,500,Options,Put,NIFTY,19950.0,0
247,229.0,2023-10-12 13:22:00,NFO,02-NOV-2023,229.0,229.0,229.0,500,Options,Put,NIFTY,19950.0,0
248,229.0,2023-10-12 13:23:00,NFO,02-NOV-2023,229.0,229.0,229.0,500,Options,Put,NIFTY,19950.0,0
249,229.0,2023-10-12 13:24:00,NFO,02-NOV-2023,229.0,229.0,229.0,500,Options,Put,NIFTY,19950.0,0
250,229.0,2023-10-12 13:25:00,NFO,02-NOV-2023,229.0,229.0,229.0,500,Options,Put,NIFTY,19950.0,0
251,229.0,2023-10-12 13:26:00,NFO,02-NOV-2023,229.0,229.0,229.0,500,Options,Put,NIFTY,19950.0,0
252,229.0,2023-10-12 13:27:00,NFO,02-NOV-2023,229.0,229.0,229.0,500,Options,Put,NIFTY,19950.0,0
253,229.0,2023-10-12 13:28:00,NFO,02-NOV-2023,229.0,229.0,229.0,500,Options,Put,NIFTY,19950.0,0
254,229.0,2023-10-12 13:29:00,NFO,02-NOV-2023,229.0,229.0,229.0,500,Options,Put,NIFTY,19950.0,0
255,229.0,2023-10-12 13:30:00,NFO,02-NOV-2023,229.0,229.0,229.0,500,Options,Put,NIFTY,19950.0,0
256,229.0,2023-10-12 13:31:00,NFO,02-NOV-2023,229.0,229.0,229.0,500,Options,Put,NIFTY,19950.0,0
257,229.0,2023-10-12 13:32:00,NFO,02-NOV-2023,229.0,229.0,229.0,500,Options,Put,NIFTY,19950.0,0
258,229.0,2023-10-12 13:33:00,NFO,02-NOV-2023,229.0,229.0,229.0,500,Options,Put,NIFTY,19950.0,0
259,229.0,2023-10-12 13:34:00,NFO,02-NOV-2023,229.0,229.0,229.0,500,Options,Put,NIFTY,19950.0,0
260,229.0,2023-10-12 13:35:00,NFO,02-NOV-2023,229.0,229.0,229.0,500,Options,Put,NIFTY,19950.0,0
261,229.0,2023-10-12 13:36:00,NFO,02-NOV-2023,229.0,229.0,229.0,500,Options,Put,NIFTY,19950.0,0
262,229.0,2023-10-12 13:37:00,NFO,02-NOV-2023,229.0,229.0,229.0,500,Options,Put,NIFTY,19950.0,0
263,229.0,2023-10-12 13:38:00,NFO,02-NOV-2023,229.0,229.0,229.0,500,Options,Put,NIFTY,19950.0,0
264,229.0,2023-10-12 13:39:00,NFO,02-NOV-2023,229.0,229.0,229.0,500,Options,Put,NIFTY,19950.0,0
265,229.0,2023-10-12 13:40:00,NFO,02-NOV-2023,229.0,229.0,229.0,500,Options,Put,NIFTY,19950.0,0
266,229.0,2023-10-12 13:41:00,NFO,02-NOV-2023,229.0,229.0,229.0,500,Options,Put,NIFTY,19950.0,0
267,229.0,2023-10-12 13:42:00,NFO,02-NOV-2023,229.0,229.0,229.0,500,Options,Put,NIFTY,19950.0,0
268,229.0,2023-10-12 13:43:00,NFO,02-NOV-2023,229.0,229.0,229.0,500,Options,Put,NIFTY,19950.0,0
269,229.0,2023-10-12 13:44:00,NFO,02-NOV-2023,229.0,229.0,229.0,500,Options,Put,NIFTY,19950.0,0
270,229.0,2023-10-12 13:45:00,NFO,02-NOV-2023,229.0,229.0,229.0,500,Options,Put,NIFTY,19950.0,0
271,229.0,2023-10-12 13:46:00,NFO,02-NOV-2023,229.0,229.0,229.0,500,Options,Put,NIFTY,19950.0,0
272,229.0,2023-10-12 13:47:00,NFO,02-NOV-2023,229.0,229.0,229.0,500,Options,Put,NIFTY,19950.0,0
273,229.0,2023-10-12 13:48:00,NFO,02-NOV-2023,229.0,229.0,229.0,500,Options,Put,NIFTY,19950.0,0
274,229.0,2023-10-12 13:49:00,NFO,02-NOV-2023,229.0,229.0,229.0,500,Options,Put,NIFTY,19950.0,0
275,229.0,2023-10-12 13:50:00,NFO,02-NOV-2023,229.0,229.0,229.0,500,Options,Put,NIFTY,19950.0,0
276,229.0,2023-10-12 13:51:00,NFO,02-NOV-2023,229.0,229.0,229.0,500,Options,Put,NIFTY,19950.0,0
277,229.0,2023-10-12 13:52:00,NFO,02-NOV-2023,229.0,229.0,229.0,500,Options,Put,NIFTY,19950.0,0
278,229.0,2023-10-12 13:53:00,NFO,02-NOV-2023,229.0,229.0,229.0,500,Options,Put,NIFTY,19950.0,0
279,229.0,2023-10-12 13:54:00,NFO,02-NOV-2023,229.0,229.0,229.0,500,Options,Put,NIFTY,19950.0,0
280,229.0,2023-10-12 13:55:00,NFO,02-NOV-2023,229.0,229.0,229.0,500,Options,Put,NIFTY,19950.0,0
281,229.0,2023-10-12 13:56:00,NFO,02-NOV-2023,229.0,229.0,229.0,500,Options,Put,NIFTY,19950.0,0
282,229.0,2023-10-12 13:57:00,NFO,02-NOV-2023,229.0,229.0,229.0,500,Options,Put,NIFTY,19950.0,0
283,229.0,2023-10-12 13:58:00,NFO,02-NOV-2023,229.0,229.0,229.0,500,Options,Put,NIFTY,19950.0,0
284,229.0,2023-10-12 13:59:00,NFO,02-NOV-2023,229.0,229.0,229.0,500,Options,Put,NIFTY,19950.0,0
285,229.0,2023-10-12 14:00:00,NFO,02-NOV-2023,229.0,229.0,229.0,500,Options,Put,NIFTY,19950.0,0
286,229.0,2023-10-12 14:01:00,NFO,02-NOV-2023,229.0,229.0,229.0,500,Options,Put,NIFTY,19950.0,0
287,229.0,2023-10-12 14:02:00,NFO,02-NOV-2023,229.0,229.0,229.0,500,Options,Put,NIFTY,19950.0,0
288,229.0,2023-10-12 14:03:00,NFO,02-NOV-2023,229.0,229.0,229.0,500,Options,Put,NIFTY,19950.0,0
289,229.0,2023-10-12 14:04:00,NFO,02-NOV-2023,229.0,229.0,229.0,500,Options,Put,NIFTY,19950.0,0
290,229.0,2023-10-12 14:05:00,NFO,02-NOV-2023,229.0,229.0,229.0,500,Options,Put,NIFTY,19950.0,0
291,229.0,2023-10-12 14:06:00,NFO,02-NOV-2023,229.0,229.0,229.0,500,Options,Put,NIFTY,19950.0,0
292,229.0,2023-10-12 14:07:00,NFO,02-NOV-2023,229.0,229.0,229.0,500,Options,Put,NIFTY,19950.0,0
293,229.0,2023-10-12 14:08:00,NFO,02-NOV-2023,229.0,229.0,229.0,500,Options,Put,NIFTY,19950.0,0
294,229.0,2023-10-12 14:09:00,NFO,02-NOV-2023,229.0,229.0,229.0,500,Options,Put,NIFTY,19950.0,0
295,229.0,2023-10-12 14:10:00,NFO,02-NOV-2023,229.0,229.0,229.0,500,Options,Put,NIFTY,19950.0,0
296,229.0,2023-10-12 14:11:00,NFO,02-NOV-2023,229.0,229.0,229.0,500,Options,Put,NIFTY,19950.0,0
297,229.0,2023-10-12 14:12:00,NFO,02-NOV-2023,229.0,229.0,229.0,500,Options,Put,NIFTY,19950.0,0
298,229.0,2023-10-12 14:13:00,NFO,02-NOV-2023,229.0,229.0,229.0,500,Options,Put,NIFTY,19950.0,0
299,229.0,2023-10-12 14:14:00,NFO,02-NOV-2023,229.0,229.0,229.0,500,Options,Put,NIFTY,19950.0,0
300,229.0,2023-10-12 14:15:00,NFO,02-NOV-2023,229.0,229.0,229.0,500,Options,Put,NIFTY,19950.0,0
301,229.0,2023-10-12 14:16:00,NFO,02-NOV-2023,229.0,229.0,229.0,500,Options,Put,NIFTY,19950.0,0
302,229.0,2023-10-12 14:17:00,NFO,02-NOV-2023,229.0,229.0,229.0,500,Options,Put,NIFTY,19950.0,0
303,229.0,2023-10-12 14:18:00,NFO,02-NOV-2023,229.0,229.0,229.0,500,Options,Put,NIFTY,19950.0,0
304,229.0,2023-10-12 14:19:00,NFO,02-NOV-2023,229.0,229.0,229.0,500,Options,Put,NIFTY,19950.0,0
305,229.0,2023-10-12 14:20:00,NFO,02-NOV-2023,229.0,229.0,229.0,500,Options,Put,NIFTY,19950.0,0
306,229.0,2023-10-12 14:21:00,NFO,02-NOV-2023,229.0,229.0,229.0,500,Options,Put,NIFTY,19950.0,0
307,229.0,2023-10-12 14:22:00,NFO,02-NOV-2023,229.0,229.0,229.0,500,Options,Put,NIFTY,19950.0,0
308,229.0,2023-10-12 14:23:00,NFO,02-NOV-2023,229.0,229.0,229.0,500,Options,Put,NIFTY,19950.0,0
309,229.0,2023-10-12 14:24:00,NFO,02-NOV-2023,229.0,229.0,229.0,500,Options,Put,NIFTY,19950.0,0
310,229.0,2023-10-12 14:25:00,NFO,02-NOV-2023,229.0,229.0,229.0,500,Options,Put,NIFTY,19950.0,0
311,229.0,2023-10-12 14:26:00,NFO,02-NOV-2023,229.0,229.0,229.0,500,Options,Put,NIFTY,19950.0,0
312,229.0,2023-10-12 14:27:00,NFO,02-NOV-2023,229.0,229.0,229.0,500,Options,Put,NIFTY,19950.0,0
313,229.0,2023-10-12 14:28:00,NFO,02-NOV-2023,229.0,229.0,229.0,500,Options,Put,NIFTY,19950.0,0
314,229.0,2023-10-12 14:29:00,NFO,02-NOV-2023,229.0,229.0,229.0,500,Options,Put,NIFTY,19950.0,0
315,229.0,2023-10-12 14:30:00,NFO,02-NOV-2023,229.0,229.0,229.0,500,Options,Put,NIFTY,19950.0,0
316,229.0,2023-10-12 14:31:00,NFO,02-NOV-2023,229.0,229.0,229.0,500,Options,Put,NIFTY,19950.0,0
317,229.0,2023-10-12 14:32:00,NFO,02-NOV-2023,229.0,229.0,229.0,500,Options,Put,NIFTY,19950.0,0
318,229.0,2023-10-12 14:33:00,NFO,02-NOV-2023,229.0,229.0,229.0,500,Options,Put,NIFTY,19950.0,0
319,229.0,2023-10-12 14:34:00,NFO,02-NOV-2023,229.0,229.0,229.0,500,Options,Put,NIFTY,19950.0,0
320,229.0,2023-10-12 14:35:00,NFO,02-NOV-2023,229.0,229.0,229.0,500,Options,Put,NIFTY,19950.0,0
321,229.0,2023-10-12 14:36:00,NFO,02-NOV-2023,229.0,229.0,229.0,500,Options,Put,NIFTY,19950.0,0
322,229.0,2023-10-12 14:37:00,NFO,02-NOV-2023,229.0,229.0,229.0,500,Options,Put,NIFTY,19950.0,0
323,229.0,2023-10-12 14:38:00,NFO,02-NOV-2023,229.0,229.0,229.0,500,Options,Put,NIFTY,19950.0,0
324,229.0,2023-10-12 14:39:00,NFO,02-NOV-2023,229.0,229.0,229.0,500,Options,Put,NIFTY,19950.0,0
325,229.0,2023-10-12 14:40:00,NFO,02-NOV-2023,229.0,229.0,229.0,500,Options,Put,NIFTY,19950.0,0
326,229.0,2023-10-12 14:41:00,NFO,02-NOV-2023,229.0,229.0,229.0,500,Options,Put,NIFTY,19950.0,0
327,229.0,2023-10-12 14:42:00,NFO,02-NOV-2023,229.0,229.0,229.0,500,Options,Put,NIFTY,19950.0,0
328,229.0,2023-10-12 14:43:00,NFO,02-NOV-2023,229.0,229.0,229.0,500,Options,Put,NIFTY,19950.0,0
329,229.0,2023-10-12 14:44:00,NFO,02-NOV-2023,229.0,229.0,229.0,500,Options,Put,NIFTY,19950.0,0
330,229.0,2023-10-12 14:45:00,NFO,02-NOV-2023,229.0,229.0,229.0,500,Options,Put,NIFTY,19950.0,0
331,229.0,2023-10-12 14:46:00,NFO,02-NOV-2023,229.0,229.0,229.0,500,Options,Put,NIFTY,19950.0,0
332,229.0,2023-10-12 14:47:00,NFO,02-NOV-2023,229.0,229.0,229.0,500,Options,Put,NIFTY,19950.0,0
333,229.0,2023-10-12 14:48:00,NFO,02-NOV-2023,229.0,229.0,229.0,500,Options,Put,NIFTY,19950.0,0
334,229.0,2023-10-12 14:49:00,NFO,02-NOV-2023,229.0,229.0,229.0,500,Options,Put,NIFTY,19950.0,0
335,229.0,2023-10-12 14:50:00,NFO,02-NOV-2023,229.0,229.0,229.0,500,Options,Put,NIFTY,19950.0,0
336,229.0,2023-10-12 14:51:00,NFO,02-NOV-2023,229.0,229.0,229.0,500,Options,Put,NIFTY,19950.0,0
337,229.0,2023-10-12 14:52:00,NFO,02-NOV-2023,229.0,229.0,229.0,500,Options,Put,NIFTY,19950.0,0
338,229.0,2023-10-12 14:53:00,NFO,02-NOV-2023,229.0,229.0,229.0,500,Options,Put,NIFTY,19950.0,0
339,229.0,2023-10-12 14:54:00,NFO,02-NOV-2023,229.0,229.0,229.0,500,Options,Put,NIFTY,19950.0,0
340,229.0,2023-10-12 14:55:00,NFO,02-NOV-2023,229.0,229.0,229.0,500,Options,Put,NIFTY,19950.0,0
341,229.0,2023-10-12 14:56:00,NFO,02-NOV-2023,229.0,229.0,229.0,500,Options,Put,NIFTY,19950.0,0
342,229.0,2023-10-12 14:57:00,NFO,02-NOV-2023,229.0,229.0,229.0,500,Options,Put,NIFTY,19950.0,0
343,229.0,2023-10-12 14:58:00,NFO,02-NOV-2023,229.0,229.0,229.0,500,Options,Put,NIFTY,19950.0,0
344,229.0,2023-10-12 14:59:00,NFO,02-NOV-2023,229.0,229.0,229.0,500,Options,Put,NIFTY,19950.0,0
345,229.0,2023-10-12 15:00:00,NFO,02-NOV-2023,229.0,229.0,229.0,500,Options,Put,NIFTY,19950.0,0
346,229.0,2023-10-12 15:01:00,NFO,02-NOV-2023,229.0,229.0,229.0,500,Options,Put,NIFTY,19950.0,0
347,229.0,2023-10-12 15:02:00,NFO,02-NOV-2023,229.0,229.0,229.0,500,Options,Put,NIFTY,19950.0,0
348,229.0,2023-10-12 15:03:00,NFO,02-NOV-2023,229.0,229.0,229.0,500,Options,Put,NIFTY,19950.0,0
349,229.0,2023-10-12 15:04:00,NFO,02-NOV-2023,229.0,229.0,229.0,500,Options,Put,NIFTY,19950.0,0
350,229.0,2023-10-12 15:05:00,NFO,02-NOV-2023,229.0,229.0,229.0,500,Options,Put,NIFTY,19950.0,0
351,229.0,2023-10-12 15:06:00,NFO,02-NOV-2023,229.0,229.0,229.0,500,Options,Put,NIFTY,19950.0,0
352,229.0,2023-10-12 15:07:00,NFO,02-NOV-2023,229.0,229.0,229.0,500,Options,Put,NIFTY,19950.0,0
353,229.0,2023-10-12 15:08:00,NFO,02-NOV-2023,229.0,229.0,229.0,500,Options,Put,NIFTY,19950.0,0
354,229.0,2023-10-12 15:09:00,NFO,02-NOV-2023,229.0,229.0,229.0,500,Options,Put,NIFTY,19950.0,0
355,229.0,2023-10-12 15:10:00,NFO,02-NOV-2023,229.0,229.0,229.0,500,Options,Put,NIFTY,19950.0,0
356,229.0,2023-10-12 15:11:00,NFO,02-NOV-2023,229.0,229.0,229.0,500,Options,Put,NIFTY,19950.0,0
357,229.0,2023-10-12 15:12:00,NFO,02-NOV-2023,229.0,229.0,229.0,500,Options,Put,NIFTY,19950.0,0
358,229.0,2023-10-12 15:13:00,NFO,02-NOV-2023,229.0,229.0,229.0,500,Options,Put,NIFTY,19950.0,0
359,229.0,2023-10-12 15:14:00,NFO,02-NOV-2023,229.0,229.0,229.0,500,Options,Put,NIFTY,19950.0,0
360,229.0,2023-10-12 15:15:00,NFO,02-NOV-2023,229.0,229.0,229.0,500,Options,Put,NIFTY,19950.0,0
361,229.0,2023-10-12 15:16:00,NFO,02-NOV-2023,229.0,229.0,229.0,500,Options,Put,NIFTY,19950.0,0
362,229.0,2023-10-12 15:17:00,NFO,02-NOV-2023,229.0,229.0,229.0,500,Options,Put,NIFTY,19950.0,0
363,229.0,2023-10-12 15:18:00,NFO,02-NOV-2023,229.0,229.0,229.0,500,Options,Put,NIFTY,19950.0,0
364,229.0,2023-10-12 15:19:00,NFO,02-NOV-2023,229.0,229.0,229.0,500,Options,Put,NIFTY,19950.0,0
365,229.0,2023-10-12 15:20:00,NFO,02-NOV-2023,229.0,229.0,229.0,500,Options,Put,NIFTY,19950.0,0
366,229.0,2023-10-12 15:21:00,NFO,02-NOV-2023,229.0,229.0,229.0,500,Options,Put,NIFTY,19950.0,0
367,229.0,2023-10-12 15:22:00,NFO,02-NOV-2023,229.0,229.0,229.0,500,Options,Put,NIFTY,19950.0,0
368,229.0,2023-10-12 15:23:00,NFO,02-NOV-2023,229.0,229.0,229.0,500,Options,Put,NIFTY,19950.0,0
369,229.0,2023-10-12 15:24:00,NFO,02-NOV-2023,229.0,229.0,229.0,500,Options,Put,NIFTY,19950.0,0
370,229.0,2023-10-12 15:25:00,NFO,02-NOV-2023,229.0,229.0,229.0,500,Options,Put,NIFTY,19950.0,0
371,229.0,2023-10-12 15:26:00,NFO,02-NOV-2023,229.0,229.0,229.0,500,Options,Put,NIFTY,19950.0,0
372,229.0,2023-10-12 15:27:00,NFO,02-NOV-2023,229.0,229.0,229.0,500,Options,Put,NIFTY,19950.0,0
373,229.0,2023-10-12 15:28:00,NFO,02-NOV-2023,229.0,229.0,229.0,500,Options,Put,NIFTY,19950.0,0
374,229.0,2023-10-12 15:29:00,NFO,02-NOV-2023,229.0,229.0,229.0,500,Options,Put,NIFTY,19950.0,0
