,datetime,close,exchange_code,high,low,open,stock_code,volume
0,2022-11-23 09:30:00,420.35,NSE,420.35,419.6,419.95,GLEPHA,4624
1,2022-11-23 09:31:00,419.7,NSE,420.0,419.7,420.0,GLEPHA,1804
2,2022-11-23 09:32:00,419.7,NSE,419.9,419.65,419.65,GLEPHA,838
3,2022-11-23 09:33:00,419.75,NSE,419.75,419.65,419.75,GLEPHA,2440
4,2022-11-23 09:34:00,419.85,NSE,419.9,419.55,419.55,GLEPHA,281
5,2022-11-23 09:35:00,419.95,NSE,419.95,419.55,419.6,GLEPHA,1318
6,2022-11-23 09:36:00,419.8,NSE,420.0,419.8,419.8,GLEPHA,606
7,2022-11-23 09:37:00,419.0,NSE,419.8,418.8,419.8,GLEPHA,9155
8,2022-11-23 09:38:00,419.5,NSE,419.55,419.0,419.0,GLEPHA,367
9,2022-11-23 09:39:00,419.95,NSE,419.95,419.45,419.5,GLEPHA,3276
10,2022-11-23 09:40:00,419.5,NSE,420.0,419.45,419.75,GLEPHA,3073
11,2022-11-23 09:41:00,419.9,NSE,419.9,419.45,419.55,GLEPHA,5257
12,2022-11-23 09:42:00,419.6,NSE,419.75,419.6,419.6,GLEPHA,1389
13,2022-11-23 09:43:00,419.7,NSE,419.8,419.5,419.6,GLEPHA,4660
14,2022-11-23 09:44:00,419.55,NSE,419.75,419.5,419.75,GLEPHA,1533
15,2022-11-23 09:45:00,419.75,NSE,419.75,419.5,419.65,GLEPHA,1721
16,2022-11-23 09:46:00,419.9,NSE,419.9,419.75,419.75,GLEPHA,2227
17,2022-11-23 09:47:00,419.95,NSE,419.95,419.5,419.9,GLEPHA,1321
18,2022-11-23 09:48:00,419.6,NSE,419.6,419.6,419.6,GLEPHA,112
19,2022-11-23 09:49:00,420.2,NSE,420.2,419.9,419.9,GLEPHA,1931
20,2022-11-23 09:50:00,420.2,NSE,420.25,420.05,420.05,GLEPHA,1384
21,2022-11-23 09:51:00,420.0,NSE,420.15,420.0,420.15,GLEPHA,3419
22,2022-11-23 09:52:00,419.6,NSE,420.0,419.6,419.9,GLEPHA,406
23,2022-11-23 09:53:00,419.5,NSE,419.75,419.5,419.75,GLEPHA,116
24,2022-11-23 09:54:00,419.05,NSE,419.45,419.05,419.45,GLEPHA,4630
25,2022-11-23 09:55:00,419.45,NSE,419.45,419.05,419.05,GLEPHA,484
26,2022-11-23 09:56:00,419.3,NSE,419.45,419.15,419.45,GLEPHA,835
27,2022-11-23 09:57:00,419.25,NSE,419.3,419.25,419.3,GLEPHA,1742
28,2022-11-23 09:58:00,419.1,NSE,419.3,419.0,419.15,GLEPHA,2003
29,2022-11-23 09:59:00,419.1,NSE,419.25,419.1,419.1,GLEPHA,317
30,2022-11-23 10:00:00,419.15,NSE,419.15,419.0,419.1,GLEPHA,2526
31,2022-11-23 10:01:00,419.3,NSE,419.3,419.0,419.0,GLEPHA,2469
32,2022-11-23 10:02:00,419.25,NSE,419.45,419.15,419.25,GLEPHA,4299
33,2022-11-23 10:03:00,419.5,NSE,419.5,419.25,419.25,GLEPHA,587
34,2022-11-23 10:04:00,419.25,NSE,419.5,419.25,419.45,GLEPHA,225
35,2022-11-23 10:05:00,419.55,NSE,419.55,419.2,419.2,GLEPHA,1028
36,2022-11-23 10:06:00,419.25,NSE,419.4,419.2,419.25,GLEPHA,1196
37,2022-11-23 10:07:00,419.2,NSE,419.2,419.2,419.2,GLEPHA,271
38,2022-11-23 10:08:00,419.3,NSE,419.3,419.0,419.2,GLEPHA,8899
39,2022-11-23 10:09:00,419.2,NSE,419.2,419.0,419.0,GLEPHA,101
40,2022-11-23 10:10:00,418.6,NSE,419.2,418.6,419.0,GLEPHA,2914
41,2022-11-23 10:11:00,417.9,NSE,418.5,417.2,418.5,GLEPHA,14003
42,2022-11-23 10:12:00,417.6,NSE,417.95,417.6,417.9,GLEPHA,7289
43,2022-11-23 10:13:00,417.95,NSE,417.95,417.7,417.7,GLEPHA,2555
44,2022-11-23 10:14:00,417.7,NSE,417.95,417.7,417.95,GLEPHA,2184
45,2022-11-23 10:15:00,417.65,NSE,417.9,417.4,417.8,GLEPHA,1991
46,2022-11-23 10:16:00,417.6,NSE,417.65,417.4,417.5,GLEPHA,1056
47,2022-11-23 10:17:00,417.4,NSE,417.6,417.4,417.4,GLEPHA,2823
48,2022-11-23 10:18:00,417.65,NSE,417.65,417.4,417.4,GLEPHA,449
49,2022-11-23 10:19:00,417.95,NSE,418.0,417.6,417.6,GLEPHA,241
50,2022-11-23 10:20:00,417.8,NSE,417.95,417.55,417.7,GLEPHA,1631
51,2022-11-23 10:21:00,417.8,NSE,417.8,417.6,417.6,GLEPHA,75
52,2022-11-23 10:22:00,417.55,NSE,417.8,417.55,417.8,GLEPHA,344
53,2022-11-23 10:23:00,417.6,NSE,417.85,417.6,417.7,GLEPHA,475
54,2022-11-23 10:24:00,417.9,NSE,417.9,417.5,417.6,GLEPHA,1602
55,2022-11-23 10:25:00,417.9,NSE,417.9,417.65,417.65,GLEPHA,107
56,2022-11-23 10:26:00,417.6,NSE,417.9,417.6,417.8,GLEPHA,2313
57,2022-11-23 10:27:00,417.85,NSE,417.85,417.6,417.6,GLEPHA,520
58,2022-11-23 10:28:00,417.95,NSE,417.95,417.4,417.4,GLEPHA,4545
59,2022-11-23 10:29:00,417.95,NSE,417.95,417.9,417.9,GLEPHA,100
60,2022-11-23 10:30:00,417.75,NSE,417.95,417.75,417.75,GLEPHA,317
61,2022-11-23 10:31:00,418.6,NSE,418.6,418.0,418.0,GLEPHA,14795
62,2022-11-23 10:32:00,418.45,NSE,418.8,418.4,418.4,GLEPHA,2264
63,2022-11-23 10:33:00,419.35,NSE,419.35,418.45,418.45,GLEPHA,7527
64,2022-11-23 10:34:00,419.4,NSE,419.9,419.05,419.05,GLEPHA,3607
65,2022-11-23 10:35:00,419.5,NSE,419.5,419.3,419.3,GLEPHA,174
66,2022-11-23 10:36:00,418.5,NSE,418.7,418.0,418.4,GLEPHA,5531
67,2022-11-23 10:37:00,419.3,NSE,419.35,418.5,418.6,GLEPHA,4047
68,2022-11-23 10:38:00,418.75,NSE,419.2,418.75,419.2,GLEPHA,402
69,2022-11-23 10:39:00,419.0,NSE,419.05,418.75,418.75,GLEPHA,189
70,2022-11-23 10:40:00,418.8,NSE,419.0,418.8,419.0,GLEPHA,1222
71,2022-11-23 10:41:00,418.8,NSE,419.0,418.8,419.0,GLEPHA,219
72,2022-11-23 10:42:00,418.6,NSE,418.85,418.6,418.65,GLEPHA,340
73,2022-11-23 10:43:00,418.55,NSE,418.9,418.55,418.9,GLEPHA,12
74,2022-11-23 10:44:00,418.8,NSE,418.8,418.5,418.5,GLEPHA,603
75,2022-11-23 10:45:00,418.85,NSE,418.85,418.55,418.8,GLEPHA,367
76,2022-11-23 10:46:00,419.35,NSE,419.35,418.55,418.55,GLEPHA,1099
77,2022-11-23 10:47:00,419.6,NSE,419.85,419.3,419.3,GLEPHA,749
78,2022-11-23 10:48:00,419.75,NSE,419.8,419.6,419.6,GLEPHA,257
79,2022-11-23 10:49:00,419.85,NSE,419.85,419.6,419.85,GLEPHA,1120
80,2022-11-23 10:50:00,419.7,NSE,419.7,419.45,419.7,GLEPHA,926
81,2022-11-23 10:51:00,419.7,NSE,419.7,419.7,419.7,GLEPHA,553
82,2022-11-23 10:52:00,419.75,NSE,419.75,419.5,419.5,GLEPHA,529
83,2022-11-23 10:53:00,419.95,NSE,419.95,419.75,419.75,GLEPHA,1536
84,2022-11-23 10:54:00,419.8,NSE,419.95,419.65,419.95,GLEPHA,29
85,2022-11-23 10:55:00,419.9,NSE,419.9,419.9,419.9,GLEPHA,251
86,2022-11-23 10:56:00,419.45,NSE,419.9,419.45,419.9,GLEPHA,1056
87,2022-11-23 10:57:00,419.45,NSE,419.65,419.45,419.65,GLEPHA,331
88,2022-11-23 10:58:00,419.65,NSE,419.65,419.35,419.35,GLEPHA,813
89,2022-11-23 10:59:00,419.45,NSE,419.65,419.45,419.65,GLEPHA,26
90,2022-11-23 11:00:00,419.35,NSE,419.65,419.35,419.65,GLEPHA,565
91,2022-11-23 11:01:00,419.4,NSE,419.6,419.35,419.35,GLEPHA,698
92,2022-11-23 11:02:00,419.3,NSE,419.4,419.3,419.35,GLEPHA,699
93,2022-11-23 11:03:00,419.55,NSE,419.55,419.35,419.35,GLEPHA,237
94,2022-11-23 11:04:00,419.4,NSE,419.65,419.25,419.65,GLEPHA,523
95,2022-11-23 11:05:00,419.4,NSE,419.4,419.15,419.2,GLEPHA,223
96,2022-11-23 11:06:00,419.35,NSE,419.4,419.1,419.4,GLEPHA,472
97,2022-11-23 11:07:00,419.15,NSE,419.15,419.15,419.15,GLEPHA,96
98,2022-11-23 11:08:00,419.55,NSE,419.55,419.15,419.15,GLEPHA,299
99,2022-11-23 11:09:00,419.5,NSE,419.5,419.15,419.5,GLEPHA,547
100,2022-11-23 11:10:00,419.6,NSE,419.6,419.35,419.55,GLEPHA,221
101,2022-11-23 11:11:00,419.6,NSE,419.65,419.25,419.65,GLEPHA,625
102,2022-11-23 11:12:00,419.6,NSE,419.6,419.4,419.6,GLEPHA,2133
103,2022-11-23 11:13:00,419.35,NSE,419.65,419.35,419.65,GLEPHA,478
104,2022-11-23 11:14:00,419.55,NSE,419.55,419.35,419.35,GLEPHA,61
105,2022-11-23 11:15:00,419.25,NSE,419.5,419.25,419.25,GLEPHA,499
106,2022-11-23 11:16:00,419.1,NSE,419.25,419.1,419.25,GLEPHA,418
107,2022-11-23 11:17:00,419.4,NSE,419.5,419.05,419.05,GLEPHA,158
108,2022-11-23 11:18:00,419.4,NSE,419.4,419.05,419.4,GLEPHA,901
109,2022-11-23 11:19:00,419.15,NSE,419.45,419.15,419.45,GLEPHA,532
110,2022-11-23 11:20:00,419.15,NSE,419.35,419.15,419.15,GLEPHA,167
111,2022-11-23 11:21:00,419.5,NSE,419.5,419.2,419.2,GLEPHA,577
112,2022-11-23 11:22:00,419.3,NSE,419.65,419.3,419.65,GLEPHA,354
113,2022-11-23 11:23:00,419.35,NSE,419.55,419.35,419.55,GLEPHA,187
114,2022-11-23 11:24:00,419.55,NSE,419.65,419.25,419.65,GLEPHA,367
115,2022-11-23 11:25:00,419.65,NSE,419.65,419.65,419.65,GLEPHA,1
116,2022-11-23 11:26:00,419.65,NSE,419.65,419.6,419.6,GLEPHA,126
117,2022-11-23 11:27:00,419.65,NSE,419.65,419.4,419.4,GLEPHA,1320
118,2022-11-23 11:28:00,419.7,NSE,419.7,419.4,419.4,GLEPHA,189
119,2022-11-23 11:29:00,419.5,NSE,419.7,419.5,419.7,GLEPHA,51
120,2022-11-23 11:30:00,419.75,NSE,419.8,419.55,419.55,GLEPHA,388
121,2022-11-23 11:31:00,419.8,NSE,419.8,419.8,419.8,GLEPHA,3
122,2022-11-23 11:32:00,419.8,NSE,419.8,419.6,419.8,GLEPHA,798
123,2022-11-23 11:33:00,420.1,NSE,420.1,419.85,419.95,GLEPHA,1953
124,2022-11-23 11:34:00,421.05,NSE,421.05,420.1,420.1,GLEPHA,9367
125,2022-11-23 11:35:00,421.15,NSE,421.45,420.8,420.8,GLEPHA,4678
126,2022-11-23 11:36:00,421.5,NSE,421.8,421.05,421.35,GLEPHA,4157
127,2022-11-23 11:37:00,422.6,NSE,422.75,421.5,421.5,GLEPHA,8109
128,2022-11-23 11:38:00,423.3,NSE,423.8,422.1,422.6,GLEPHA,15550
129,2022-11-23 11:39:00,422.9,NSE,423.5,422.65,423.05,GLEPHA,4499
130,2022-11-23 11:40:00,423.0,NSE,423.1,422.8,423.0,GLEPHA,1073
131,2022-11-23 11:41:00,422.75,NSE,423.05,422.6,423.05,GLEPHA,2096
132,2022-11-23 11:42:00,422.4,NSE,423.0,422.4,422.75,GLEPHA,2744
133,2022-11-23 11:43:00,422.75,NSE,422.9,422.25,422.85,GLEPHA,1787
134,2022-11-23 11:44:00,422.5,NSE,423.0,422.5,422.75,GLEPHA,1078
135,2022-11-23 11:45:00,422.45,NSE,422.95,422.45,422.45,GLEPHA,4083
136,2022-11-23 11:46:00,422.6,NSE,422.9,422.5,422.75,GLEPHA,1188
137,2022-11-23 11:47:00,422.8,NSE,422.9,422.65,422.9,GLEPHA,245
138,2022-11-23 11:48:00,422.75,NSE,422.8,422.55,422.75,GLEPHA,707
139,2022-11-23 11:49:00,422.85,NSE,422.85,422.5,422.5,GLEPHA,582
140,2022-11-23 11:50:00,422.65,NSE,422.9,422.65,422.85,GLEPHA,660
141,2022-11-23 11:51:00,422.8,NSE,422.9,422.6,422.9,GLEPHA,440
142,2022-11-23 11:52:00,422.9,NSE,422.9,422.65,422.8,GLEPHA,169
143,2022-11-23 11:53:00,422.8,NSE,422.85,422.4,422.65,GLEPHA,1144
144,2022-11-23 11:54:00,422.5,NSE,422.5,422.35,422.5,GLEPHA,368
145,2022-11-23 11:55:00,422.3,NSE,422.65,422.3,422.3,GLEPHA,833
146,2022-11-23 11:56:00,422.45,NSE,422.5,422.1,422.1,GLEPHA,802
147,2022-11-23 11:57:00,422.45,NSE,422.45,422.15,422.3,GLEPHA,481
148,2022-11-23 11:58:00,422.15,NSE,422.45,422.0,422.3,GLEPHA,1577
149,2022-11-23 11:59:00,422.65,NSE,422.65,422.2,422.5,GLEPHA,1661
150,2022-11-23 12:00:00,422.55,NSE,422.6,422.55,422.6,GLEPHA,295
151,2022-11-23 12:01:00,422.55,NSE,422.8,422.3,422.8,GLEPHA,426
152,2022-11-23 12:02:00,422.25,NSE,422.55,422.25,422.25,GLEPHA,35
153,2022-11-23 12:03:00,422.7,NSE,422.7,422.35,422.55,GLEPHA,880
154,2022-11-23 12:04:00,422.5,NSE,422.75,422.5,422.6,GLEPHA,233
155,2022-11-23 12:05:00,422.75,NSE,422.75,422.5,422.5,GLEPHA,886
156,2022-11-23 12:06:00,422.75,NSE,422.75,422.55,422.55,GLEPHA,133
157,2022-11-23 12:07:00,422.55,NSE,422.55,422.55,422.55,GLEPHA,85
158,2022-11-23 12:08:00,422.55,NSE,422.7,422.55,422.7,GLEPHA,342
159,2022-11-23 12:09:00,423.0,NSE,423.0,422.7,422.7,GLEPHA,1471
160,2022-11-23 12:10:00,423.2,NSE,423.3,423.0,423.0,GLEPHA,2400
161,2022-11-23 12:11:00,423.55,NSE,423.55,423.05,423.25,GLEPHA,3315
162,2022-11-23 12:12:00,423.6,NSE,423.6,423.1,423.1,GLEPHA,1109
163,2022-11-23 12:13:00,423.75,NSE,423.8,423.3,423.3,GLEPHA,3723
164,2022-11-23 12:14:00,423.35,NSE,423.6,423.35,423.4,GLEPHA,1017
165,2022-11-23 12:15:00,423.45,NSE,423.6,423.3,423.6,GLEPHA,262
166,2022-11-23 12:16:00,423.1,NSE,423.45,422.9,423.45,GLEPHA,2367
167,2022-11-23 12:17:00,422.7,NSE,423.25,422.65,422.65,GLEPHA,2136
168,2022-11-23 12:18:00,422.75,NSE,422.75,422.7,422.7,GLEPHA,85
169,2022-11-23 12:19:00,422.5,NSE,422.85,422.5,422.55,GLEPHA,426
170,2022-11-23 12:20:00,422.8,NSE,422.8,422.6,422.6,GLEPHA,234
171,2022-11-23 12:21:00,422.85,NSE,422.9,422.65,422.8,GLEPHA,200
172,2022-11-23 12:22:00,422.9,NSE,423.05,422.9,422.9,GLEPHA,585
173,2022-11-23 12:23:00,423.0,NSE,423.0,422.65,423.0,GLEPHA,835
174,2022-11-23 12:24:00,423.0,NSE,423.0,422.7,422.7,GLEPHA,259
175,2022-11-23 12:25:00,422.95,NSE,423.0,422.65,423.0,GLEPHA,1041
176,2022-11-23 12:26:00,422.7,NSE,423.0,422.65,422.95,GLEPHA,207
177,2022-11-23 12:27:00,422.7,NSE,422.7,422.7,422.7,GLEPHA,1183
178,2022-11-23 12:28:00,423.75,NSE,423.95,423.0,423.0,GLEPHA,5960
179,2022-11-23 12:29:00,423.95,NSE,423.95,423.6,423.65,GLEPHA,1680
180,2022-11-23 12:30:00,423.75,NSE,423.8,423.35,423.75,GLEPHA,1748
181,2022-11-23 12:31:00,423.4,NSE,423.5,423.15,423.35,GLEPHA,115
182,2022-11-23 12:32:00,423.45,NSE,423.55,423.25,423.55,GLEPHA,1387
183,2022-11-23 12:33:00,423.2,NSE,423.45,423.15,423.45,GLEPHA,397
184,2022-11-23 12:34:00,423.45,NSE,423.45,423.2,423.35,GLEPHA,57
185,2022-11-23 12:35:00,423.7,NSE,423.8,423.5,423.5,GLEPHA,389
186,2022-11-23 12:36:00,423.6,NSE,423.7,423.4,423.4,GLEPHA,512
187,2022-11-23 12:37:00,424.25,NSE,424.25,423.65,423.65,GLEPHA,3816
188,2022-11-23 12:38:00,424.2,NSE,424.9,424.0,424.25,GLEPHA,5975
189,2022-11-23 12:39:00,424.3,NSE,424.7,423.9,423.9,GLEPHA,1648
190,2022-11-23 12:40:00,424.45,NSE,424.5,424.15,424.3,GLEPHA,1221
191,2022-11-23 12:41:00,424.2,NSE,424.5,424.15,424.2,GLEPHA,775
192,2022-11-23 12:42:00,424.15,NSE,424.15,424.15,424.15,GLEPHA,18
193,2022-11-23 12:43:00,424.1,NSE,424.15,424.05,424.15,GLEPHA,321
194,2022-11-23 12:44:00,424.5,NSE,424.5,424.2,424.35,GLEPHA,1549
195,2022-11-23 12:45:00,424.3,NSE,424.5,424.3,424.5,GLEPHA,1364
196,2022-11-23 12:46:00,424.5,NSE,424.5,424.25,424.3,GLEPHA,402
197,2022-11-23 12:47:00,424.3,NSE,424.5,424.15,424.2,GLEPHA,822
198,2022-11-23 12:48:00,424.25,NSE,424.25,424.1,424.1,GLEPHA,148
199,2022-11-23 12:49:00,424.45,NSE,424.85,424.3,424.5,GLEPHA,2647
200,2022-11-23 12:50:00,424.75,NSE,424.75,424.45,424.45,GLEPHA,2016
201,2022-11-23 12:51:00,424.7,NSE,424.75,424.7,424.75,GLEPHA,336
202,2022-11-23 12:52:00,424.75,NSE,424.75,424.45,424.5,GLEPHA,545
203,2022-11-23 12:53:00,424.65,NSE,424.75,424.45,424.55,GLEPHA,1092
204,2022-11-23 12:54:00,424.6,NSE,424.7,424.45,424.45,GLEPHA,1223
205,2022-11-23 12:55:00,424.5,NSE,424.5,424.4,424.4,GLEPHA,607
206,2022-11-23 12:56:00,424.9,NSE,424.9,424.2,424.5,GLEPHA,3646
207,2022-11-23 12:57:00,424.7,NSE,424.7,424.65,424.65,GLEPHA,90
208,2022-11-23 12:58:00,425.35,NSE,425.35,424.9,424.9,GLEPHA,4023
209,2022-11-23 12:59:00,425.05,NSE,425.35,425.0,425.35,GLEPHA,1451
210,2022-11-23 13:00:00,425.15,NSE,425.2,424.95,425.0,GLEPHA,1678
211,2022-11-23 13:01:00,425.0,NSE,425.25,424.9,425.2,GLEPHA,1429
212,2022-11-23 13:02:00,425.15,NSE,425.15,424.95,424.95,GLEPHA,255
213,2022-11-23 13:03:00,425.5,NSE,425.85,425.15,425.15,GLEPHA,4485
214,2022-11-23 13:04:00,425.5,NSE,426.0,425.35,425.55,GLEPHA,5167
215,2022-11-23 13:05:00,425.45,NSE,425.8,425.2,425.45,GLEPHA,2048
216,2022-11-23 13:06:00,425.0,NSE,425.55,425.0,425.45,GLEPHA,2523
217,2022-11-23 13:07:00,425.25,NSE,425.25,424.85,425.0,GLEPHA,1667
218,2022-11-23 13:08:00,425.15,NSE,425.4,425.15,425.15,GLEPHA,2637
219,2022-11-23 13:09:00,425.25,NSE,425.55,425.0,425.35,GLEPHA,1197
220,2022-11-23 13:10:00,425.0,NSE,425.25,425.0,425.15,GLEPHA,584
221,2022-11-23 13:11:00,425.0,NSE,425.05,424.7,425.05,GLEPHA,1423
222,2022-11-23 13:12:00,424.85,NSE,425.15,424.7,424.7,GLEPHA,2878
223,2022-11-23 13:13:00,424.8,NSE,425.0,424.8,424.85,GLEPHA,1324
224,2022-11-23 13:14:00,424.75,NSE,425.0,424.6,424.7,GLEPHA,859
225,2022-11-23 13:15:00,424.95,NSE,424.95,424.75,424.75,GLEPHA,105
226,2022-11-23 13:16:00,424.85,NSE,424.9,424.85,424.85,GLEPHA,65
227,2022-11-23 13:17:00,424.7,NSE,425.0,424.4,424.85,GLEPHA,2985
228,2022-11-23 13:18:00,424.55,NSE,424.85,424.45,424.45,GLEPHA,256
229,2022-11-23 13:19:00,424.6,NSE,424.8,424.45,424.45,GLEPHA,159
230,2022-11-23 13:20:00,424.65,NSE,424.85,424.6,424.6,GLEPHA,360
231,2022-11-23 13:21:00,424.8,NSE,424.8,424.55,424.8,GLEPHA,252
232,2022-11-23 13:22:00,424.55,NSE,424.85,424.55,424.55,GLEPHA,574
233,2022-11-23 13:23:00,425.0,NSE,425.0,424.55,424.8,GLEPHA,557
234,2022-11-23 13:24:00,424.65,NSE,424.7,424.65,424.7,GLEPHA,91
235,2022-11-23 13:25:00,424.6,NSE,424.9,424.6,424.9,GLEPHA,240
236,2022-11-23 13:26:00,424.35,NSE,424.65,424.35,424.4,GLEPHA,583
237,2022-11-23 13:27:00,424.55,NSE,424.55,424.3,424.55,GLEPHA,265
238,2022-11-23 13:28:00,424.4,NSE,424.75,424.4,424.55,GLEPHA,583
239,2022-11-23 13:29:00,424.2,NSE,424.65,424.2,424.4,GLEPHA,513
240,2022-11-23 13:30:00,424.1,NSE,424.3,424.0,424.15,GLEPHA,1487
241,2022-11-23 13:31:00,424.15,NSE,424.25,424.0,424.1,GLEPHA,739
242,2022-11-23 13:32:00,423.75,NSE,424.05,423.75,424.05,GLEPHA,920
243,2022-11-23 13:33:00,423.65,NSE,423.8,423.6,423.75,GLEPHA,1290
244,2022-11-23 13:34:00,424.0,NSE,424.0,423.55,423.7,GLEPHA,1384
245,2022-11-23 13:35:00,423.95,NSE,424.0,423.6,423.75,GLEPHA,1126
246,2022-11-23 13:36:00,424.0,NSE,424.4,423.9,424.0,GLEPHA,800
247,2022-11-23 13:37:00,424.1,NSE,424.55,424.0,424.0,GLEPHA,427
248,2022-11-23 13:38:00,424.25,NSE,424.4,424.05,424.25,GLEPHA,429
249,2022-11-23 13:39:00,424.15,NSE,424.45,424.0,424.15,GLEPHA,1055
250,2022-11-23 13:40:00,424.5,NSE,424.5,424.05,424.05,GLEPHA,159
251,2022-11-23 13:41:00,424.1,NSE,424.35,424.1,424.15,GLEPHA,796
252,2022-11-23 13:42:00,424.3,NSE,424.3,424.1,424.3,GLEPHA,394
253,2022-11-23 13:43:00,424.1,NSE,424.3,424.1,424.15,GLEPHA,264
254,2022-11-23 13:44:00,424.5,NSE,424.5,424.2,424.2,GLEPHA,411
255,2022-11-23 13:45:00,424.75,NSE,424.85,424.5,424.65,GLEPHA,239
256,2022-11-23 13:46:00,424.75,NSE,424.85,424.55,424.6,GLEPHA,378
257,2022-11-23 13:47:00,424.4,NSE,424.9,424.4,424.6,GLEPHA,1198
258,2022-11-23 13:48:00,424.5,NSE,424.5,424.4,424.4,GLEPHA,172
259,2022-11-23 13:49:00,424.25,NSE,424.25,424.25,424.25,GLEPHA,139
260,2022-11-23 13:50:00,424.6,NSE,424.6,424.25,424.25,GLEPHA,320
261,2022-11-23 13:51:00,424.6,NSE,424.65,424.4,424.45,GLEPHA,516
262,2022-11-23 13:52:00,424.6,NSE,424.6,424.25,424.5,GLEPHA,1068
263,2022-11-23 13:53:00,424.55,NSE,424.6,424.4,424.45,GLEPHA,906
264,2022-11-23 13:54:00,424.35,NSE,424.5,424.25,424.35,GLEPHA,1214
265,2022-11-23 13:55:00,424.25,NSE,424.3,424.25,424.3,GLEPHA,308
266,2022-11-23 13:56:00,424.35,NSE,424.6,424.2,424.2,GLEPHA,593
267,2022-11-23 13:57:00,424.65,NSE,424.7,424.5,424.7,GLEPHA,1530
268,2022-11-23 13:58:00,424.85,NSE,424.95,424.65,424.7,GLEPHA,578
269,2022-11-23 13:59:00,425.5,NSE,425.5,424.75,424.95,GLEPHA,5766
270,2022-11-23 14:00:00,425.6,NSE,425.8,425.25,425.6,GLEPHA,3100
271,2022-11-23 14:01:00,425.2,NSE,425.8,425.05,425.6,GLEPHA,2373
272,2022-11-23 14:02:00,425.15,NSE,425.45,425.15,425.15,GLEPHA,945
273,2022-11-23 14:03:00,425.2,NSE,425.4,424.95,425.4,GLEPHA,2270
274,2022-11-23 14:04:00,425.15,NSE,425.2,425.15,425.2,GLEPHA,493
275,2022-11-23 14:05:00,425.25,NSE,425.25,425.15,425.15,GLEPHA,304
276,2022-11-23 14:06:00,424.95,NSE,425.2,424.95,425.15,GLEPHA,1340
277,2022-11-23 14:07:00,424.9,NSE,425.0,424.85,425.0,GLEPHA,266
278,2022-11-23 14:08:00,425.0,NSE,425.25,424.85,424.85,GLEPHA,5987
279,2022-11-23 14:09:00,424.75,NSE,425.0,424.75,424.9,GLEPHA,1126
280,2022-11-23 14:10:00,424.7,NSE,424.7,424.65,424.7,GLEPHA,279
281,2022-11-23 14:11:00,424.75,NSE,425.0,424.65,424.65,GLEPHA,1917
282,2022-11-23 14:12:00,424.75,NSE,424.95,424.75,424.75,GLEPHA,365
283,2022-11-23 14:13:00,424.9,NSE,425.0,424.75,424.75,GLEPHA,2894
284,2022-11-23 14:14:00,425.0,NSE,425.0,424.75,424.8,GLEPHA,2021
285,2022-11-23 14:15:00,425.2,NSE,425.2,424.7,424.8,GLEPHA,14685
286,2022-11-23 14:16:00,425.15,NSE,425.45,425.15,425.25,GLEPHA,991
287,2022-11-23 14:17:00,425.2,NSE,425.2,425.2,425.2,GLEPHA,100
288,2022-11-23 14:18:00,425.35,NSE,425.4,425.35,425.4,GLEPHA,337
289,2022-11-23 14:19:00,425.35,NSE,425.35,425.35,425.35,GLEPHA,815
290,2022-11-23 14:20:00,425.3,NSE,425.3,425.3,425.3,GLEPHA,386
291,2022-11-23 14:21:00,425.05,NSE,425.3,425.05,425.25,GLEPHA,4026
292,2022-11-23 14:22:00,424.55,NSE,425.05,424.55,425.05,GLEPHA,1563
293,2022-11-23 14:23:00,424.45,NSE,424.65,424.45,424.65,GLEPHA,1192
294,2022-11-23 14:24:00,424.6,NSE,424.6,424.2,424.25,GLEPHA,1329
295,2022-11-23 14:25:00,424.6,NSE,424.6,424.45,424.6,GLEPHA,1533
296,2022-11-23 14:26:00,424.95,NSE,424.95,424.45,424.45,GLEPHA,830
297,2022-11-23 14:27:00,425.0,NSE,425.0,424.7,424.7,GLEPHA,202
298,2022-11-23 14:28:00,424.8,NSE,425.0,424.75,425.0,GLEPHA,1574
299,2022-11-23 14:29:00,424.9,NSE,425.0,424.35,425.0,GLEPHA,3754
300,2022-11-23 14:30:00,424.75,NSE,424.75,424.65,424.65,GLEPHA,1690
301,2022-11-23 14:31:00,424.5,NSE,424.8,424.5,424.8,GLEPHA,637
302,2022-11-23 14:32:00,424.75,NSE,424.85,424.5,424.6,GLEPHA,2271
303,2022-11-23 14:33:00,424.75,NSE,424.9,424.7,424.9,GLEPHA,1063
304,2022-11-23 14:34:00,425.0,NSE,425.0,424.6,424.75,GLEPHA,3729
305,2022-11-23 14:35:00,425.0,NSE,425.05,425.0,425.05,GLEPHA,1277
306,2022-11-23 14:36:00,424.75,NSE,425.4,424.55,425.05,GLEPHA,9925
307,2022-11-23 14:37:00,424.95,NSE,424.95,424.75,424.75,GLEPHA,89
308,2022-11-23 14:38:00,424.5,NSE,424.75,424.5,424.75,GLEPHA,770
309,2022-11-23 14:39:00,424.5,NSE,424.7,424.45,424.5,GLEPHA,804
310,2022-11-23 14:40:00,425.0,NSE,425.0,424.55,424.55,GLEPHA,676
311,2022-11-23 14:41:00,424.85,NSE,425.0,424.85,425.0,GLEPHA,1083
312,2022-11-23 14:42:00,425.15,NSE,425.3,424.95,424.95,GLEPHA,718
313,2022-11-23 14:43:00,425.2,NSE,425.2,425.05,425.1,GLEPHA,711
314,2022-11-23 14:44:00,425.25,NSE,425.25,425.2,425.2,GLEPHA,285
315,2022-11-23 14:45:00,425.3,NSE,425.4,425.25,425.25,GLEPHA,5497
316,2022-11-23 14:46:00,425.45,NSE,425.45,425.3,425.3,GLEPHA,275
317,2022-11-23 14:47:00,425.3,NSE,425.45,425.3,425.45,GLEPHA,474
318,2022-11-23 14:48:00,425.3,NSE,425.45,425.3,425.45,GLEPHA,951
319,2022-11-23 14:49:00,425.5,NSE,425.5,425.3,425.3,GLEPHA,4129
320,2022-11-23 14:50:00,425.6,NSE,425.8,425.45,425.45,GLEPHA,1458
321,2022-11-23 14:51:00,425.9,NSE,425.95,425.6,425.6,GLEPHA,3104
322,2022-11-23 14:52:00,425.8,NSE,426.0,425.8,425.9,GLEPHA,3368
323,2022-11-23 14:53:00,425.5,NSE,425.85,425.4,425.85,GLEPHA,1173
324,2022-11-23 14:54:00,425.4,NSE,425.4,425.35,425.35,GLEPHA,375
325,2022-11-23 14:55:00,425.55,NSE,425.7,425.55,425.55,GLEPHA,883
326,2022-11-23 14:56:00,425.9,NSE,425.95,425.5,425.5,GLEPHA,362
327,2022-11-23 14:57:00,425.8,NSE,425.95,425.8,425.95,GLEPHA,1200
328,2022-11-23 14:58:00,425.75,NSE,426.0,425.75,425.75,GLEPHA,2705
329,2022-11-23 14:59:00,425.6,NSE,425.75,425.6,425.75,GLEPHA,848
330,2022-11-23 15:00:00,425.7,NSE,425.9,425.7,425.9,GLEPHA,771
331,2022-11-23 15:01:00,426.3,NSE,426.5,425.9,425.95,GLEPHA,3701
332,2022-11-23 15:02:00,426.2,NSE,426.35,426.15,426.3,GLEPHA,1600
333,2022-11-23 15:03:00,426.0,NSE,426.15,426.0,426.15,GLEPHA,3374
334,2022-11-23 15:04:00,425.65,NSE,426.1,425.4,425.7,GLEPHA,2611
335,2022-11-23 15:05:00,425.95,NSE,426.0,425.6,425.6,GLEPHA,1202
336,2022-11-23 15:06:00,426.0,NSE,426.0,425.8,425.95,GLEPHA,5378
337,2022-11-23 15:07:00,425.4,NSE,426.15,425.4,425.95,GLEPHA,19173
338,2022-11-23 15:08:00,425.45,NSE,425.7,425.4,425.7,GLEPHA,1186
339,2022-11-23 15:09:00,425.0,NSE,425.5,424.5,425.5,GLEPHA,4440
340,2022-11-23 15:10:00,425.35,NSE,425.55,425.25,425.5,GLEPHA,3797
341,2022-11-23 15:11:00,424.95,NSE,425.3,424.85,425.05,GLEPHA,4191
342,2022-11-23 15:12:00,424.95,NSE,425.5,424.55,425.5,GLEPHA,10967
343,2022-11-23 15:13:00,425.0,NSE,425.15,424.75,425.05,GLEPHA,3165
344,2022-11-23 15:14:00,425.2,NSE,425.55,424.9,425.0,GLEPHA,2513
345,2022-11-23 15:15:00,424.7,NSE,425.6,424.7,425.4,GLEPHA,8491
346,2022-11-23 15:16:00,425.3,NSE,425.3,424.85,425.2,GLEPHA,1726
347,2022-11-23 15:17:00,425.3,NSE,425.3,424.7,425.3,GLEPHA,5252
348,2022-11-23 15:18:00,425.05,NSE,425.35,424.95,425.35,GLEPHA,3611
349,2022-11-23 15:19:00,425.05,NSE,425.35,425.05,425.05,GLEPHA,4415
350,2022-11-23 15:20:00,425.55,NSE,425.65,424.75,425.05,GLEPHA,12302
351,2022-11-23 15:21:00,425.5,NSE,425.7,425.1,425.25,GLEPHA,2113
352,2022-11-23 15:22:00,425.3,NSE,425.7,425.25,425.7,GLEPHA,3977
353,2022-11-23 15:23:00,425.25,NSE,425.3,424.8,425.3,GLEPHA,2827
354,2022-11-23 15:24:00,425.25,NSE,425.25,424.95,425.25,GLEPHA,4987
355,2022-11-23 15:25:00,425.25,NSE,425.4,425.1,425.2,GLEPHA,2612
356,2022-11-23 15:26:00,425.35,NSE,425.45,425.1,425.25,GLEPHA,2892
357,2022-11-23 15:27:00,425.55,NSE,425.75,425.25,425.5,GLEPHA,1959
358,2022-11-23 15:28:00,425.65,NSE,425.7,425.1,425.65,GLEPHA,3708
359,2022-11-23 15:29:00,425.1,NSE,425.3,425.1,425.3,GLEPHA,612
