,datetime,close,exchange_code,high,low,open,stock_code,volume
0,2021-02-10 09:30:00,44.5,NSE,44.7,44.4,44.7,IDFC,116746
1,2021-02-10 09:31:00,44.5,NSE,44.6,44.35,44.5,IDFC,110892
2,2021-02-10 09:32:00,44.65,NSE,44.75,44.6,44.6,IDFC,36243
3,2021-02-10 09:33:00,44.75,NSE,44.75,44.65,44.65,IDFC,68912
4,2021-02-10 09:34:00,44.95,NSE,44.95,44.7,44.75,IDFC,52872
5,2021-02-10 09:35:00,45.05,NSE,45.1,44.9,44.9,IDFC,57669
6,2021-02-10 09:36:00,45.05,NSE,45.15,44.9,45.05,IDFC,129137
7,2021-02-10 09:37:00,45.1,NSE,45.2,45.0,45.0,IDFC,47720
8,2021-02-10 09:38:00,45.25,NSE,45.25,45.1,45.1,IDFC,93008
9,2021-02-10 09:39:00,45.4,NSE,45.45,45.2,45.25,IDFC,65549
10,2021-02-10 09:40:00,45.25,NSE,45.45,45.15,45.4,IDFC,74670
11,2021-02-10 09:41:00,45.25,NSE,45.25,45.15,45.25,IDFC,34886
12,2021-02-10 09:42:00,45.2,NSE,45.25,45.1,45.25,IDFC,37523
13,2021-02-10 09:43:00,45.15,NSE,45.2,45.15,45.2,IDFC,14193
14,2021-02-10 09:44:00,45.25,NSE,45.35,45.2,45.2,IDFC,34571
15,2021-02-10 09:45:00,45.1,NSE,45.25,45.0,45.25,IDFC,74569
16,2021-02-10 09:46:00,45.25,NSE,45.25,45.05,45.1,IDFC,19198
17,2021-02-10 09:47:00,45.6,NSE,45.6,45.2,45.2,IDFC,111158
18,2021-02-10 09:48:00,45.8,NSE,45.85,45.55,45.6,IDFC,212948
19,2021-02-10 09:49:00,45.9,NSE,46.0,45.8,45.9,IDFC,593357
20,2021-02-10 09:50:00,45.9,NSE,46.0,45.8,45.95,IDFC,312560
21,2021-02-10 09:51:00,45.8,NSE,45.95,45.8,45.9,IDFC,187291
22,2021-02-10 09:52:00,45.75,NSE,45.85,45.75,45.75,IDFC,125852
23,2021-02-10 09:53:00,45.8,NSE,45.85,45.75,45.8,IDFC,39967
24,2021-02-10 09:54:00,45.75,NSE,45.85,45.75,45.8,IDFC,48150
25,2021-02-10 09:55:00,45.8,NSE,45.8,45.75,45.75,IDFC,79903
26,2021-02-10 09:56:00,45.7,NSE,45.8,45.7,45.8,IDFC,68090
27,2021-02-10 09:57:00,45.8,NSE,45.9,45.7,45.8,IDFC,116933
28,2021-02-10 09:58:00,45.95,NSE,45.95,45.7,45.8,IDFC,126800
29,2021-02-10 09:59:00,45.65,NSE,45.95,45.65,45.95,IDFC,177202
30,2021-02-10 10:00:00,45.85,NSE,45.85,45.65,45.7,IDFC,152076
31,2021-02-10 10:01:00,45.75,NSE,45.85,45.7,45.85,IDFC,155267
32,2021-02-10 10:02:00,45.85,NSE,45.85,45.7,45.75,IDFC,104739
33,2021-02-10 10:03:00,46.0,NSE,46.0,45.9,45.9,IDFC,146181
34,2021-02-10 10:04:00,45.95,NSE,45.95,45.9,45.9,IDFC,80839
35,2021-02-10 10:05:00,45.95,NSE,46.0,45.9,45.95,IDFC,80424
36,2021-02-10 10:06:00,46.0,NSE,46.0,45.85,45.95,IDFC,344273
37,2021-02-10 10:07:00,46.0,NSE,46.0,45.9,45.95,IDFC,171079
38,2021-02-10 10:08:00,45.95,NSE,46.0,45.9,46.0,IDFC,85896
39,2021-02-10 10:09:00,45.8,NSE,46.0,45.8,45.95,IDFC,78134
40,2021-02-10 10:10:00,45.95,NSE,45.95,45.75,45.9,IDFC,93225
41,2021-02-10 10:11:00,45.85,NSE,45.95,45.85,45.95,IDFC,104879
42,2021-02-10 10:12:00,45.85,NSE,45.85,45.8,45.8,IDFC,39291
43,2021-02-10 10:13:00,45.85,NSE,45.85,45.8,45.8,IDFC,37300
44,2021-02-10 10:14:00,45.85,NSE,45.85,45.8,45.85,IDFC,39715
45,2021-02-10 10:15:00,45.7,NSE,45.8,45.65,45.75,IDFC,89119
46,2021-02-10 10:16:00,45.6,NSE,45.7,45.6,45.65,IDFC,45404
47,2021-02-10 10:17:00,45.45,NSE,45.65,45.45,45.65,IDFC,121332
48,2021-02-10 10:18:00,45.4,NSE,45.55,45.4,45.4,IDFC,168848
49,2021-02-10 10:19:00,45.5,NSE,45.5,45.35,45.4,IDFC,33535
50,2021-02-10 10:20:00,45.55,NSE,45.6,45.5,45.5,IDFC,65027
51,2021-02-10 10:21:00,45.45,NSE,45.55,45.4,45.55,IDFC,24573
52,2021-02-10 10:22:00,45.4,NSE,45.45,45.3,45.45,IDFC,64699
53,2021-02-10 10:23:00,45.2,NSE,45.4,45.15,45.4,IDFC,125095
54,2021-02-10 10:24:00,45.25,NSE,45.25,45.15,45.2,IDFC,76860
55,2021-02-10 10:25:00,45.2,NSE,45.25,45.15,45.25,IDFC,92161
56,2021-02-10 10:26:00,45.15,NSE,45.2,45.15,45.15,IDFC,57151
57,2021-02-10 10:27:00,45.15,NSE,45.2,45.15,45.2,IDFC,18923
58,2021-02-10 10:28:00,45.35,NSE,45.4,45.15,45.2,IDFC,41469
59,2021-02-10 10:29:00,45.4,NSE,45.4,45.3,45.3,IDFC,30223
60,2021-02-10 10:30:00,45.25,NSE,45.35,45.2,45.35,IDFC,57651
61,2021-02-10 10:31:00,45.35,NSE,45.35,45.25,45.3,IDFC,18057
62,2021-02-10 10:32:00,45.4,NSE,45.4,45.3,45.35,IDFC,33857
63,2021-02-10 10:33:00,45.4,NSE,45.4,45.4,45.4,IDFC,25601
64,2021-02-10 10:34:00,45.4,NSE,45.45,45.35,45.4,IDFC,14787
65,2021-02-10 10:35:00,44.95,NSE,45.45,44.95,45.45,IDFC,345519
66,2021-02-10 10:36:00,45.0,NSE,45.0,44.9,45.0,IDFC,39375
67,2021-02-10 10:37:00,45.0,NSE,45.0,44.9,45.0,IDFC,43383
68,2021-02-10 10:38:00,45.0,NSE,45.0,44.9,45.0,IDFC,21728
69,2021-02-10 10:39:00,44.9,NSE,45.0,44.9,44.95,IDFC,56522
70,2021-02-10 10:40:00,44.9,NSE,44.95,44.8,44.95,IDFC,33576
71,2021-02-10 10:41:00,44.9,NSE,45.0,44.85,44.9,IDFC,92148
72,2021-02-10 10:42:00,45.2,NSE,45.25,44.95,44.95,IDFC,65728
73,2021-02-10 10:43:00,45.1,NSE,45.2,45.0,45.2,IDFC,49990
74,2021-02-10 10:44:00,45.2,NSE,45.2,45.0,45.1,IDFC,21265
75,2021-02-10 10:45:00,45.2,NSE,45.3,45.1,45.1,IDFC,26111
76,2021-02-10 10:46:00,45.35,NSE,45.35,45.2,45.2,IDFC,14386
77,2021-02-10 10:47:00,45.35,NSE,45.35,45.3,45.35,IDFC,17499
78,2021-02-10 10:48:00,45.35,NSE,45.35,45.3,45.35,IDFC,11636
79,2021-02-10 10:49:00,45.4,NSE,45.45,45.35,45.35,IDFC,30072
80,2021-02-10 10:50:00,45.45,NSE,45.45,45.35,45.4,IDFC,28639
81,2021-02-10 10:51:00,45.4,NSE,45.45,45.3,45.4,IDFC,21271
82,2021-02-10 10:52:00,45.45,NSE,45.45,45.35,45.4,IDFC,32254
83,2021-02-10 10:53:00,45.45,NSE,45.55,45.4,45.4,IDFC,44851
84,2021-02-10 10:54:00,45.55,NSE,45.6,45.5,45.5,IDFC,10719
85,2021-02-10 10:55:00,45.6,NSE,45.6,45.5,45.55,IDFC,10044
86,2021-02-10 10:56:00,45.65,NSE,45.8,45.55,45.6,IDFC,47624
87,2021-02-10 10:57:00,45.75,NSE,45.75,45.65,45.75,IDFC,12840
88,2021-02-10 10:58:00,45.75,NSE,45.75,45.65,45.75,IDFC,23250
89,2021-02-10 10:59:00,45.65,NSE,45.75,45.6,45.65,IDFC,21379
90,2021-02-10 11:00:00,45.75,NSE,45.8,45.65,45.65,IDFC,74717
91,2021-02-10 11:01:00,45.75,NSE,45.8,45.7,45.8,IDFC,29918
92,2021-02-10 11:02:00,45.8,NSE,45.85,45.7,45.8,IDFC,84877
93,2021-02-10 11:03:00,45.75,NSE,45.8,45.6,45.75,IDFC,93081
94,2021-02-10 11:04:00,45.8,NSE,45.85,45.75,45.85,IDFC,27584
95,2021-02-10 11:05:00,45.9,NSE,45.9,45.75,45.85,IDFC,88873
96,2021-02-10 11:06:00,45.85,NSE,45.9,45.8,45.9,IDFC,47063
97,2021-02-10 11:07:00,45.75,NSE,45.85,45.75,45.85,IDFC,71003
98,2021-02-10 11:08:00,45.75,NSE,45.85,45.7,45.75,IDFC,61781
99,2021-02-10 11:09:00,45.65,NSE,45.8,45.55,45.75,IDFC,78470
100,2021-02-10 11:10:00,45.7,NSE,45.7,45.6,45.65,IDFC,20703
101,2021-02-10 11:11:00,45.8,NSE,45.85,45.7,45.75,IDFC,50035
102,2021-02-10 11:12:00,45.85,NSE,45.85,45.7,45.8,IDFC,27131
103,2021-02-10 11:13:00,45.8,NSE,45.85,45.8,45.8,IDFC,17956
104,2021-02-10 11:14:00,45.8,NSE,45.85,45.75,45.8,IDFC,22627
105,2021-02-10 11:15:00,45.95,NSE,45.95,45.85,45.85,IDFC,84445
106,2021-02-10 11:16:00,45.95,NSE,45.95,45.9,45.95,IDFC,94653
107,2021-02-10 11:17:00,46.0,NSE,46.0,45.9,45.9,IDFC,79494
108,2021-02-10 11:18:00,46.1,NSE,46.2,45.95,46.0,IDFC,291478
109,2021-02-10 11:19:00,46.5,NSE,46.5,46.05,46.1,IDFC,554894
110,2021-02-10 11:20:00,46.75,NSE,46.75,46.45,46.45,IDFC,808551
111,2021-02-10 11:21:00,46.9,NSE,47.0,46.65,46.65,IDFC,785728
112,2021-02-10 11:22:00,47.0,NSE,47.1,46.7,46.9,IDFC,621489
113,2021-02-10 11:23:00,46.95,NSE,47.05,46.9,46.9,IDFC,199530
114,2021-02-10 11:24:00,47.05,NSE,47.2,46.9,46.9,IDFC,221254
115,2021-02-10 11:25:00,46.75,NSE,47.1,46.75,47.0,IDFC,208110
116,2021-02-10 11:26:00,46.65,NSE,46.85,46.65,46.8,IDFC,120131
117,2021-02-10 11:27:00,46.7,NSE,46.75,46.65,46.75,IDFC,66114
118,2021-02-10 11:28:00,46.65,NSE,46.7,46.65,46.7,IDFC,67154
119,2021-02-10 11:29:00,46.7,NSE,46.7,46.6,46.65,IDFC,76320
120,2021-02-10 11:30:00,46.65,NSE,46.7,46.6,46.7,IDFC,29570
121,2021-02-10 11:31:00,46.75,NSE,46.8,46.65,46.7,IDFC,59600
122,2021-02-10 11:32:00,46.8,NSE,46.85,46.75,46.75,IDFC,36351
123,2021-02-10 11:33:00,46.8,NSE,46.85,46.75,46.8,IDFC,55639
124,2021-02-10 11:34:00,46.8,NSE,46.85,46.75,46.75,IDFC,30512
125,2021-02-10 11:35:00,46.7,NSE,46.8,46.65,46.8,IDFC,146346
126,2021-02-10 11:36:00,46.75,NSE,46.75,46.7,46.75,IDFC,28743
127,2021-02-10 11:37:00,46.85,NSE,46.85,46.75,46.75,IDFC,26323
128,2021-02-10 11:38:00,46.85,NSE,46.85,46.75,46.8,IDFC,26174
129,2021-02-10 11:39:00,47.15,NSE,47.15,46.75,46.8,IDFC,221253
130,2021-02-10 11:40:00,46.95,NSE,47.15,46.95,47.15,IDFC,106106
131,2021-02-10 11:41:00,46.9,NSE,47.0,46.9,46.9,IDFC,22963
132,2021-02-10 11:42:00,47.0,NSE,47.0,46.9,46.95,IDFC,30507
133,2021-02-10 11:43:00,47.0,NSE,47.0,46.9,47.0,IDFC,30708
134,2021-02-10 11:44:00,46.9,NSE,47.0,46.9,47.0,IDFC,35618
135,2021-02-10 11:45:00,47.0,NSE,47.0,46.8,46.85,IDFC,108014
136,2021-02-10 11:46:00,47.1,NSE,47.1,46.95,46.95,IDFC,135016
137,2021-02-10 11:47:00,47.05,NSE,47.15,46.95,47.1,IDFC,81978
138,2021-02-10 11:48:00,47.05,NSE,47.1,46.95,47.05,IDFC,45059
139,2021-02-10 11:49:00,47.1,NSE,47.15,47.05,47.05,IDFC,76559
140,2021-02-10 11:50:00,47.1,NSE,47.15,47.05,47.15,IDFC,121562
141,2021-02-10 11:51:00,47.1,NSE,47.15,47.05,47.05,IDFC,185050
142,2021-02-10 11:52:00,47.15,NSE,47.15,47.05,47.05,IDFC,110492
143,2021-02-10 11:53:00,47.0,NSE,47.15,47.0,47.15,IDFC,163761
144,2021-02-10 11:54:00,46.9,NSE,47.0,46.9,47.0,IDFC,27505
145,2021-02-10 11:55:00,46.7,NSE,47.0,46.6,46.9,IDFC,319494
146,2021-02-10 11:56:00,46.95,NSE,46.95,46.5,46.7,IDFC,206298
147,2021-02-10 11:57:00,46.95,NSE,47.0,46.85,46.85,IDFC,78623
148,2021-02-10 11:58:00,46.95,NSE,46.95,46.8,46.95,IDFC,83693
149,2021-02-10 11:59:00,46.95,NSE,47.0,46.9,47.0,IDFC,40742
150,2021-02-10 12:00:00,47.1,NSE,47.1,47.0,47.0,IDFC,62502
151,2021-02-10 12:01:00,46.9,NSE,47.1,46.9,47.1,IDFC,68612
152,2021-02-10 12:02:00,46.9,NSE,46.95,46.8,46.9,IDFC,45565
153,2021-02-10 12:03:00,46.85,NSE,46.9,46.8,46.9,IDFC,48073
154,2021-02-10 12:04:00,46.9,NSE,46.9,46.8,46.8,IDFC,57560
155,2021-02-10 12:05:00,47.0,NSE,47.05,46.85,46.9,IDFC,69922
156,2021-02-10 12:06:00,47.0,NSE,47.05,46.95,47.0,IDFC,26758
157,2021-02-10 12:07:00,47.0,NSE,47.05,46.85,47.0,IDFC,89713
158,2021-02-10 12:08:00,47.0,NSE,47.05,46.95,47.0,IDFC,69993
159,2021-02-10 12:09:00,46.95,NSE,47.0,46.9,47.0,IDFC,41139
160,2021-02-10 12:10:00,46.95,NSE,46.95,46.9,46.95,IDFC,25110
161,2021-02-10 12:11:00,46.95,NSE,46.95,46.9,46.95,IDFC,22564
162,2021-02-10 12:12:00,47.0,NSE,47.0,46.9,46.95,IDFC,36941
163,2021-02-10 12:13:00,46.95,NSE,47.0,46.9,46.95,IDFC,45624
164,2021-02-10 12:14:00,47.1,NSE,47.1,47.0,47.0,IDFC,138573
165,2021-02-10 12:15:00,47.1,NSE,47.15,47.05,47.05,IDFC,284591
166,2021-02-10 12:16:00,47.05,NSE,47.15,47.05,47.1,IDFC,67094
167,2021-02-10 12:17:00,47.1,NSE,47.1,47.0,47.05,IDFC,19502
168,2021-02-10 12:18:00,47.1,NSE,47.15,47.05,47.1,IDFC,92022
169,2021-02-10 12:19:00,47.35,NSE,47.4,47.15,47.15,IDFC,352643
170,2021-02-10 12:20:00,47.35,NSE,47.4,47.3,47.35,IDFC,129771
171,2021-02-10 12:21:00,47.45,NSE,47.5,47.35,47.35,IDFC,327250
172,2021-02-10 12:22:00,47.6,NSE,47.6,47.45,47.5,IDFC,228467
173,2021-02-10 12:23:00,47.6,NSE,47.65,47.55,47.6,IDFC,158848
174,2021-02-10 12:24:00,47.45,NSE,47.65,47.4,47.65,IDFC,231849
175,2021-02-10 12:25:00,47.4,NSE,47.5,47.4,47.5,IDFC,52181
176,2021-02-10 12:26:00,47.4,NSE,47.45,47.25,47.45,IDFC,133985
177,2021-02-10 12:27:00,47.55,NSE,47.6,47.45,47.45,IDFC,93770
178,2021-02-10 12:28:00,47.55,NSE,47.6,47.5,47.55,IDFC,56316
179,2021-02-10 12:29:00,47.8,NSE,47.9,47.5,47.55,IDFC,304448
180,2021-02-10 12:30:00,47.85,NSE,48.0,47.8,47.85,IDFC,534162
181,2021-02-10 12:31:00,47.85,NSE,47.95,47.85,47.95,IDFC,89265
182,2021-02-10 12:32:00,47.95,NSE,47.95,47.85,47.9,IDFC,72969
183,2021-02-10 12:33:00,47.95,NSE,47.95,47.8,47.95,IDFC,171372
184,2021-02-10 12:34:00,47.8,NSE,47.9,47.75,47.9,IDFC,85326
185,2021-02-10 12:35:00,47.75,NSE,47.8,47.75,47.8,IDFC,44372
186,2021-02-10 12:36:00,47.7,NSE,47.8,47.65,47.8,IDFC,61793
187,2021-02-10 12:37:00,47.7,NSE,47.7,47.6,47.65,IDFC,81239
188,2021-02-10 12:38:00,47.5,NSE,47.7,47.45,47.7,IDFC,173127
189,2021-02-10 12:39:00,47.5,NSE,47.5,47.4,47.5,IDFC,81004
190,2021-02-10 12:40:00,47.5,NSE,47.5,47.4,47.5,IDFC,106715
191,2021-02-10 12:41:00,47.65,NSE,47.65,47.5,47.5,IDFC,36922
192,2021-02-10 12:42:00,47.7,NSE,47.7,47.6,47.65,IDFC,63983
193,2021-02-10 12:43:00,47.55,NSE,47.7,47.55,47.7,IDFC,39636
194,2021-02-10 12:44:00,47.75,NSE,47.75,47.6,47.6,IDFC,52681
195,2021-02-10 12:45:00,47.65,NSE,47.75,47.6,47.75,IDFC,76233
196,2021-02-10 12:46:00,47.65,NSE,47.7,47.55,47.65,IDFC,43509
197,2021-02-10 12:47:00,47.7,NSE,47.7,47.6,47.7,IDFC,24912
198,2021-02-10 12:48:00,47.6,NSE,47.65,47.55,47.6,IDFC,54922
199,2021-02-10 12:49:00,47.6,NSE,47.65,47.55,47.55,IDFC,31333
200,2021-02-10 12:50:00,47.4,NSE,47.6,47.35,47.6,IDFC,168954
201,2021-02-10 12:51:00,47.45,NSE,47.5,47.4,47.45,IDFC,85805
202,2021-02-10 12:52:00,47.55,NSE,47.55,47.4,47.5,IDFC,58647
203,2021-02-10 12:53:00,47.55,NSE,47.6,47.5,47.55,IDFC,40627
204,2021-02-10 12:54:00,47.55,NSE,47.55,47.5,47.55,IDFC,31836
205,2021-02-10 12:55:00,47.55,NSE,47.55,47.45,47.55,IDFC,28352
206,2021-02-10 12:56:00,47.5,NSE,47.55,47.45,47.45,IDFC,22573
207,2021-02-10 12:57:00,47.1,NSE,47.55,47.1,47.5,IDFC,328837
208,2021-02-10 12:58:00,47.15,NSE,47.2,47.1,47.15,IDFC,59243
209,2021-02-10 12:59:00,47.25,NSE,47.25,47.1,47.2,IDFC,37052
210,2021-02-10 13:00:00,47.2,NSE,47.25,47.15,47.25,IDFC,19163
211,2021-02-10 13:01:00,47.15,NSE,47.2,47.1,47.15,IDFC,65658
212,2021-02-10 13:02:00,47.25,NSE,47.25,47.15,47.2,IDFC,33108
213,2021-02-10 13:03:00,47.4,NSE,47.45,47.2,47.25,IDFC,136606
214,2021-02-10 13:04:00,47.4,NSE,47.4,47.3,47.35,IDFC,28364
215,2021-02-10 13:05:00,47.35,NSE,47.4,47.3,47.4,IDFC,41941
216,2021-02-10 13:06:00,47.2,NSE,47.3,47.15,47.15,IDFC,52713
217,2021-02-10 13:07:00,47.2,NSE,47.2,47.15,47.15,IDFC,74766
218,2021-02-10 13:08:00,47.3,NSE,47.35,47.2,47.25,IDFC,56975
219,2021-02-10 13:09:00,47.3,NSE,47.35,47.25,47.35,IDFC,27356
220,2021-02-10 13:10:00,47.3,NSE,47.3,47.25,47.3,IDFC,12848
221,2021-02-10 13:11:00,47.45,NSE,47.45,47.25,47.3,IDFC,62245
222,2021-02-10 13:12:00,47.55,NSE,47.55,47.45,47.45,IDFC,68963
223,2021-02-10 13:13:00,47.5,NSE,47.6,47.5,47.55,IDFC,19985
224,2021-02-10 13:14:00,47.6,NSE,47.6,47.5,47.55,IDFC,57468
225,2021-02-10 13:15:00,47.6,NSE,47.6,47.55,47.6,IDFC,29854
226,2021-02-10 13:16:00,47.55,NSE,47.7,47.55,47.65,IDFC,97229
227,2021-02-10 13:17:00,47.6,NSE,47.6,47.5,47.6,IDFC,25893
228,2021-02-10 13:18:00,47.5,NSE,47.65,47.5,47.55,IDFC,61359
229,2021-02-10 13:19:00,47.6,NSE,47.6,47.5,47.5,IDFC,19915
230,2021-02-10 13:20:00,47.55,NSE,47.6,47.5,47.6,IDFC,42121
231,2021-02-10 13:21:00,47.6,NSE,47.6,47.5,47.55,IDFC,193186
232,2021-02-10 13:22:00,47.65,NSE,47.65,47.55,47.6,IDFC,73877
233,2021-02-10 13:23:00,47.65,NSE,47.65,47.55,47.65,IDFC,24327
234,2021-02-10 13:24:00,47.7,NSE,47.75,47.6,47.65,IDFC,133537
235,2021-02-10 13:25:00,47.65,NSE,47.75,47.65,47.75,IDFC,45331
236,2021-02-10 13:26:00,47.6,NSE,47.7,47.6,47.7,IDFC,41359
237,2021-02-10 13:27:00,47.5,NSE,47.65,47.5,47.65,IDFC,54541
238,2021-02-10 13:28:00,47.65,NSE,47.65,47.5,47.6,IDFC,89876
239,2021-02-10 13:29:00,47.6,NSE,47.65,47.55,47.55,IDFC,36428
240,2021-02-10 13:30:00,47.6,NSE,47.6,47.55,47.6,IDFC,15781
241,2021-02-10 13:31:00,47.5,NSE,47.6,47.5,47.55,IDFC,153928
242,2021-02-10 13:32:00,47.65,NSE,47.65,47.5,47.5,IDFC,175733
243,2021-02-10 13:33:00,47.65,NSE,47.7,47.55,47.6,IDFC,59649
244,2021-02-10 13:34:00,47.65,NSE,47.7,47.6,47.6,IDFC,39924
245,2021-02-10 13:35:00,47.6,NSE,47.65,47.6,47.65,IDFC,28927
246,2021-02-10 13:36:00,47.55,NSE,47.6,47.5,47.6,IDFC,64514
247,2021-02-10 13:37:00,47.5,NSE,47.55,47.5,47.55,IDFC,33981
248,2021-02-10 13:38:00,47.6,NSE,47.6,47.5,47.55,IDFC,29108
249,2021-02-10 13:39:00,47.55,NSE,47.6,47.5,47.55,IDFC,43307
250,2021-02-10 13:40:00,47.55,NSE,47.6,47.5,47.6,IDFC,155167
251,2021-02-10 13:41:00,47.55,NSE,47.55,47.5,47.55,IDFC,64180
252,2021-02-10 13:42:00,47.5,NSE,47.55,47.5,47.55,IDFC,63750
253,2021-02-10 13:43:00,47.45,NSE,47.55,47.4,47.5,IDFC,77746
254,2021-02-10 13:44:00,47.35,NSE,47.45,47.3,47.45,IDFC,97827
255,2021-02-10 13:45:00,47.05,NSE,47.4,47.05,47.35,IDFC,364988
256,2021-02-10 13:46:00,46.9,NSE,47.05,46.9,47.05,IDFC,230536
257,2021-02-10 13:47:00,47.2,NSE,47.2,46.95,46.95,IDFC,102482
258,2021-02-10 13:48:00,47.0,NSE,47.2,46.95,47.15,IDFC,166204
259,2021-02-10 13:49:00,47.1,NSE,47.1,46.95,47.0,IDFC,140003
260,2021-02-10 13:50:00,47.05,NSE,47.15,47.05,47.15,IDFC,46460
261,2021-02-10 13:51:00,47.05,NSE,47.15,47.05,47.1,IDFC,78877
262,2021-02-10 13:52:00,47.1,NSE,47.15,47.1,47.1,IDFC,57675
263,2021-02-10 13:53:00,47.3,NSE,47.3,47.15,47.15,IDFC,62746
264,2021-02-10 13:54:00,47.35,NSE,47.35,47.25,47.3,IDFC,30287
265,2021-02-10 13:55:00,47.4,NSE,47.45,47.3,47.35,IDFC,45726
266,2021-02-10 13:56:00,47.5,NSE,47.6,47.4,47.45,IDFC,208843
267,2021-02-10 13:57:00,47.45,NSE,47.5,47.45,47.5,IDFC,15069
268,2021-02-10 13:58:00,47.5,NSE,47.5,47.4,47.5,IDFC,18351
269,2021-02-10 13:59:00,47.65,NSE,47.65,47.45,47.5,IDFC,146867
270,2021-02-10 14:00:00,47.7,NSE,47.7,47.6,47.65,IDFC,106425
271,2021-02-10 14:01:00,47.55,NSE,47.7,47.55,47.7,IDFC,84809
272,2021-02-10 14:02:00,47.65,NSE,47.65,47.55,47.65,IDFC,87705
273,2021-02-10 14:03:00,47.65,NSE,47.65,47.6,47.6,IDFC,17213
274,2021-02-10 14:04:00,47.4,NSE,47.65,47.35,47.65,IDFC,158119
275,2021-02-10 14:05:00,47.2,NSE,47.45,47.2,47.3,IDFC,227043
276,2021-02-10 14:06:00,47.1,NSE,47.2,47.1,47.2,IDFC,71347
277,2021-02-10 14:07:00,47.25,NSE,47.25,47.1,47.15,IDFC,66176
278,2021-02-10 14:08:00,47.35,NSE,47.35,47.2,47.25,IDFC,122911
279,2021-02-10 14:09:00,47.5,NSE,47.5,47.3,47.35,IDFC,57484
280,2021-02-10 14:10:00,47.45,NSE,47.5,47.4,47.5,IDFC,26893
281,2021-02-10 14:11:00,47.4,NSE,47.5,47.4,47.45,IDFC,49841
282,2021-02-10 14:12:00,47.4,NSE,47.4,47.35,47.4,IDFC,20138
283,2021-02-10 14:13:00,47.45,NSE,47.45,47.35,47.4,IDFC,30450
284,2021-02-10 14:14:00,47.45,NSE,47.5,47.4,47.45,IDFC,23015
285,2021-02-10 14:15:00,47.35,NSE,47.5,47.3,47.45,IDFC,46118
286,2021-02-10 14:16:00,47.35,NSE,47.35,47.25,47.35,IDFC,14602
287,2021-02-10 14:17:00,47.35,NSE,47.35,47.25,47.35,IDFC,14855
288,2021-02-10 14:18:00,47.35,NSE,47.35,47.3,47.35,IDFC,13309
289,2021-02-10 14:19:00,47.4,NSE,47.4,47.3,47.3,IDFC,24373
290,2021-02-10 14:20:00,47.45,NSE,47.45,47.35,47.4,IDFC,14482
291,2021-02-10 14:21:00,47.4,NSE,47.45,47.35,47.45,IDFC,23662
292,2021-02-10 14:22:00,47.5,NSE,47.5,47.4,47.4,IDFC,47283
293,2021-02-10 14:23:00,47.45,NSE,47.5,47.4,47.5,IDFC,24189
294,2021-02-10 14:24:00,47.5,NSE,47.5,47.4,47.5,IDFC,19137
295,2021-02-10 14:25:00,47.3,NSE,47.5,47.3,47.5,IDFC,69414
296,2021-02-10 14:26:00,47.45,NSE,47.45,47.3,47.35,IDFC,48094
297,2021-02-10 14:27:00,47.45,NSE,47.45,47.4,47.45,IDFC,10645
298,2021-02-10 14:28:00,47.45,NSE,47.45,47.35,47.45,IDFC,17403
299,2021-02-10 14:29:00,47.45,NSE,47.45,47.35,47.45,IDFC,30956
300,2021-02-10 14:30:00,47.45,NSE,47.45,47.35,47.4,IDFC,163403
301,2021-02-10 14:31:00,47.35,NSE,47.5,47.35,47.45,IDFC,143753
302,2021-02-10 14:32:00,47.4,NSE,47.45,47.3,47.35,IDFC,58543
303,2021-02-10 14:33:00,47.4,NSE,47.4,47.35,47.4,IDFC,27737
304,2021-02-10 14:34:00,47.4,NSE,47.4,47.35,47.4,IDFC,17477
305,2021-02-10 14:35:00,47.4,NSE,47.45,47.35,47.4,IDFC,40836
306,2021-02-10 14:36:00,47.3,NSE,47.4,47.25,47.4,IDFC,48670
307,2021-02-10 14:37:00,47.3,NSE,47.3,47.25,47.3,IDFC,24464
308,2021-02-10 14:38:00,47.3,NSE,47.35,47.25,47.3,IDFC,26781
309,2021-02-10 14:39:00,47.45,NSE,47.45,47.3,47.4,IDFC,28755
310,2021-02-10 14:40:00,47.4,NSE,47.45,47.35,47.45,IDFC,15733
311,2021-02-10 14:41:00,47.35,NSE,47.4,47.3,47.4,IDFC,49305
312,2021-02-10 14:42:00,47.45,NSE,47.45,47.35,47.35,IDFC,82063
313,2021-02-10 14:43:00,47.45,NSE,47.5,47.4,47.45,IDFC,14702
314,2021-02-10 14:44:00,47.45,NSE,47.45,47.4,47.4,IDFC,34199
315,2021-02-10 14:45:00,47.45,NSE,47.45,47.4,47.45,IDFC,29040
316,2021-02-10 14:46:00,47.5,NSE,47.5,47.4,47.45,IDFC,20144
317,2021-02-10 14:47:00,47.4,NSE,47.5,47.4,47.45,IDFC,74772
318,2021-02-10 14:48:00,47.35,NSE,47.45,47.25,47.4,IDFC,51191
319,2021-02-10 14:49:00,47.15,NSE,47.3,47.15,47.3,IDFC,94706
320,2021-02-10 14:50:00,47.1,NSE,47.2,47.1,47.15,IDFC,88449
321,2021-02-10 14:51:00,47.2,NSE,47.25,47.15,47.2,IDFC,51469
322,2021-02-10 14:52:00,47.35,NSE,47.35,47.2,47.2,IDFC,41743
323,2021-02-10 14:53:00,47.35,NSE,47.35,47.3,47.35,IDFC,20893
324,2021-02-10 14:54:00,47.3,NSE,47.35,47.25,47.35,IDFC,8871
325,2021-02-10 14:55:00,47.25,NSE,47.35,47.25,47.3,IDFC,16280
326,2021-02-10 14:56:00,47.4,NSE,47.4,47.3,47.35,IDFC,51322
327,2021-02-10 14:57:00,47.3,NSE,47.4,47.3,47.4,IDFC,15481
328,2021-02-10 14:58:00,47.35,NSE,47.35,47.3,47.35,IDFC,13169
329,2021-02-10 14:59:00,47.4,NSE,47.4,47.3,47.35,IDFC,34096
330,2021-02-10 15:00:00,47.45,NSE,47.5,47.35,47.4,IDFC,73838
331,2021-02-10 15:01:00,47.5,NSE,47.5,47.45,47.5,IDFC,126770
332,2021-02-10 15:02:00,47.45,NSE,47.5,47.35,47.45,IDFC,137512
333,2021-02-10 15:03:00,47.4,NSE,47.5,47.35,47.4,IDFC,52545
334,2021-02-10 15:04:00,47.35,NSE,47.45,47.3,47.4,IDFC,29848
335,2021-02-10 15:05:00,47.35,NSE,47.4,47.35,47.35,IDFC,26290
336,2021-02-10 15:06:00,47.4,NSE,47.4,47.35,47.35,IDFC,21087
337,2021-02-10 15:07:00,47.4,NSE,47.4,47.35,47.35,IDFC,30722
338,2021-02-10 15:08:00,47.45,NSE,47.45,47.35,47.4,IDFC,63021
339,2021-02-10 15:09:00,47.4,NSE,47.5,47.35,47.45,IDFC,109291
340,2021-02-10 15:10:00,47.35,NSE,47.35,47.3,47.35,IDFC,231190
341,2021-02-10 15:11:00,47.35,NSE,47.35,47.3,47.35,IDFC,80994
342,2021-02-10 15:12:00,47.3,NSE,47.35,47.25,47.3,IDFC,93463
343,2021-02-10 15:13:00,47.25,NSE,47.25,47.2,47.25,IDFC,83188
344,2021-02-10 15:14:00,47.25,NSE,47.3,47.15,47.3,IDFC,112511
345,2021-02-10 15:15:00,47.1,NSE,47.3,47.1,47.15,IDFC,233443
346,2021-02-10 15:16:00,46.9,NSE,47.2,46.8,47.1,IDFC,306345
347,2021-02-10 15:17:00,46.95,NSE,47.0,46.9,47.0,IDFC,94415
348,2021-02-10 15:18:00,46.8,NSE,47.0,46.75,46.95,IDFC,226109
349,2021-02-10 15:19:00,46.9,NSE,46.9,46.8,46.85,IDFC,79383
350,2021-02-10 15:20:00,47.05,NSE,47.1,46.85,46.9,IDFC,189902
351,2021-02-10 15:21:00,47.0,NSE,47.4,47.0,47.05,IDFC,324086
352,2021-02-10 15:22:00,47.2,NSE,47.2,47.05,47.05,IDFC,78787
353,2021-02-10 15:23:00,47.15,NSE,47.2,47.1,47.2,IDFC,54046
354,2021-02-10 15:24:00,47.1,NSE,47.15,47.1,47.15,IDFC,90884
355,2021-02-10 15:25:00,47.05,NSE,47.15,47.05,47.15,IDFC,36545
356,2021-02-10 15:26:00,47.15,NSE,47.2,47.05,47.1,IDFC,76912
357,2021-02-10 15:27:00,47.15,NSE,47.2,47.1,47.15,IDFC,66200
358,2021-02-10 15:28:00,47.1,NSE,47.2,47.05,47.15,IDFC,69253
359,2021-02-10 15:29:00,47.0,NSE,47.15,47.0,47.1,IDFC,79741
