,datetime,close,exchange_code,high,low,open,stock_code,volume
0,2021-12-17 09:07:00,2303.0,NSE,2303.0,2303.0,2303.0,HINLEV,3666
1,2021-12-17 09:15:00,2306.95,NSE,2308.95,2301.55,2307.95,HINLEV,7981
2,2021-12-17 09:16:00,2304.2,NSE,2305.3,2303.0,2304.05,HINLEV,5218
3,2021-12-17 09:17:00,2304.15,NSE,2304.95,2303.1,2304.2,HINLEV,2945
4,2021-12-17 09:18:00,2303.2,NSE,2305.95,2303.2,2304.1,HINLEV,2703
5,2021-12-17 09:19:00,2302.85,NSE,2304.35,2302.1,2304.1,HINLEV,1995
6,2021-12-17 09:20:00,2292.15,NSE,2302.55,2290.0,2302.1,HINLEV,19810
7,2021-12-17 09:21:00,2294.0,NSE,2295.0,2291.5,2292.0,HINLEV,4703
8,2021-12-17 09:22:00,2294.95,NSE,2295.0,2292.5,2294.0,HINLEV,2557
9,2021-12-17 09:23:00,2292.0,NSE,2294.95,2292.0,2294.95,HINLEV,3085
10,2021-12-17 09:24:00,2288.0,NSE,2292.95,2286.6,2292.95,HINLEV,10935
11,2021-12-17 09:25:00,2287.8,NSE,2291.0,2285.2,2288.7,HINLEV,6138
12,2021-12-17 09:26:00,2284.8,NSE,2289.7,2282.9,2287.15,HINLEV,10039
13,2021-12-17 09:27:00,2281.6,NSE,2285.9,2280.0,2284.05,HINLEV,8813
14,2021-12-17 09:28:00,2276.0,NSE,2281.9,2275.0,2281.9,HINLEV,14335
15,2021-12-17 09:29:00,2271.95,NSE,2276.0,2265.85,2276.0,HINLEV,23043
16,2021-12-17 09:30:00,2270.45,NSE,2274.9,2269.2,2271.9,HINLEV,11730
17,2021-12-17 09:31:00,2268.4,NSE,2271.15,2267.4,2271.0,HINLEV,11504
18,2021-12-17 09:32:00,2264.75,NSE,2269.5,2262.0,2268.4,HINLEV,18123
19,2021-12-17 09:33:00,2265.15,NSE,2265.25,2261.0,2264.5,HINLEV,13310
20,2021-12-17 09:34:00,2269.6,NSE,2269.65,2264.0,2265.8,HINLEV,7296
21,2021-12-17 09:35:00,2270.95,NSE,2272.55,2269.65,2269.65,HINLEV,8436
22,2021-12-17 09:36:00,2273.3,NSE,2273.95,2270.0,2270.95,HINLEV,4469
23,2021-12-17 09:37:00,2274.4,NSE,2274.4,2271.45,2274.0,HINLEV,4023
24,2021-12-17 09:38:00,2270.95,NSE,2274.45,2270.5,2274.45,HINLEV,2890
25,2021-12-17 09:39:00,2265.7,NSE,2270.95,2262.7,2270.95,HINLEV,14248
26,2021-12-17 09:40:00,2268.8,NSE,2269.3,2265.15,2265.75,HINLEV,4459
27,2021-12-17 09:41:00,2272.5,NSE,2273.0,2268.6,2269.55,HINLEV,4797
28,2021-12-17 09:42:00,2269.95,NSE,2272.0,2268.05,2272.0,HINLEV,4715
29,2021-12-17 09:43:00,2272.0,NSE,2272.8,2269.15,2269.95,HINLEV,1633
30,2021-12-17 09:44:00,2271.4,NSE,2273.7,2270.35,2272.65,HINLEV,3278
31,2021-12-17 09:45:00,2273.0,NSE,2273.0,2270.6,2271.4,HINLEV,2132
32,2021-12-17 09:46:00,2272.0,NSE,2273.9,2272.0,2273.0,HINLEV,2799
33,2021-12-17 09:47:00,2273.5,NSE,2274.25,2272.0,2272.0,HINLEV,2819
34,2021-12-17 09:48:00,2274.75,NSE,2275.2,2273.05,2273.5,HINLEV,2885
35,2021-12-17 09:49:00,2271.0,NSE,2274.75,2271.0,2274.75,HINLEV,4950
36,2021-12-17 09:50:00,2269.5,NSE,2271.95,2269.35,2271.25,HINLEV,5547
37,2021-12-17 09:51:00,2271.7,NSE,2271.95,2269.5,2270.0,HINLEV,2629
38,2021-12-17 09:52:00,2269.25,NSE,2273.6,2269.2,2271.7,HINLEV,3281
39,2021-12-17 09:53:00,2266.55,NSE,2270.0,2266.55,2269.0,HINLEV,3754
40,2021-12-17 09:54:00,2267.3,NSE,2267.5,2265.25,2267.5,HINLEV,3802
41,2021-12-17 09:55:00,2267.45,NSE,2269.3,2266.25,2267.3,HINLEV,2420
42,2021-12-17 09:56:00,2267.0,NSE,2268.1,2266.1,2267.45,HINLEV,2715
43,2021-12-17 09:57:00,2266.8,NSE,2268.2,2266.3,2267.0,HINLEV,2292
44,2021-12-17 09:58:00,2269.0,NSE,2269.8,2267.0,2267.0,HINLEV,2527
45,2021-12-17 09:59:00,2269.55,NSE,2270.0,2267.5,2268.95,HINLEV,2401
46,2021-12-17 10:00:00,2269.0,NSE,2269.75,2268.05,2269.6,HINLEV,2150
47,2021-12-17 10:01:00,2269.3,NSE,2269.45,2268.0,2269.0,HINLEV,2544
48,2021-12-17 10:02:00,2269.15,NSE,2270.0,2267.6,2269.45,HINLEV,1719
49,2021-12-17 10:03:00,2266.65,NSE,2270.5,2266.0,2269.0,HINLEV,3613
50,2021-12-17 10:04:00,2269.15,NSE,2269.45,2266.35,2266.35,HINLEV,3331
51,2021-12-17 10:05:00,2267.35,NSE,2269.15,2266.9,2269.1,HINLEV,1679
52,2021-12-17 10:06:00,2270.05,NSE,2270.4,2267.55,2267.8,HINLEV,1777
53,2021-12-17 10:07:00,2272.5,NSE,2272.5,2269.0,2270.4,HINLEV,2032
54,2021-12-17 10:08:00,2271.75,NSE,2274.35,2271.75,2273.7,HINLEV,2110
55,2021-12-17 10:09:00,2271.1,NSE,2272.15,2270.65,2272.15,HINLEV,2840
56,2021-12-17 10:10:00,2273.25,NSE,2273.7,2270.0,2270.0,HINLEV,3972
57,2021-12-17 10:11:00,2274.35,NSE,2274.7,2273.0,2273.15,HINLEV,2299
58,2021-12-17 10:12:00,2274.8,NSE,2274.8,2273.55,2274.4,HINLEV,3246
59,2021-12-17 10:13:00,2273.0,NSE,2274.5,2271.0,2274.5,HINLEV,2422
60,2021-12-17 10:14:00,2274.0,NSE,2274.9,2273.0,2273.0,HINLEV,1680
61,2021-12-17 10:15:00,2271.05,NSE,2274.0,2270.75,2274.0,HINLEV,2438
62,2021-12-17 10:16:00,2270.5,NSE,2273.1,2270.0,2271.6,HINLEV,1757
63,2021-12-17 10:17:00,2270.0,NSE,2270.95,2270.0,2270.75,HINLEV,1811
64,2021-12-17 10:18:00,2268.75,NSE,2271.0,2268.0,2270.85,HINLEV,4282
65,2021-12-17 10:19:00,2265.85,NSE,2268.75,2265.0,2268.75,HINLEV,4880
66,2021-12-17 10:20:00,2264.85,NSE,2267.5,2264.85,2265.1,HINLEV,15346
67,2021-12-17 10:21:00,2264.0,NSE,2264.85,2262.05,2264.85,HINLEV,5541
68,2021-12-17 10:22:00,2264.5,NSE,2266.45,2263.55,2264.0,HINLEV,7738
69,2021-12-17 10:23:00,2265.85,NSE,2266.3,2263.85,2264.5,HINLEV,1239
70,2021-12-17 10:24:00,2267.3,NSE,2267.45,2265.0,2266.3,HINLEV,1927
71,2021-12-17 10:25:00,2269.3,NSE,2269.75,2267.3,2267.3,HINLEV,2183
72,2021-12-17 10:26:00,2269.25,NSE,2269.85,2268.15,2269.2,HINLEV,1895
73,2021-12-17 10:27:00,2269.6,NSE,2270.0,2268.05,2269.25,HINLEV,1408
74,2021-12-17 10:28:00,2271.6,NSE,2271.75,2270.0,2270.0,HINLEV,1710
75,2021-12-17 10:29:00,2272.45,NSE,2272.7,2271.05,2271.6,HINLEV,1733
76,2021-12-17 10:30:00,2271.1,NSE,2272.65,2271.05,2272.1,HINLEV,1833
77,2021-12-17 10:31:00,2268.9,NSE,2272.2,2268.7,2271.4,HINLEV,8286
78,2021-12-17 10:32:00,2268.55,NSE,2270.0,2268.55,2269.5,HINLEV,1510
79,2021-12-17 10:33:00,2266.45,NSE,2269.0,2266.45,2268.55,HINLEV,2501
80,2021-12-17 10:34:00,2265.1,NSE,2266.5,2265.1,2266.5,HINLEV,3579
81,2021-12-17 10:35:00,2264.5,NSE,2266.45,2264.0,2265.1,HINLEV,6601
82,2021-12-17 10:36:00,2265.0,NSE,2265.0,2263.55,2264.5,HINLEV,1380
83,2021-12-17 10:37:00,2262.0,NSE,2265.0,2261.45,2265.0,HINLEV,15719
84,2021-12-17 10:38:00,2261.0,NSE,2262.0,2260.65,2262.0,HINLEV,8056
85,2021-12-17 10:39:00,2257.0,NSE,2261.0,2257.0,2260.0,HINLEV,21246
86,2021-12-17 10:40:00,2258.5,NSE,2260.0,2257.1,2258.0,HINLEV,9321
87,2021-12-17 10:41:00,2257.95,NSE,2260.0,2257.5,2258.5,HINLEV,5725
88,2021-12-17 10:42:00,2258.75,NSE,2259.0,2256.0,2257.95,HINLEV,6109
89,2021-12-17 10:43:00,2258.5,NSE,2258.75,2257.95,2258.75,HINLEV,3347
90,2021-12-17 10:44:00,2257.05,NSE,2258.5,2257.0,2258.5,HINLEV,4451
91,2021-12-17 10:45:00,2258.0,NSE,2259.35,2257.05,2257.05,HINLEV,2691
92,2021-12-17 10:46:00,2258.0,NSE,2258.0,2257.95,2258.0,HINLEV,3105
93,2021-12-17 10:47:00,2257.0,NSE,2258.0,2256.0,2258.0,HINLEV,6057
94,2021-12-17 10:48:00,2260.0,NSE,2260.0,2256.3,2257.0,HINLEV,37334
95,2021-12-17 10:49:00,2257.85,NSE,2259.9,2257.75,2259.9,HINLEV,14461
96,2021-12-17 10:50:00,2257.0,NSE,2257.85,2256.1,2257.85,HINLEV,2156
97,2021-12-17 10:51:00,2256.5,NSE,2257.4,2255.75,2256.45,HINLEV,2272
98,2021-12-17 10:52:00,2256.75,NSE,2257.0,2255.35,2256.5,HINLEV,2790
99,2021-12-17 10:53:00,2256.4,NSE,2257.0,2255.1,2256.75,HINLEV,2493
100,2021-12-17 10:54:00,2254.6,NSE,2256.0,2253.4,2255.7,HINLEV,9083
101,2021-12-17 10:55:00,2255.0,NSE,2255.0,2253.2,2254.85,HINLEV,2256
102,2021-12-17 10:56:00,2253.05,NSE,2256.3,2253.05,2255.0,HINLEV,5786
103,2021-12-17 10:57:00,2254.0,NSE,2254.0,2252.3,2253.6,HINLEV,4882
104,2021-12-17 10:58:00,2254.0,NSE,2254.0,2253.35,2254.0,HINLEV,3870
105,2021-12-17 10:59:00,2254.0,NSE,2254.0,2253.2,2253.95,HINLEV,3396
106,2021-12-17 11:00:00,2254.0,NSE,2255.0,2254.0,2254.0,HINLEV,20229
107,2021-12-17 11:01:00,2253.95,NSE,2254.5,2253.55,2254.0,HINLEV,2321
108,2021-12-17 11:02:00,2254.0,NSE,2254.0,2253.6,2253.95,HINLEV,3399
109,2021-12-17 11:03:00,2252.5,NSE,2254.0,2251.25,2254.0,HINLEV,10962
110,2021-12-17 11:04:00,2253.0,NSE,2253.0,2251.7,2252.5,HINLEV,5446
111,2021-12-17 11:05:00,2252.5,NSE,2252.5,2251.95,2252.5,HINLEV,7352
112,2021-12-17 11:06:00,2251.95,NSE,2252.05,2251.55,2252.05,HINLEV,4025
113,2021-12-17 11:07:00,2251.9,NSE,2252.5,2251.85,2251.95,HINLEV,6607
114,2021-12-17 11:08:00,2251.9,NSE,2251.9,2251.8,2251.9,HINLEV,3037
115,2021-12-17 11:09:00,2251.9,NSE,2252.0,2251.8,2251.9,HINLEV,6510
116,2021-12-17 11:10:00,2251.45,NSE,2251.9,2250.5,2250.55,HINLEV,10182
117,2021-12-17 11:11:00,2250.0,NSE,2251.45,2249.0,2251.45,HINLEV,28077
118,2021-12-17 11:12:00,2250.0,NSE,2250.8,2249.0,2249.85,HINLEV,6217
119,2021-12-17 11:13:00,2249.85,NSE,2250.0,2249.1,2249.75,HINLEV,2557
120,2021-12-17 11:14:00,2249.9,NSE,2249.95,2249.5,2249.85,HINLEV,2648
121,2021-12-17 11:15:00,2249.9,NSE,2249.95,2249.5,2249.8,HINLEV,9011
122,2021-12-17 11:16:00,2249.9,NSE,2249.9,2249.75,2249.8,HINLEV,2155
123,2021-12-17 11:17:00,2249.9,NSE,2250.0,2249.8,2249.9,HINLEV,11365
124,2021-12-17 11:18:00,2249.85,NSE,2249.9,2249.35,2249.9,HINLEV,4243
125,2021-12-17 11:19:00,2248.95,NSE,2249.9,2248.0,2249.75,HINLEV,5195
126,2021-12-17 11:20:00,2248.75,NSE,2249.9,2248.45,2249.0,HINLEV,4607
127,2021-12-17 11:21:00,2249.1,NSE,2249.5,2248.05,2248.5,HINLEV,3791
128,2021-12-17 11:22:00,2248.95,NSE,2249.25,2247.55,2249.2,HINLEV,4099
129,2021-12-17 11:23:00,2247.45,NSE,2249.25,2247.0,2248.55,HINLEV,5739
130,2021-12-17 11:24:00,2248.5,NSE,2249.5,2246.3,2247.45,HINLEV,6229
131,2021-12-17 11:25:00,2249.85,NSE,2249.9,2248.6,2248.6,HINLEV,5151
132,2021-12-17 11:26:00,2249.45,NSE,2249.95,2249.1,2249.9,HINLEV,3211
133,2021-12-17 11:27:00,2249.9,NSE,2249.9,2249.3,2249.85,HINLEV,4007
134,2021-12-17 11:28:00,2249.25,NSE,2249.95,2249.15,2249.7,HINLEV,4109
135,2021-12-17 11:29:00,2249.85,NSE,2250.0,2249.15,2249.95,HINLEV,5777
136,2021-12-17 11:30:00,2249.2,NSE,2249.9,2249.2,2249.85,HINLEV,4389
137,2021-12-17 11:31:00,2249.05,NSE,2249.65,2248.9,2249.25,HINLEV,3121
138,2021-12-17 11:32:00,2248.45,NSE,2249.95,2248.45,2249.35,HINLEV,7352
139,2021-12-17 11:33:00,2248.35,NSE,2249.5,2248.3,2249.35,HINLEV,3221
140,2021-12-17 11:34:00,2248.35,NSE,2249.6,2248.3,2248.95,HINLEV,4002
141,2021-12-17 11:35:00,2248.4,NSE,2249.0,2248.3,2248.35,HINLEV,2939
142,2021-12-17 11:36:00,2248.35,NSE,2249.0,2248.3,2248.9,HINLEV,4009
143,2021-12-17 11:37:00,2247.25,NSE,2248.8,2247.05,2248.35,HINLEV,4010
144,2021-12-17 11:38:00,2243.85,NSE,2247.1,2243.05,2247.05,HINLEV,25719
145,2021-12-17 11:39:00,2244.95,NSE,2246.1,2243.5,2243.85,HINLEV,4082
146,2021-12-17 11:40:00,2245.6,NSE,2246.95,2244.9,2245.0,HINLEV,3133
147,2021-12-17 11:41:00,2246.0,NSE,2246.5,2245.0,2245.6,HINLEV,2754
148,2021-12-17 11:42:00,2244.7,NSE,2246.25,2243.8,2246.0,HINLEV,5465
149,2021-12-17 11:43:00,2244.6,NSE,2245.0,2244.0,2244.75,HINLEV,1789
150,2021-12-17 11:44:00,2243.85,NSE,2245.0,2243.85,2244.6,HINLEV,2397
151,2021-12-17 11:45:00,2243.0,NSE,2244.0,2242.5,2244.0,HINLEV,4711
152,2021-12-17 11:46:00,2243.0,NSE,2243.0,2242.0,2243.0,HINLEV,3542
153,2021-12-17 11:47:00,2242.0,NSE,2243.0,2240.0,2243.0,HINLEV,17282
154,2021-12-17 11:48:00,2239.15,NSE,2242.75,2238.4,2241.85,HINLEV,26459
155,2021-12-17 11:49:00,2239.9,NSE,2240.0,2239.15,2239.15,HINLEV,3190
156,2021-12-17 11:50:00,2239.15,NSE,2239.95,2238.4,2239.9,HINLEV,2987
157,2021-12-17 11:51:00,2238.0,NSE,2239.95,2237.0,2239.55,HINLEV,17310
158,2021-12-17 11:52:00,2239.95,NSE,2239.95,2237.0,2238.0,HINLEV,5790
159,2021-12-17 11:53:00,2240.0,NSE,2243.35,2239.45,2239.95,HINLEV,29324
160,2021-12-17 11:54:00,2240.0,NSE,2240.0,2239.7,2240.0,HINLEV,4755
161,2021-12-17 11:55:00,2240.0,NSE,2240.0,2239.95,2239.95,HINLEV,11173
162,2021-12-17 11:56:00,2240.3,NSE,2241.0,2240.0,2241.0,HINLEV,6223
163,2021-12-17 11:57:00,2243.35,NSE,2243.35,2240.3,2240.3,HINLEV,7033
164,2021-12-17 11:58:00,2243.95,NSE,2244.0,2243.0,2243.3,HINLEV,2685
165,2021-12-17 11:59:00,2243.0,NSE,2244.7,2241.9,2243.95,HINLEV,10163
166,2021-12-17 12:00:00,2242.55,NSE,2243.0,2241.3,2243.0,HINLEV,2725
167,2021-12-17 12:01:00,2240.0,NSE,2242.55,2240.0,2242.5,HINLEV,5185
168,2021-12-17 12:02:00,2240.0,NSE,2240.0,2240.0,2240.0,HINLEV,1821
169,2021-12-17 12:03:00,2240.0,NSE,2241.0,2240.0,2240.0,HINLEV,3975
170,2021-12-17 12:04:00,2239.5,NSE,2240.0,2239.0,2240.0,HINLEV,9126
171,2021-12-17 12:05:00,2240.0,NSE,2240.0,2239.05,2239.5,HINLEV,1880
172,2021-12-17 12:06:00,2240.0,NSE,2240.0,2239.8,2240.0,HINLEV,4494
173,2021-12-17 12:07:00,2240.0,NSE,2240.0,2239.8,2240.0,HINLEV,1552
174,2021-12-17 12:08:00,2240.0,NSE,2241.0,2240.0,2240.0,HINLEV,49755
175,2021-12-17 12:09:00,2240.0,NSE,2240.0,2239.85,2239.85,HINLEV,23962
176,2021-12-17 12:10:00,2239.9,NSE,2240.0,2239.85,2240.0,HINLEV,1562
177,2021-12-17 12:11:00,2240.0,NSE,2240.0,2239.85,2239.9,HINLEV,4654
178,2021-12-17 12:12:00,2240.0,NSE,2240.0,2239.95,2240.0,HINLEV,2024
179,2021-12-17 12:13:00,2240.0,NSE,2240.0,2239.9,2240.0,HINLEV,6969
180,2021-12-17 12:14:00,2240.0,NSE,2240.0,2239.95,2240.0,HINLEV,2806
181,2021-12-17 12:15:00,2239.85,NSE,2240.0,2239.6,2240.0,HINLEV,6289
182,2021-12-17 12:16:00,2239.9,NSE,2240.0,2239.8,2239.9,HINLEV,1765
183,2021-12-17 12:17:00,2240.0,NSE,2240.0,2239.95,2240.0,HINLEV,2415
184,2021-12-17 12:18:00,2239.85,NSE,2241.75,2239.85,2240.0,HINLEV,30876
185,2021-12-17 12:19:00,2239.75,NSE,2240.0,2239.5,2240.0,HINLEV,11102
186,2021-12-17 12:20:00,2239.95,NSE,2240.0,2239.85,2239.85,HINLEV,2726
187,2021-12-17 12:21:00,2240.0,NSE,2240.0,2239.9,2240.0,HINLEV,2222
188,2021-12-17 12:22:00,2239.9,NSE,2240.0,2239.9,2240.0,HINLEV,1871
189,2021-12-17 12:23:00,2239.9,NSE,2240.0,2239.85,2239.95,HINLEV,1910
190,2021-12-17 12:24:00,2239.95,NSE,2240.0,2239.75,2239.9,HINLEV,3170
191,2021-12-17 12:25:00,2240.0,NSE,2240.0,2239.95,2240.0,HINLEV,2951
192,2021-12-17 12:26:00,2241.85,NSE,2241.85,2239.95,2240.0,HINLEV,2590
193,2021-12-17 12:27:00,2242.8,NSE,2243.95,2242.15,2242.8,HINLEV,2832
194,2021-12-17 12:28:00,2241.35,NSE,2243.0,2240.3,2242.8,HINLEV,2297
195,2021-12-17 12:29:00,2242.9,NSE,2243.0,2241.1,2241.35,HINLEV,1002
196,2021-12-17 12:30:00,2242.4,NSE,2243.9,2241.0,2242.9,HINLEV,2602
197,2021-12-17 12:31:00,2241.35,NSE,2242.75,2239.9,2242.75,HINLEV,3574
198,2021-12-17 12:32:00,2241.2,NSE,2241.95,2240.5,2241.4,HINLEV,6095
199,2021-12-17 12:33:00,2241.7,NSE,2241.7,2240.05,2241.2,HINLEV,2219
200,2021-12-17 12:34:00,2242.55,NSE,2243.4,2241.0,2241.7,HINLEV,1583
201,2021-12-17 12:35:00,2243.35,NSE,2243.8,2242.45,2242.45,HINLEV,2894
202,2021-12-17 12:36:00,2242.9,NSE,2243.5,2241.65,2243.0,HINLEV,3473
203,2021-12-17 12:37:00,2244.0,NSE,2244.85,2242.9,2242.9,HINLEV,4335
204,2021-12-17 12:38:00,2244.65,NSE,2245.0,2243.55,2244.65,HINLEV,7469
205,2021-12-17 12:39:00,2244.0,NSE,2244.75,2243.05,2244.0,HINLEV,2596
206,2021-12-17 12:40:00,2243.95,NSE,2244.0,2243.1,2243.35,HINLEV,1294
207,2021-12-17 12:41:00,2242.0,NSE,2244.35,2242.0,2244.0,HINLEV,2766
208,2021-12-17 12:42:00,2243.05,NSE,2243.05,2242.0,2242.95,HINLEV,1523
209,2021-12-17 12:43:00,2244.25,NSE,2244.3,2243.05,2243.05,HINLEV,1481
210,2021-12-17 12:44:00,2244.05,NSE,2244.25,2243.25,2244.2,HINLEV,1751
211,2021-12-17 12:45:00,2244.0,NSE,2244.5,2243.25,2244.2,HINLEV,1836
212,2021-12-17 12:46:00,2244.9,NSE,2244.9,2243.6,2244.0,HINLEV,1467
213,2021-12-17 12:47:00,2244.7,NSE,2245.0,2244.7,2244.9,HINLEV,1531
214,2021-12-17 12:48:00,2244.9,NSE,2245.0,2244.7,2244.7,HINLEV,3433
215,2021-12-17 12:49:00,2245.0,NSE,2245.8,2244.3,2244.9,HINLEV,22763
216,2021-12-17 12:50:00,2245.0,NSE,2245.0,2244.85,2245.0,HINLEV,14670
217,2021-12-17 12:51:00,2244.65,NSE,2245.0,2244.65,2244.9,HINLEV,3037
218,2021-12-17 12:52:00,2244.9,NSE,2244.95,2244.0,2244.65,HINLEV,858
219,2021-12-17 12:53:00,2245.0,NSE,2245.0,2244.85,2244.85,HINLEV,3169
220,2021-12-17 12:54:00,2244.0,NSE,2245.0,2243.8,2245.0,HINLEV,4062
221,2021-12-17 12:55:00,2244.9,NSE,2245.0,2243.95,2244.0,HINLEV,5203
222,2021-12-17 12:56:00,2245.0,NSE,2245.0,2244.55,2244.95,HINLEV,7372
223,2021-12-17 12:57:00,2245.0,NSE,2245.0,2244.95,2245.0,HINLEV,3283
224,2021-12-17 12:58:00,2244.95,NSE,2245.0,2244.9,2245.0,HINLEV,7828
225,2021-12-17 12:59:00,2244.95,NSE,2245.0,2244.85,2244.95,HINLEV,1424
226,2021-12-17 13:00:00,2244.95,NSE,2245.0,2244.95,2245.0,HINLEV,1767
227,2021-12-17 13:01:00,2245.0,NSE,2245.0,2244.4,2244.5,HINLEV,4053
228,2021-12-17 13:02:00,2244.95,NSE,2245.0,2244.95,2245.0,HINLEV,1514
229,2021-12-17 13:03:00,2244.85,NSE,2245.0,2244.85,2244.85,HINLEV,2205
230,2021-12-17 13:04:00,2244.95,NSE,2245.0,2244.95,2244.95,HINLEV,1545
231,2021-12-17 13:05:00,2245.0,NSE,2245.0,2244.95,2245.0,HINLEV,2039
232,2021-12-17 13:06:00,2244.95,NSE,2245.0,2244.95,2245.0,HINLEV,5783
233,2021-12-17 13:07:00,2245.0,NSE,2245.0,2244.85,2244.95,HINLEV,2096
234,2021-12-17 13:08:00,2244.95,NSE,2245.0,2244.75,2245.0,HINLEV,1892
235,2021-12-17 13:09:00,2243.75,NSE,2244.95,2243.75,2244.95,HINLEV,3379
236,2021-12-17 13:10:00,2242.55,NSE,2243.85,2242.4,2243.85,HINLEV,2276
237,2021-12-17 13:11:00,2242.8,NSE,2243.0,2242.5,2242.55,HINLEV,1869
238,2021-12-17 13:12:00,2245.0,NSE,2245.0,2242.3,2242.8,HINLEV,2709
239,2021-12-17 13:13:00,2244.3,NSE,2245.0,2243.2,2245.0,HINLEV,1291
240,2021-12-17 13:14:00,2243.95,NSE,2244.65,2243.4,2244.3,HINLEV,1645
241,2021-12-17 13:15:00,2244.2,NSE,2244.4,2243.95,2243.95,HINLEV,1968
242,2021-12-17 13:16:00,2244.9,NSE,2244.95,2244.25,2244.25,HINLEV,1034
243,2021-12-17 13:17:00,2244.85,NSE,2245.0,2244.8,2244.95,HINLEV,3553
244,2021-12-17 13:18:00,2244.95,NSE,2245.0,2244.4,2245.0,HINLEV,1305
245,2021-12-17 13:19:00,2244.7,NSE,2244.95,2244.4,2244.95,HINLEV,1308
246,2021-12-17 13:20:00,2244.7,NSE,2244.95,2244.3,2244.7,HINLEV,900
247,2021-12-17 13:21:00,2244.75,NSE,2244.95,2244.0,2244.7,HINLEV,1907
248,2021-12-17 13:22:00,2244.75,NSE,2244.8,2244.5,2244.75,HINLEV,1406
249,2021-12-17 13:23:00,2244.7,NSE,2244.75,2244.4,2244.75,HINLEV,1007
250,2021-12-17 13:24:00,2244.0,NSE,2244.7,2243.2,2244.7,HINLEV,2328
251,2021-12-17 13:25:00,2244.9,NSE,2244.9,2243.9,2244.0,HINLEV,1758
252,2021-12-17 13:26:00,2244.85,NSE,2244.9,2244.65,2244.9,HINLEV,1274
253,2021-12-17 13:27:00,2245.0,NSE,2245.0,2244.8,2244.85,HINLEV,6487
254,2021-12-17 13:28:00,2245.0,NSE,2245.0,2244.85,2244.95,HINLEV,1879
255,2021-12-17 13:29:00,2245.0,NSE,2245.0,2244.95,2245.0,HINLEV,11116
256,2021-12-17 13:30:00,2244.95,NSE,2245.0,2244.85,2245.0,HINLEV,1117
257,2021-12-17 13:31:00,2244.9,NSE,2244.95,2244.85,2244.95,HINLEV,1342
258,2021-12-17 13:32:00,2244.05,NSE,2245.0,2244.0,2244.9,HINLEV,6084
259,2021-12-17 13:33:00,2244.65,NSE,2245.0,2244.0,2244.05,HINLEV,1380
260,2021-12-17 13:34:00,2245.0,NSE,2245.0,2244.5,2244.65,HINLEV,1023
261,2021-12-17 13:35:00,2244.95,NSE,2245.0,2244.85,2245.0,HINLEV,675
262,2021-12-17 13:36:00,2244.45,NSE,2245.0,2244.45,2244.95,HINLEV,1342
263,2021-12-17 13:37:00,2243.7,NSE,2244.85,2243.7,2244.85,HINLEV,2027
264,2021-12-17 13:38:00,2244.65,NSE,2244.7,2243.15,2243.9,HINLEV,1655
265,2021-12-17 13:39:00,2244.9,NSE,2245.0,2244.3,2244.7,HINLEV,1699
266,2021-12-17 13:40:00,2245.0,NSE,2245.0,2244.15,2244.9,HINLEV,1084
267,2021-12-17 13:41:00,2244.95,NSE,2245.0,2244.5,2245.0,HINLEV,1578
268,2021-12-17 13:42:00,2244.95,NSE,2245.0,2244.55,2244.95,HINLEV,1733
269,2021-12-17 13:43:00,2244.5,NSE,2245.0,2244.1,2244.95,HINLEV,1329
270,2021-12-17 13:44:00,2244.4,NSE,2244.95,2244.15,2244.95,HINLEV,929
271,2021-12-17 13:45:00,2244.75,NSE,2244.95,2244.05,2244.45,HINLEV,1409
272,2021-12-17 13:46:00,2244.5,NSE,2244.8,2244.1,2244.7,HINLEV,1327
273,2021-12-17 13:47:00,2244.9,NSE,2244.9,2244.5,2244.5,HINLEV,1065
274,2021-12-17 13:48:00,2245.0,NSE,2245.0,2244.55,2244.9,HINLEV,1269
275,2021-12-17 13:49:00,2244.95,NSE,2245.0,2244.9,2245.0,HINLEV,1386
276,2021-12-17 13:50:00,2245.0,NSE,2245.0,2244.9,2244.95,HINLEV,1142
277,2021-12-17 13:51:00,2244.95,NSE,2245.0,2244.9,2245.0,HINLEV,1409
278,2021-12-17 13:52:00,2244.95,NSE,2245.0,2244.9,2245.0,HINLEV,2551
279,2021-12-17 13:53:00,2245.0,NSE,2245.0,2244.95,2245.0,HINLEV,2125
280,2021-12-17 13:54:00,2245.0,NSE,2245.0,2244.95,2245.0,HINLEV,1727
281,2021-12-17 13:55:00,2245.0,NSE,2245.0,2244.8,2245.0,HINLEV,2913
282,2021-12-17 13:56:00,2242.6,NSE,2245.0,2242.05,2245.0,HINLEV,3680
283,2021-12-17 13:57:00,2243.25,NSE,2244.0,2242.6,2242.6,HINLEV,1181
284,2021-12-17 13:58:00,2242.9,NSE,2243.75,2242.8,2243.75,HINLEV,2153
285,2021-12-17 13:59:00,2243.5,NSE,2243.5,2242.5,2242.9,HINLEV,1393
286,2021-12-17 14:00:00,2244.65,NSE,2244.8,2243.5,2243.5,HINLEV,2097
287,2021-12-17 14:01:00,2244.9,NSE,2244.9,2244.1,2244.6,HINLEV,1101
288,2021-12-17 14:02:00,2244.8,NSE,2244.9,2244.8,2244.9,HINLEV,2277
289,2021-12-17 14:03:00,2244.9,NSE,2244.95,2244.8,2244.9,HINLEV,1394
290,2021-12-17 14:04:00,2245.0,NSE,2245.0,2244.9,2244.9,HINLEV,19257
291,2021-12-17 14:05:00,2244.7,NSE,2245.0,2244.45,2245.0,HINLEV,1660
292,2021-12-17 14:06:00,2244.85,NSE,2244.9,2244.0,2244.7,HINLEV,3067
293,2021-12-17 14:07:00,2244.8,NSE,2244.9,2244.5,2244.9,HINLEV,1114
294,2021-12-17 14:08:00,2244.6,NSE,2244.9,2244.15,2244.9,HINLEV,2622
295,2021-12-17 14:09:00,2244.3,NSE,2244.6,2244.05,2244.6,HINLEV,1465
296,2021-12-17 14:10:00,2244.9,NSE,2244.95,2244.25,2244.3,HINLEV,970
297,2021-12-17 14:11:00,2244.85,NSE,2245.0,2244.8,2244.9,HINLEV,1188
298,2021-12-17 14:12:00,2244.9,NSE,2244.95,2244.85,2244.9,HINLEV,1012
299,2021-12-17 14:13:00,2244.5,NSE,2245.0,2244.0,2244.95,HINLEV,2162
300,2021-12-17 14:14:00,2244.1,NSE,2244.5,2243.25,2244.5,HINLEV,2384
301,2021-12-17 14:15:00,2243.85,NSE,2244.15,2243.85,2244.15,HINLEV,1562
302,2021-12-17 14:16:00,2243.6,NSE,2243.9,2243.15,2243.5,HINLEV,1210
303,2021-12-17 14:17:00,2243.6,NSE,2243.6,2243.0,2243.15,HINLEV,800
304,2021-12-17 14:18:00,2241.1,NSE,2243.6,2241.0,2243.6,HINLEV,4904
305,2021-12-17 14:19:00,2241.65,NSE,2242.0,2241.0,2241.1,HINLEV,1141
306,2021-12-17 14:20:00,2242.25,NSE,2242.5,2241.5,2241.65,HINLEV,1024
307,2021-12-17 14:21:00,2241.75,NSE,2242.5,2240.75,2242.25,HINLEV,3628
308,2021-12-17 14:22:00,2241.4,NSE,2241.8,2241.15,2241.75,HINLEV,1284
309,2021-12-17 14:23:00,2240.75,NSE,2241.45,2240.5,2241.4,HINLEV,1512
310,2021-12-17 14:24:00,2242.5,NSE,2243.05,2240.5,2240.75,HINLEV,4487
311,2021-12-17 14:25:00,2241.0,NSE,2242.6,2241.0,2242.4,HINLEV,1552
312,2021-12-17 14:26:00,2241.8,NSE,2241.9,2240.8,2241.0,HINLEV,2027
313,2021-12-17 14:27:00,2242.0,NSE,2242.0,2240.45,2241.8,HINLEV,2504
314,2021-12-17 14:28:00,2242.8,NSE,2242.85,2241.7,2242.0,HINLEV,1751
315,2021-12-17 14:29:00,2242.4,NSE,2242.9,2242.4,2242.8,HINLEV,1364
316,2021-12-17 14:30:00,2242.9,NSE,2243.6,2241.95,2242.1,HINLEV,2816
317,2021-12-17 14:31:00,2243.05,NSE,2243.7,2242.9,2242.9,HINLEV,4151
318,2021-12-17 14:32:00,2241.95,NSE,2243.15,2241.75,2243.15,HINLEV,7570
319,2021-12-17 14:33:00,2242.45,NSE,2243.0,2241.8,2241.95,HINLEV,3363
320,2021-12-17 14:34:00,2243.0,NSE,2243.0,2242.3,2242.65,HINLEV,1142
321,2021-12-17 14:35:00,2242.7,NSE,2243.0,2242.65,2243.0,HINLEV,1877
322,2021-12-17 14:36:00,2243.4,NSE,2243.5,2242.65,2242.7,HINLEV,2117
323,2021-12-17 14:37:00,2242.75,NSE,2243.4,2242.7,2243.15,HINLEV,1874
324,2021-12-17 14:38:00,2242.5,NSE,2242.75,2242.5,2242.7,HINLEV,6078
325,2021-12-17 14:39:00,2241.4,NSE,2242.6,2241.4,2242.6,HINLEV,2544
326,2021-12-17 14:40:00,2242.0,NSE,2242.0,2241.0,2241.55,HINLEV,1950
327,2021-12-17 14:41:00,2240.35,NSE,2241.95,2240.05,2241.95,HINLEV,4278
328,2021-12-17 14:42:00,2239.9,NSE,2240.3,2238.2,2240.3,HINLEV,16679
329,2021-12-17 14:43:00,2239.9,NSE,2239.9,2239.0,2239.9,HINLEV,3134
330,2021-12-17 14:44:00,2238.0,NSE,2240.0,2238.0,2239.9,HINLEV,4884
331,2021-12-17 14:45:00,2238.05,NSE,2240.35,2238.0,2238.05,HINLEV,4500
332,2021-12-17 14:46:00,2239.2,NSE,2239.35,2238.0,2238.05,HINLEV,1454
333,2021-12-17 14:47:00,2239.45,NSE,2239.55,2238.0,2239.15,HINLEV,1866
334,2021-12-17 14:48:00,2239.0,NSE,2239.55,2238.0,2239.0,HINLEV,2170
335,2021-12-17 14:49:00,2238.2,NSE,2239.2,2238.15,2238.5,HINLEV,1872
336,2021-12-17 14:50:00,2239.25,NSE,2239.9,2238.1,2238.2,HINLEV,2081
337,2021-12-17 14:51:00,2239.35,NSE,2239.9,2238.7,2239.85,HINLEV,1997
338,2021-12-17 14:52:00,2238.4,NSE,2239.9,2238.25,2239.0,HINLEV,2014
339,2021-12-17 14:53:00,2238.2,NSE,2238.5,2238.15,2238.45,HINLEV,2357
340,2021-12-17 14:54:00,2238.0,NSE,2239.0,2238.0,2238.45,HINLEV,6877
341,2021-12-17 14:55:00,2236.0,NSE,2238.1,2236.0,2238.1,HINLEV,12169
342,2021-12-17 14:56:00,2234.85,NSE,2236.7,2233.35,2235.9,HINLEV,11855
343,2021-12-17 14:57:00,2235.0,NSE,2235.0,2233.05,2234.8,HINLEV,7224
344,2021-12-17 14:58:00,2234.8,NSE,2235.0,2234.25,2235.0,HINLEV,5077
345,2021-12-17 14:59:00,2234.8,NSE,2235.0,2234.5,2234.85,HINLEV,4870
346,2021-12-17 15:00:00,2235.0,NSE,2235.1,2234.5,2234.8,HINLEV,44773
347,2021-12-17 15:01:00,2232.45,NSE,2235.0,2232.0,2234.9,HINLEV,19017
348,2021-12-17 15:02:00,2231.35,NSE,2232.45,2231.2,2232.45,HINLEV,27330
349,2021-12-17 15:03:00,2228.7,NSE,2233.9,2228.0,2231.3,HINLEV,42145
350,2021-12-17 15:04:00,2229.95,NSE,2230.0,2228.35,2228.7,HINLEV,19140
351,2021-12-17 15:05:00,2229.85,NSE,2230.0,2229.75,2230.0,HINLEV,30744
352,2021-12-17 15:06:00,2231.0,NSE,2232.7,2229.65,2229.85,HINLEV,46784
353,2021-12-17 15:07:00,2230.55,NSE,2231.85,2230.05,2231.0,HINLEV,25055
354,2021-12-17 15:08:00,2229.8,NSE,2230.45,2229.8,2230.45,HINLEV,26853
355,2021-12-17 15:09:00,2230.2,NSE,2231.0,2229.7,2229.75,HINLEV,33216
356,2021-12-17 15:10:00,2229.7,NSE,2230.2,2229.45,2230.2,HINLEV,17621
357,2021-12-17 15:11:00,2229.55,NSE,2229.75,2229.55,2229.7,HINLEV,13163
358,2021-12-17 15:12:00,2229.8,NSE,2229.8,2229.55,2229.55,HINLEV,16147
359,2021-12-17 15:13:00,2229.95,NSE,2230.0,2229.7,2229.7,HINLEV,19275
360,2021-12-17 15:14:00,2229.95,NSE,2229.95,2229.85,2229.85,HINLEV,24128
361,2021-12-17 15:15:00,2229.95,NSE,2230.0,2229.85,2229.85,HINLEV,19949
362,2021-12-17 15:16:00,2230.0,NSE,2230.0,2229.9,2230.0,HINLEV,32841
363,2021-12-17 15:17:00,2230.0,NSE,2230.0,2229.9,2230.0,HINLEV,29006
364,2021-12-17 15:18:00,2226.25,NSE,2230.0,2226.2,2229.95,HINLEV,74466
365,2021-12-17 15:19:00,2228.9,NSE,2229.85,2226.0,2226.0,HINLEV,31593
366,2021-12-17 15:20:00,2229.8,NSE,2230.0,2228.85,2229.0,HINLEV,25491
367,2021-12-17 15:21:00,2229.25,NSE,2229.8,2229.2,2229.65,HINLEV,17481
368,2021-12-17 15:22:00,2229.15,NSE,2229.25,2229.1,2229.2,HINLEV,13813
369,2021-12-17 15:23:00,2229.35,NSE,2229.35,2229.1,2229.15,HINLEV,15504
370,2021-12-17 15:24:00,2229.35,NSE,2229.4,2229.25,2229.35,HINLEV,14655
371,2021-12-17 15:25:00,2229.45,NSE,2229.45,2229.35,2229.35,HINLEV,14259
372,2021-12-17 15:26:00,2230.0,NSE,2230.0,2229.4,2229.45,HINLEV,24111
373,2021-12-17 15:27:00,2229.15,NSE,2230.0,2229.0,2229.95,HINLEV,23305
374,2021-12-17 15:28:00,2229.9,NSE,2230.0,2228.1,2229.8,HINLEV,10824
375,2021-12-17 15:29:00,2230.0,NSE,2230.0,2228.2,2228.2,HINLEV,10594
