,datetime,close,exchange_code,high,low,open,stock_code,volume
0,2021-02-25 09:30:00,515.6,NSE,515.6,514.5,515.1,CHOINV,31337
1,2021-02-25 09:31:00,515.75,NSE,516.65,515.25,515.45,CHOINV,29035
2,2021-02-25 09:32:00,517.5,NSE,517.5,515.05,515.55,CHOINV,39687
3,2021-02-25 09:33:00,518.7,NSE,519.65,517.5,517.5,CHOINV,57213
4,2021-02-25 09:34:00,519.85,NSE,521.1,518.25,518.8,CHOINV,71971
5,2021-02-25 09:35:00,520.35,NSE,520.7,519.75,519.8,CHOINV,38628
6,2021-02-25 09:36:00,520.65,NSE,521.1,520.0,520.5,CHOINV,38318
7,2021-02-25 09:37:00,522.0,NSE,522.0,520.2,520.65,CHOINV,40246
8,2021-02-25 09:38:00,523.0,NSE,523.75,522.0,522.0,CHOINV,58453
9,2021-02-25 09:39:00,521.95,NSE,522.9,521.95,522.85,CHOINV,36806
10,2021-02-25 09:40:00,523.0,NSE,523.0,520.9,521.95,CHOINV,39489
11,2021-02-25 09:41:00,523.2,NSE,524.0,523.05,523.05,CHOINV,29785
12,2021-02-25 09:42:00,525.2,NSE,525.65,523.3,523.45,CHOINV,99334
13,2021-02-25 09:43:00,523.8,NSE,525.35,523.55,525.05,CHOINV,70821
14,2021-02-25 09:44:00,523.8,NSE,524.2,522.85,523.6,CHOINV,37155
15,2021-02-25 09:45:00,524.9,NSE,524.9,522.8,523.7,CHOINV,32978
16,2021-02-25 09:46:00,523.5,NSE,525.0,523.25,524.6,CHOINV,17227
17,2021-02-25 09:47:00,523.85,NSE,524.0,523.45,523.5,CHOINV,10902
18,2021-02-25 09:48:00,521.6,NSE,523.95,521.2,523.6,CHOINV,39545
19,2021-02-25 09:49:00,523.85,NSE,524.0,521.3,521.75,CHOINV,37562
20,2021-02-25 09:50:00,522.5,NSE,523.6,522.35,523.6,CHOINV,8487
21,2021-02-25 09:51:00,522.55,NSE,522.85,522.1,522.45,CHOINV,12114
22,2021-02-25 09:52:00,521.9,NSE,522.85,521.7,522.55,CHOINV,19901
23,2021-02-25 09:53:00,520.8,NSE,522.0,520.7,521.9,CHOINV,21329
24,2021-02-25 09:54:00,520.7,NSE,521.4,520.6,520.95,CHOINV,16649
25,2021-02-25 09:55:00,519.6,NSE,520.3,519.05,520.2,CHOINV,36366
26,2021-02-25 09:56:00,519.45,NSE,519.7,519.0,519.7,CHOINV,13655
27,2021-02-25 09:57:00,519.45,NSE,519.7,519.3,519.3,CHOINV,8154
28,2021-02-25 09:58:00,519.25,NSE,519.65,519.0,519.4,CHOINV,11483
29,2021-02-25 09:59:00,519.5,NSE,519.95,519.0,519.25,CHOINV,9662
30,2021-02-25 10:00:00,517.75,NSE,519.9,517.7,519.55,CHOINV,27621
31,2021-02-25 10:01:00,518.65,NSE,519.0,517.5,517.75,CHOINV,16458
32,2021-02-25 10:02:00,518.4,NSE,518.75,517.75,518.75,CHOINV,8972
33,2021-02-25 10:03:00,521.45,NSE,521.45,518.4,518.7,CHOINV,23113
34,2021-02-25 10:04:00,521.4,NSE,521.75,521.0,521.25,CHOINV,9513
35,2021-02-25 10:05:00,522.2,NSE,522.25,521.0,521.35,CHOINV,19798
36,2021-02-25 10:06:00,521.8,NSE,522.8,521.6,522.05,CHOINV,18383
37,2021-02-25 10:07:00,521.8,NSE,522.0,521.2,522.0,CHOINV,5072
38,2021-02-25 10:08:00,522.0,NSE,522.1,521.75,521.8,CHOINV,4484
39,2021-02-25 10:09:00,522.65,NSE,523.35,521.85,522.2,CHOINV,22769
40,2021-02-25 10:10:00,523.1,NSE,523.15,522.0,522.5,CHOINV,11705
41,2021-02-25 10:11:00,523.05,NSE,523.65,522.7,523.1,CHOINV,12480
42,2021-02-25 10:12:00,523.5,NSE,523.65,523.05,523.3,CHOINV,9376
43,2021-02-25 10:13:00,524.5,NSE,524.7,523.2,523.5,CHOINV,39820
44,2021-02-25 10:14:00,524.0,NSE,524.55,523.65,524.25,CHOINV,20132
45,2021-02-25 10:15:00,524.0,NSE,524.15,523.25,524.0,CHOINV,27055
46,2021-02-25 10:16:00,523.95,NSE,524.5,523.55,523.6,CHOINV,16287
47,2021-02-25 10:17:00,524.1,NSE,524.35,523.65,524.1,CHOINV,7018
48,2021-02-25 10:18:00,524.9,NSE,525.0,523.9,524.0,CHOINV,30927
49,2021-02-25 10:19:00,525.55,NSE,525.95,524.45,524.55,CHOINV,47972
50,2021-02-25 10:20:00,525.45,NSE,526.5,525.1,525.65,CHOINV,46669
51,2021-02-25 10:21:00,525.3,NSE,525.8,525.1,525.65,CHOINV,9197
52,2021-02-25 10:22:00,525.5,NSE,525.55,524.65,525.1,CHOINV,33212
53,2021-02-25 10:23:00,524.9,NSE,525.7,524.9,525.6,CHOINV,12715
54,2021-02-25 10:24:00,525.5,NSE,525.95,524.9,524.9,CHOINV,15966
55,2021-02-25 10:25:00,525.5,NSE,525.8,525.15,525.8,CHOINV,5232
56,2021-02-25 10:26:00,525.55,NSE,526.0,525.5,525.5,CHOINV,9029
57,2021-02-25 10:27:00,525.15,NSE,525.85,525.15,525.8,CHOINV,6195
58,2021-02-25 10:28:00,525.15,NSE,525.5,525.0,525.5,CHOINV,10710
59,2021-02-25 10:29:00,525.05,NSE,525.3,524.8,525.1,CHOINV,11564
60,2021-02-25 10:30:00,526.1,NSE,526.4,525.0,525.3,CHOINV,21657
61,2021-02-25 10:31:00,526.9,NSE,527.55,526.3,526.3,CHOINV,38163
62,2021-02-25 10:32:00,527.8,NSE,528.0,526.95,526.95,CHOINV,26093
63,2021-02-25 10:33:00,526.85,NSE,528.5,526.85,527.85,CHOINV,37460
64,2021-02-25 10:34:00,526.35,NSE,527.0,526.0,526.8,CHOINV,14860
65,2021-02-25 10:35:00,526.85,NSE,526.95,526.0,526.0,CHOINV,14021
66,2021-02-25 10:36:00,526.6,NSE,526.85,526.5,526.65,CHOINV,4940
67,2021-02-25 10:37:00,527.5,NSE,527.5,526.45,526.6,CHOINV,8917
68,2021-02-25 10:38:00,528.35,NSE,528.8,527.3,527.5,CHOINV,26074
69,2021-02-25 10:39:00,529.1,NSE,529.75,528.35,528.4,CHOINV,25669
70,2021-02-25 10:40:00,528.7,NSE,529.75,528.7,529.05,CHOINV,28455
71,2021-02-25 10:41:00,529.05,NSE,529.2,528.55,528.9,CHOINV,15336
72,2021-02-25 10:42:00,529.35,NSE,529.65,529.0,529.1,CHOINV,13980
73,2021-02-25 10:43:00,531.2,NSE,531.75,529.2,529.3,CHOINV,79417
74,2021-02-25 10:44:00,532.25,NSE,533.45,531.0,531.4,CHOINV,71936
75,2021-02-25 10:45:00,532.75,NSE,534.0,532.65,532.9,CHOINV,51782
76,2021-02-25 10:46:00,532.65,NSE,533.5,532.0,533.0,CHOINV,30459
77,2021-02-25 10:47:00,532.0,NSE,532.7,531.1,532.25,CHOINV,21014
78,2021-02-25 10:48:00,531.5,NSE,532.0,531.1,531.55,CHOINV,10728
79,2021-02-25 10:49:00,531.35,NSE,532.5,531.35,531.5,CHOINV,10633
80,2021-02-25 10:50:00,532.45,NSE,532.5,531.45,531.45,CHOINV,16617
81,2021-02-25 10:51:00,532.0,NSE,532.5,531.85,531.95,CHOINV,7339
82,2021-02-25 10:52:00,532.05,NSE,532.4,532.0,532.3,CHOINV,6859
83,2021-02-25 10:53:00,531.0,NSE,532.2,531.0,532.05,CHOINV,13800
84,2021-02-25 10:54:00,531.55,NSE,531.7,531.2,531.2,CHOINV,7932
85,2021-02-25 10:55:00,531.3,NSE,531.9,531.2,531.4,CHOINV,9338
86,2021-02-25 10:56:00,532.4,NSE,532.4,531.0,531.3,CHOINV,33071
87,2021-02-25 10:57:00,533.75,NSE,533.8,532.25,532.4,CHOINV,22944
88,2021-02-25 10:58:00,533.7,NSE,533.9,533.5,533.75,CHOINV,10369
89,2021-02-25 10:59:00,533.5,NSE,533.75,533.2,533.6,CHOINV,14543
90,2021-02-25 11:00:00,534.9,NSE,534.9,533.4,533.4,CHOINV,30852
91,2021-02-25 11:01:00,535.85,NSE,537.0,535.0,535.0,CHOINV,120022
92,2021-02-25 11:02:00,536.5,NSE,536.5,535.05,535.85,CHOINV,36183
93,2021-02-25 11:03:00,537.45,NSE,537.5,536.2,536.2,CHOINV,49998
94,2021-02-25 11:04:00,537.2,NSE,537.45,536.55,536.8,CHOINV,53378
95,2021-02-25 11:05:00,537.8,NSE,538.0,536.8,537.1,CHOINV,32371
96,2021-02-25 11:06:00,537.55,NSE,537.9,536.85,536.85,CHOINV,29114
97,2021-02-25 11:07:00,536.85,NSE,537.6,536.8,537.6,CHOINV,20355
98,2021-02-25 11:08:00,536.8,NSE,536.95,536.5,536.85,CHOINV,24806
99,2021-02-25 11:09:00,536.7,NSE,536.9,536.25,536.8,CHOINV,12892
100,2021-02-25 11:10:00,536.5,NSE,536.75,536.5,536.65,CHOINV,10257
101,2021-02-25 11:11:00,536.1,NSE,536.65,536.0,536.5,CHOINV,15680
102,2021-02-25 11:12:00,535.7,NSE,536.2,535.6,536.05,CHOINV,15152
103,2021-02-25 11:13:00,536.0,NSE,536.3,535.65,535.7,CHOINV,8147
104,2021-02-25 11:14:00,535.65,NSE,536.0,535.6,535.75,CHOINV,11404
105,2021-02-25 11:15:00,535.65,NSE,536.0,535.65,535.95,CHOINV,7338
106,2021-02-25 11:16:00,536.1,NSE,536.35,535.8,535.9,CHOINV,12552
107,2021-02-25 11:17:00,536.25,NSE,536.9,536.05,536.1,CHOINV,21834
108,2021-02-25 11:18:00,534.4,NSE,536.25,534.4,536.25,CHOINV,61397
109,2021-02-25 11:19:00,534.3,NSE,534.7,534.3,534.5,CHOINV,17195
110,2021-02-25 11:20:00,533.9,NSE,534.5,533.7,534.3,CHOINV,29283
111,2021-02-25 11:21:00,532.95,NSE,533.95,532.6,533.75,CHOINV,29277
112,2021-02-25 11:22:00,533.3,NSE,534.0,532.55,532.85,CHOINV,28856
113,2021-02-25 11:23:00,531.5,NSE,533.0,531.5,533.0,CHOINV,23165
114,2021-02-25 11:24:00,531.75,NSE,532.0,531.3,531.75,CHOINV,21005
115,2021-02-25 11:25:00,531.75,NSE,532.5,531.5,531.5,CHOINV,15051
116,2021-02-25 11:26:00,532.0,NSE,532.0,531.15,531.75,CHOINV,20310
117,2021-02-25 11:27:00,531.55,NSE,532.1,531.4,532.1,CHOINV,8855
118,2021-02-25 11:28:00,531.5,NSE,531.6,531.0,531.5,CHOINV,13305
119,2021-02-25 11:29:00,531.3,NSE,531.85,531.15,531.5,CHOINV,6171
120,2021-02-25 11:30:00,531.7,NSE,531.8,531.2,531.3,CHOINV,6985
121,2021-02-25 11:31:00,531.45,NSE,531.9,531.4,531.7,CHOINV,6382
122,2021-02-25 11:32:00,530.05,NSE,531.1,530.0,531.1,CHOINV,44775
123,2021-02-25 11:33:00,529.5,NSE,530.5,529.45,530.0,CHOINV,21476
124,2021-02-25 11:34:00,529.6,NSE,529.85,529.45,529.7,CHOINV,13498
125,2021-02-25 11:35:00,529.6,NSE,530.2,529.45,529.5,CHOINV,13088
126,2021-02-25 11:36:00,529.5,NSE,529.9,529.4,529.6,CHOINV,19384
127,2021-02-25 11:37:00,529.6,NSE,529.95,529.4,529.5,CHOINV,5382
128,2021-02-25 11:38:00,529.25,NSE,529.7,529.2,529.4,CHOINV,18471
129,2021-02-25 11:39:00,529.0,NSE,529.5,528.7,529.2,CHOINV,23018
130,2021-02-25 11:40:00,531.6,NSE,532.2,528.95,529.25,CHOINV,20862
131,2021-02-25 11:41:00,531.25,NSE,531.65,531.1,531.6,CHOINV,4714
132,2021-02-25 11:42:00,532.2,NSE,532.25,531.25,531.25,CHOINV,7506
133,2021-02-25 11:43:00,530.6,NSE,532.25,530.6,532.25,CHOINV,17202
134,2021-02-25 11:44:00,530.5,NSE,531.1,529.95,530.9,CHOINV,6895
135,2021-02-25 11:45:00,529.55,NSE,530.45,529.5,530.45,CHOINV,10771
136,2021-02-25 11:46:00,529.8,NSE,530.0,529.5,529.85,CHOINV,3062
137,2021-02-25 11:47:00,529.95,NSE,530.0,529.6,529.85,CHOINV,2369
138,2021-02-25 11:48:00,530.85,NSE,531.0,529.7,529.95,CHOINV,10099
139,2021-02-25 11:49:00,531.05,NSE,532.0,531.05,531.5,CHOINV,13875
140,2021-02-25 11:50:00,531.1,NSE,531.65,530.5,531.35,CHOINV,11289
141,2021-02-25 11:51:00,530.65,NSE,531.85,530.0,531.1,CHOINV,10921
142,2021-02-25 11:52:00,529.85,NSE,530.75,529.7,530.45,CHOINV,11332
143,2021-02-25 11:53:00,530.25,NSE,530.7,529.05,529.7,CHOINV,16360
144,2021-02-25 11:54:00,531.0,NSE,531.0,529.2,530.45,CHOINV,8773
145,2021-02-25 11:55:00,531.4,NSE,532.0,530.9,531.0,CHOINV,13407
146,2021-02-25 11:56:00,530.9,NSE,531.9,530.6,531.75,CHOINV,24019
147,2021-02-25 11:57:00,534.05,NSE,534.05,531.15,531.15,CHOINV,40620
148,2021-02-25 11:58:00,533.15,NSE,534.75,532.8,534.75,CHOINV,54265
149,2021-02-25 11:59:00,532.3,NSE,533.75,532.15,533.1,CHOINV,16535
150,2021-02-25 12:00:00,533.25,NSE,534.45,532.55,532.7,CHOINV,51469
151,2021-02-25 12:01:00,531.0,NSE,533.6,530.8,533.25,CHOINV,53100
152,2021-02-25 12:02:00,529.55,NSE,531.75,529.2,531.15,CHOINV,27266
153,2021-02-25 12:03:00,528.2,NSE,529.95,526.85,529.7,CHOINV,138973
154,2021-02-25 12:04:00,529.65,NSE,529.7,527.35,528.25,CHOINV,45950
155,2021-02-25 12:05:00,529.6,NSE,529.75,529.25,529.3,CHOINV,13290
156,2021-02-25 12:06:00,529.8,NSE,530.1,529.15,529.6,CHOINV,11030
157,2021-02-25 12:07:00,528.55,NSE,530.0,528.5,530.0,CHOINV,17373
158,2021-02-25 12:08:00,528.6,NSE,528.8,528.15,528.55,CHOINV,6491
159,2021-02-25 12:09:00,529.35,NSE,529.45,528.5,528.7,CHOINV,4573
160,2021-02-25 12:10:00,529.1,NSE,529.15,528.55,529.05,CHOINV,5754
161,2021-02-25 12:11:00,528.7,NSE,529.05,528.65,529.05,CHOINV,5380
162,2021-02-25 12:12:00,529.35,NSE,529.35,528.3,528.7,CHOINV,10308
163,2021-02-25 12:13:00,528.9,NSE,529.5,528.6,529.35,CHOINV,3506
164,2021-02-25 12:14:00,529.95,NSE,529.95,528.65,528.8,CHOINV,2646
165,2021-02-25 12:15:00,531.5,NSE,531.8,529.8,529.95,CHOINV,10488
166,2021-02-25 12:16:00,529.15,NSE,531.25,529.05,531.25,CHOINV,6154
167,2021-02-25 12:17:00,529.9,NSE,530.3,528.8,529.15,CHOINV,5175
168,2021-02-25 12:18:00,530.5,NSE,530.5,529.9,530.15,CHOINV,2083
169,2021-02-25 12:19:00,530.0,NSE,530.5,529.95,530.2,CHOINV,5540
170,2021-02-25 12:20:00,531.25,NSE,531.3,530.0,530.15,CHOINV,17188
171,2021-02-25 12:21:00,530.6,NSE,531.3,530.55,531.3,CHOINV,6502
172,2021-02-25 12:22:00,531.35,NSE,531.55,530.55,530.6,CHOINV,8111
173,2021-02-25 12:23:00,530.65,NSE,531.4,530.6,531.35,CHOINV,4612
174,2021-02-25 12:24:00,531.4,NSE,531.4,530.6,530.65,CHOINV,2615
175,2021-02-25 12:25:00,530.4,NSE,531.4,530.4,531.4,CHOINV,3233
176,2021-02-25 12:26:00,530.3,NSE,530.55,529.6,530.55,CHOINV,9287
177,2021-02-25 12:27:00,530.8,NSE,530.8,530.25,530.25,CHOINV,3604
178,2021-02-25 12:28:00,530.2,NSE,530.9,530.0,530.8,CHOINV,5125
179,2021-02-25 12:29:00,530.0,NSE,530.35,529.7,530.2,CHOINV,3306
180,2021-02-25 12:30:00,530.1,NSE,530.4,530.0,530.2,CHOINV,3029
181,2021-02-25 12:31:00,530.3,NSE,530.8,530.05,530.1,CHOINV,3163
182,2021-02-25 12:32:00,530.5,NSE,531.0,530.1,530.8,CHOINV,8402
183,2021-02-25 12:33:00,530.55,NSE,531.0,530.1,530.2,CHOINV,12957
184,2021-02-25 12:34:00,528.4,NSE,530.5,528.35,530.5,CHOINV,30045
185,2021-02-25 12:35:00,527.25,NSE,528.55,527.0,528.4,CHOINV,32844
186,2021-02-25 12:36:00,527.85,NSE,528.0,527.05,527.4,CHOINV,16706
187,2021-02-25 12:37:00,527.85,NSE,528.55,527.15,527.85,CHOINV,9698
188,2021-02-25 12:38:00,527.8,NSE,527.95,527.6,527.9,CHOINV,1499
189,2021-02-25 12:39:00,527.65,NSE,528.4,527.5,527.85,CHOINV,10276
190,2021-02-25 12:40:00,527.5,NSE,527.95,527.35,527.6,CHOINV,4814
191,2021-02-25 12:41:00,528.0,NSE,528.0,527.5,527.5,CHOINV,9201
192,2021-02-25 12:42:00,527.7,NSE,528.0,527.6,528.0,CHOINV,1391
193,2021-02-25 12:43:00,527.9,NSE,528.3,527.7,527.7,CHOINV,6821
194,2021-02-25 12:44:00,528.0,NSE,528.35,527.6,528.25,CHOINV,11567
195,2021-02-25 12:45:00,528.0,NSE,528.05,527.85,527.85,CHOINV,963
196,2021-02-25 12:46:00,527.85,NSE,528.0,527.5,528.0,CHOINV,2413
197,2021-02-25 12:47:00,527.6,NSE,528.0,527.55,528.0,CHOINV,2633
198,2021-02-25 12:48:00,527.75,NSE,528.0,527.55,527.55,CHOINV,1658
199,2021-02-25 12:49:00,528.05,NSE,528.1,527.4,528.0,CHOINV,16361
200,2021-02-25 12:50:00,527.95,NSE,528.0,527.55,528.0,CHOINV,5918
201,2021-02-25 12:51:00,527.8,NSE,528.45,527.75,527.75,CHOINV,13406
202,2021-02-25 12:52:00,527.7,NSE,527.95,527.35,527.75,CHOINV,5869
203,2021-02-25 12:53:00,527.8,NSE,527.85,527.4,527.45,CHOINV,2485
204,2021-02-25 12:54:00,527.75,NSE,527.85,527.25,527.55,CHOINV,5970
205,2021-02-25 12:55:00,527.9,NSE,528.0,527.65,527.7,CHOINV,5992
206,2021-02-25 12:56:00,528.2,NSE,528.3,527.6,527.9,CHOINV,2455
207,2021-02-25 12:57:00,528.6,NSE,528.6,528.15,528.15,CHOINV,3812
208,2021-02-25 12:58:00,528.0,NSE,528.9,528.0,528.3,CHOINV,10532
209,2021-02-25 12:59:00,527.6,NSE,528.0,527.4,528.0,CHOINV,7503
210,2021-02-25 13:00:00,527.95,NSE,528.3,527.65,527.65,CHOINV,18664
211,2021-02-25 13:01:00,528.25,NSE,528.5,528.0,528.0,CHOINV,2692
212,2021-02-25 13:02:00,528.25,NSE,529.6,528.1,528.25,CHOINV,21887
213,2021-02-25 13:03:00,527.45,NSE,528.0,527.45,527.7,CHOINV,9950
214,2021-02-25 13:04:00,527.15,NSE,527.7,527.15,527.45,CHOINV,7899
215,2021-02-25 13:05:00,528.0,NSE,528.25,527.1,527.15,CHOINV,12018
216,2021-02-25 13:06:00,529.6,NSE,529.6,527.7,527.95,CHOINV,20091
217,2021-02-25 13:07:00,529.05,NSE,529.6,529.0,529.6,CHOINV,8232
218,2021-02-25 13:08:00,528.95,NSE,529.25,528.7,529.05,CHOINV,5054
219,2021-02-25 13:09:00,530.25,NSE,530.25,528.65,528.9,CHOINV,25501
220,2021-02-25 13:10:00,530.25,NSE,530.5,529.8,529.95,CHOINV,5592
221,2021-02-25 13:11:00,530.1,NSE,530.45,530.0,530.25,CHOINV,3872
222,2021-02-25 13:12:00,530.0,NSE,530.3,529.95,530.1,CHOINV,5584
223,2021-02-25 13:13:00,530.2,NSE,530.55,529.65,530.0,CHOINV,15074
224,2021-02-25 13:14:00,530.3,NSE,530.9,529.9,530.2,CHOINV,7096
225,2021-02-25 13:15:00,530.75,NSE,530.8,530.25,530.5,CHOINV,8476
226,2021-02-25 13:16:00,530.45,NSE,530.7,530.2,530.55,CHOINV,3689
227,2021-02-25 13:17:00,529.4,NSE,530.2,529.25,530.2,CHOINV,7776
228,2021-02-25 13:18:00,528.45,NSE,529.7,528.45,529.45,CHOINV,6718
229,2021-02-25 13:19:00,527.3,NSE,528.6,527.15,528.45,CHOINV,17096
230,2021-02-25 13:20:00,527.7,NSE,527.8,527.1,527.3,CHOINV,7342
231,2021-02-25 13:21:00,527.4,NSE,527.8,527.4,527.7,CHOINV,2753
232,2021-02-25 13:22:00,527.35,NSE,527.4,527.25,527.4,CHOINV,2277
233,2021-02-25 13:23:00,526.95,NSE,527.4,526.75,527.35,CHOINV,9890
234,2021-02-25 13:24:00,526.2,NSE,527.0,526.2,527.0,CHOINV,9742
235,2021-02-25 13:25:00,525.55,NSE,526.2,525.5,526.2,CHOINV,13994
236,2021-02-25 13:26:00,525.6,NSE,525.7,525.2,525.6,CHOINV,13581
237,2021-02-25 13:27:00,524.6,NSE,525.6,524.6,525.5,CHOINV,22411
238,2021-02-25 13:28:00,525.15,NSE,525.6,524.35,524.6,CHOINV,13723
239,2021-02-25 13:29:00,525.35,NSE,525.55,525.0,525.45,CHOINV,9366
240,2021-02-25 13:30:00,525.25,NSE,525.5,524.9,525.3,CHOINV,5848
241,2021-02-25 13:31:00,524.55,NSE,525.0,524.1,525.0,CHOINV,12698
242,2021-02-25 13:32:00,525.4,NSE,525.45,524.15,524.3,CHOINV,10583
243,2021-02-25 13:33:00,525.3,NSE,525.45,525.05,525.45,CHOINV,2984
244,2021-02-25 13:34:00,525.3,NSE,525.3,525.2,525.2,CHOINV,3437
245,2021-02-25 13:35:00,525.6,NSE,525.8,525.2,525.2,CHOINV,10898
246,2021-02-25 13:36:00,524.9,NSE,525.55,524.75,525.55,CHOINV,9030
247,2021-02-25 13:37:00,525.55,NSE,525.75,524.95,525.2,CHOINV,6372
248,2021-02-25 13:38:00,524.9,NSE,525.7,524.7,525.7,CHOINV,14414
249,2021-02-25 13:39:00,524.85,NSE,525.5,524.75,524.95,CHOINV,11864
250,2021-02-25 13:40:00,525.25,NSE,525.6,524.1,524.95,CHOINV,18338
251,2021-02-25 13:41:00,525.25,NSE,525.25,524.95,525.25,CHOINV,3990
252,2021-02-25 13:42:00,525.0,NSE,525.25,524.95,524.95,CHOINV,2614
253,2021-02-25 13:43:00,524.85,NSE,525.3,524.75,524.95,CHOINV,7934
254,2021-02-25 13:44:00,524.5,NSE,524.95,524.35,524.8,CHOINV,2473
255,2021-02-25 13:45:00,524.45,NSE,524.6,524.4,524.5,CHOINV,9070
256,2021-02-25 13:46:00,524.15,NSE,524.45,524.05,524.45,CHOINV,9452
257,2021-02-25 13:47:00,523.95,NSE,524.15,523.8,524.15,CHOINV,7781
258,2021-02-25 13:48:00,523.7,NSE,523.95,523.5,523.9,CHOINV,4284
259,2021-02-25 13:49:00,523.4,NSE,523.7,523.3,523.7,CHOINV,6083
260,2021-02-25 13:50:00,523.5,NSE,523.6,523.4,523.6,CHOINV,2898
261,2021-02-25 13:51:00,523.3,NSE,523.5,523.25,523.5,CHOINV,3054
262,2021-02-25 13:52:00,522.45,NSE,523.35,522.4,523.35,CHOINV,12662
263,2021-02-25 13:53:00,522.5,NSE,522.5,522.1,522.45,CHOINV,6837
264,2021-02-25 13:54:00,522.05,NSE,522.5,521.95,522.4,CHOINV,8605
265,2021-02-25 13:55:00,522.6,NSE,522.65,522.1,522.35,CHOINV,7828
266,2021-02-25 13:56:00,522.25,NSE,522.6,522.25,522.6,CHOINV,9880
267,2021-02-25 13:57:00,522.45,NSE,522.5,522.0,522.4,CHOINV,6923
268,2021-02-25 13:58:00,523.2,NSE,523.3,522.55,522.55,CHOINV,8136
269,2021-02-25 13:59:00,523.0,NSE,523.45,523.0,523.25,CHOINV,6175
270,2021-02-25 14:00:00,523.1,NSE,523.15,522.85,523.15,CHOINV,7261
271,2021-02-25 14:01:00,523.15,NSE,523.25,523.0,523.2,CHOINV,2523
272,2021-02-25 14:02:00,523.0,NSE,523.15,522.75,523.1,CHOINV,5254
273,2021-02-25 14:03:00,523.2,NSE,523.45,523.05,523.15,CHOINV,3560
274,2021-02-25 14:04:00,523.05,NSE,523.4,523.0,523.4,CHOINV,5129
275,2021-02-25 14:05:00,523.4,NSE,523.45,523.15,523.15,CHOINV,2537
276,2021-02-25 14:06:00,524.15,NSE,524.15,523.35,523.4,CHOINV,12054
277,2021-02-25 14:07:00,524.45,NSE,524.45,524.0,524.15,CHOINV,5579
278,2021-02-25 14:08:00,525.15,NSE,525.75,524.1,524.3,CHOINV,30172
279,2021-02-25 14:09:00,524.9,NSE,525.35,524.55,525.15,CHOINV,3984
280,2021-02-25 14:10:00,524.2,NSE,525.0,524.05,524.85,CHOINV,7208
281,2021-02-25 14:11:00,524.15,NSE,524.2,523.9,524.2,CHOINV,3423
282,2021-02-25 14:12:00,524.65,NSE,524.65,523.85,524.1,CHOINV,6592
283,2021-02-25 14:13:00,524.15,NSE,524.6,523.7,524.6,CHOINV,2784
284,2021-02-25 14:14:00,524.05,NSE,524.15,523.9,524.15,CHOINV,2313
285,2021-02-25 14:15:00,524.5,NSE,524.5,523.85,523.85,CHOINV,10216
286,2021-02-25 14:16:00,524.5,NSE,524.7,524.25,524.65,CHOINV,7788
287,2021-02-25 14:17:00,524.45,NSE,524.6,524.25,524.5,CHOINV,2233
288,2021-02-25 14:18:00,524.1,NSE,524.45,524.0,524.45,CHOINV,3903
289,2021-02-25 14:19:00,524.05,NSE,524.15,524.0,524.15,CHOINV,3095
290,2021-02-25 14:20:00,523.85,NSE,524.1,523.85,524.1,CHOINV,8394
291,2021-02-25 14:21:00,523.8,NSE,524.0,523.8,523.95,CHOINV,897
292,2021-02-25 14:22:00,523.9,NSE,524.0,523.8,524.0,CHOINV,2898
293,2021-02-25 14:23:00,524.15,NSE,524.15,523.9,523.95,CHOINV,3939
294,2021-02-25 14:24:00,524.3,NSE,524.35,524.0,524.15,CHOINV,14325
295,2021-02-25 14:25:00,523.8,NSE,524.35,523.8,524.35,CHOINV,10345
296,2021-02-25 14:26:00,524.2,NSE,524.35,523.65,523.9,CHOINV,10839
297,2021-02-25 14:27:00,523.75,NSE,524.2,523.75,524.2,CHOINV,3437
298,2021-02-25 14:28:00,523.95,NSE,523.95,523.5,523.75,CHOINV,5398
299,2021-02-25 14:29:00,524.0,NSE,524.45,523.8,523.9,CHOINV,12533
300,2021-02-25 14:30:00,523.25,NSE,524.1,523.25,524.0,CHOINV,27012
301,2021-02-25 14:31:00,523.2,NSE,523.25,522.9,522.95,CHOINV,7445
302,2021-02-25 14:32:00,523.15,NSE,523.3,523.0,523.25,CHOINV,2085
303,2021-02-25 14:33:00,523.35,NSE,523.35,523.0,523.15,CHOINV,2098
304,2021-02-25 14:34:00,523.25,NSE,523.4,523.05,523.4,CHOINV,559
305,2021-02-25 14:35:00,523.15,NSE,523.45,523.1,523.3,CHOINV,8282
306,2021-02-25 14:36:00,523.2,NSE,523.3,523.05,523.25,CHOINV,1635
307,2021-02-25 14:37:00,523.0,NSE,523.15,522.8,523.15,CHOINV,2884
308,2021-02-25 14:38:00,523.8,NSE,524.05,522.75,522.75,CHOINV,10841
309,2021-02-25 14:39:00,523.6,NSE,524.0,523.6,523.9,CHOINV,2828
310,2021-02-25 14:40:00,523.9,NSE,523.9,523.7,523.8,CHOINV,3473
311,2021-02-25 14:41:00,523.85,NSE,523.9,523.65,523.85,CHOINV,4175
312,2021-02-25 14:42:00,523.8,NSE,523.95,523.55,523.85,CHOINV,1277
313,2021-02-25 14:43:00,523.75,NSE,523.85,523.55,523.8,CHOINV,1846
314,2021-02-25 14:44:00,523.9,NSE,523.9,523.7,523.7,CHOINV,1919
315,2021-02-25 14:45:00,524.0,NSE,524.0,523.8,523.9,CHOINV,9623
316,2021-02-25 14:46:00,524.45,NSE,524.5,524.0,524.05,CHOINV,7002
317,2021-02-25 14:47:00,524.25,NSE,524.45,524.1,524.35,CHOINV,4432
318,2021-02-25 14:48:00,524.15,NSE,524.35,524.15,524.3,CHOINV,3485
319,2021-02-25 14:49:00,523.95,NSE,524.35,523.95,524.35,CHOINV,6442
320,2021-02-25 14:50:00,523.95,NSE,524.05,523.9,523.9,CHOINV,1118
321,2021-02-25 14:51:00,523.85,NSE,524.0,523.8,524.0,CHOINV,3498
322,2021-02-25 14:52:00,524.55,NSE,524.55,523.7,523.8,CHOINV,12546
323,2021-02-25 14:53:00,523.95,NSE,524.3,523.9,524.3,CHOINV,8436
324,2021-02-25 14:54:00,524.0,NSE,524.15,523.95,524.0,CHOINV,2343
325,2021-02-25 14:55:00,524.0,NSE,524.0,523.45,523.95,CHOINV,7944
326,2021-02-25 14:56:00,524.1,NSE,524.3,523.75,523.85,CHOINV,5533
327,2021-02-25 14:57:00,524.0,NSE,524.4,523.9,524.3,CHOINV,4213
328,2021-02-25 14:58:00,524.0,NSE,524.4,524.0,524.1,CHOINV,2122
329,2021-02-25 14:59:00,523.8,NSE,524.2,523.5,524.2,CHOINV,6836
330,2021-02-25 15:00:00,523.95,NSE,524.5,523.9,523.95,CHOINV,10598
331,2021-02-25 15:01:00,523.55,NSE,523.85,523.3,523.85,CHOINV,7198
332,2021-02-25 15:02:00,523.2,NSE,523.9,523.2,523.35,CHOINV,12127
333,2021-02-25 15:03:00,524.3,NSE,524.3,523.2,523.2,CHOINV,11085
334,2021-02-25 15:04:00,524.4,NSE,524.4,523.75,524.1,CHOINV,13027
335,2021-02-25 15:05:00,524.25,NSE,525.0,524.25,524.8,CHOINV,13311
336,2021-02-25 15:06:00,524.6,NSE,524.8,524.15,524.3,CHOINV,8777
337,2021-02-25 15:07:00,524.25,NSE,524.4,524.2,524.3,CHOINV,3600
338,2021-02-25 15:08:00,524.35,NSE,524.8,524.25,524.25,CHOINV,15982
339,2021-02-25 15:09:00,525.35,NSE,525.6,524.35,524.35,CHOINV,19606
340,2021-02-25 15:10:00,525.95,NSE,525.95,525.3,525.35,CHOINV,12655
341,2021-02-25 15:11:00,526.65,NSE,526.75,525.35,525.95,CHOINV,35273
342,2021-02-25 15:12:00,526.45,NSE,526.75,526.2,526.7,CHOINV,16221
343,2021-02-25 15:13:00,527.8,NSE,528.0,526.05,526.25,CHOINV,37523
344,2021-02-25 15:14:00,527.55,NSE,528.0,527.45,527.55,CHOINV,16069
345,2021-02-25 15:15:00,526.8,NSE,527.65,526.8,527.55,CHOINV,12907
346,2021-02-25 15:16:00,526.8,NSE,527.05,526.45,526.95,CHOINV,21842
347,2021-02-25 15:17:00,527.7,NSE,527.8,526.8,526.8,CHOINV,12374
348,2021-02-25 15:18:00,527.5,NSE,527.9,527.25,527.5,CHOINV,13741
349,2021-02-25 15:19:00,527.95,NSE,528.0,527.2,527.2,CHOINV,40594
350,2021-02-25 15:20:00,527.65,NSE,527.95,527.5,527.7,CHOINV,12745
351,2021-02-25 15:21:00,526.3,NSE,528.3,526.3,527.65,CHOINV,32832
352,2021-02-25 15:22:00,525.4,NSE,526.15,525.4,525.65,CHOINV,8407
353,2021-02-25 15:23:00,525.75,NSE,525.75,525.25,525.3,CHOINV,15804
354,2021-02-25 15:24:00,526.1,NSE,526.15,525.65,525.7,CHOINV,14772
355,2021-02-25 15:25:00,525.95,NSE,526.6,525.4,526.2,CHOINV,5346
356,2021-02-25 15:26:00,525.0,NSE,525.75,525.0,525.75,CHOINV,9161
357,2021-02-25 15:27:00,524.0,NSE,524.95,523.55,524.8,CHOINV,7419
358,2021-02-25 15:28:00,523.6,NSE,524.65,523.25,524.05,CHOINV,7647
359,2021-02-25 15:29:00,524.0,NSE,524.9,523.3,523.3,CHOINV,14807
