,datetime,close,exchange_code,high,low,open,stock_code,volume
0,2021-03-17 09:30:00,564.8,NSE,565.55,564.5,565.4,CANHOM,1080
1,2021-03-17 09:31:00,565.25,NSE,565.6,564.05,564.45,CANHOM,2078
2,2021-03-17 09:32:00,565.5,NSE,565.6,565.45,565.45,CANHOM,1002
3,2021-03-17 09:33:00,564.5,NSE,565.5,564.5,565.3,CANHOM,621
4,2021-03-17 09:34:00,564.15,NSE,565.0,563.2,565.0,CANHOM,1273
5,2021-03-17 09:35:00,564.0,NSE,564.1,563.4,563.8,CANHOM,299
6,2021-03-17 09:36:00,563.0,NSE,564.2,563.0,563.5,CANHOM,636
7,2021-03-17 09:37:00,563.95,NSE,563.95,562.1,563.6,CANHOM,4505
8,2021-03-17 09:38:00,563.0,NSE,564.2,563.0,564.2,CANHOM,386
9,2021-03-17 09:39:00,562.6,NSE,563.0,562.5,563.0,CANHOM,386
10,2021-03-17 09:40:00,561.05,NSE,562.6,561.05,562.6,CANHOM,1671
11,2021-03-17 09:41:00,561.1,NSE,561.9,561.05,561.65,CANHOM,1559
12,2021-03-17 09:42:00,561.8,NSE,561.8,560.8,561.0,CANHOM,2375
13,2021-03-17 09:43:00,562.75,NSE,562.85,562.0,562.0,CANHOM,212
14,2021-03-17 09:44:00,561.85,NSE,563.1,561.7,563.1,CANHOM,858
15,2021-03-17 09:45:00,562.25,NSE,562.65,561.5,561.5,CANHOM,1492
16,2021-03-17 09:46:00,561.85,NSE,562.4,561.5,562.4,CANHOM,610
17,2021-03-17 09:47:00,561.75,NSE,562.55,561.5,561.5,CANHOM,249
18,2021-03-17 09:48:00,562.55,NSE,562.55,561.5,561.7,CANHOM,921
19,2021-03-17 09:49:00,562.0,NSE,562.55,561.8,562.55,CANHOM,498
20,2021-03-17 09:50:00,561.75,NSE,562.45,561.5,562.2,CANHOM,1578
21,2021-03-17 09:51:00,560.45,NSE,561.5,560.45,561.5,CANHOM,756
22,2021-03-17 09:52:00,561.15,NSE,561.25,560.45,560.45,CANHOM,588
23,2021-03-17 09:53:00,561.5,NSE,561.75,560.85,561.5,CANHOM,2333
24,2021-03-17 09:54:00,560.95,NSE,561.75,560.95,561.7,CANHOM,314
25,2021-03-17 09:55:00,561.2,NSE,562.3,560.15,560.95,CANHOM,3555
26,2021-03-17 09:56:00,559.0,NSE,561.15,559.0,561.15,CANHOM,3558
27,2021-03-17 09:57:00,557.9,NSE,559.3,557.7,558.65,CANHOM,2434
28,2021-03-17 09:58:00,555.0,NSE,557.85,554.65,557.85,CANHOM,3696
29,2021-03-17 09:59:00,557.3,NSE,557.3,554.25,555.75,CANHOM,5004
30,2021-03-17 10:00:00,555.95,NSE,557.45,555.65,557.45,CANHOM,3575
31,2021-03-17 10:01:00,555.3,NSE,555.95,555.05,555.55,CANHOM,1192
32,2021-03-17 10:02:00,557.0,NSE,557.0,556.0,556.0,CANHOM,3589
33,2021-03-17 10:03:00,557.75,NSE,557.75,557.0,557.3,CANHOM,599
34,2021-03-17 10:04:00,557.25,NSE,557.6,557.0,557.6,CANHOM,311
35,2021-03-17 10:05:00,557.6,NSE,557.6,557.0,557.6,CANHOM,238
36,2021-03-17 10:06:00,557.05,NSE,557.65,557.05,557.6,CANHOM,342
37,2021-03-17 10:07:00,556.25,NSE,557.6,556.25,557.6,CANHOM,1119
38,2021-03-17 10:08:00,557.55,NSE,558.0,557.05,557.25,CANHOM,666
39,2021-03-17 10:09:00,557.5,NSE,557.9,557.5,557.9,CANHOM,130
40,2021-03-17 10:10:00,557.65,NSE,557.9,557.2,557.2,CANHOM,123
41,2021-03-17 10:11:00,557.95,NSE,557.95,557.65,557.65,CANHOM,925
42,2021-03-17 10:12:00,556.65,NSE,557.65,556.65,557.65,CANHOM,211
43,2021-03-17 10:13:00,556.0,NSE,556.6,556.0,556.6,CANHOM,835
44,2021-03-17 10:14:00,556.0,NSE,556.55,556.0,556.0,CANHOM,1865
45,2021-03-17 10:15:00,556.35,NSE,556.5,555.45,556.5,CANHOM,4813
46,2021-03-17 10:16:00,556.0,NSE,556.4,556.0,556.35,CANHOM,179
47,2021-03-17 10:17:00,556.1,NSE,556.1,556.1,556.1,CANHOM,92
48,2021-03-17 10:18:00,556.1,NSE,556.1,556.0,556.1,CANHOM,299
49,2021-03-17 10:19:00,556.6,NSE,557.15,556.0,556.0,CANHOM,2984
50,2021-03-17 10:20:00,556.5,NSE,557.05,556.5,557.05,CANHOM,2490
51,2021-03-17 10:21:00,557.05,NSE,557.05,556.0,556.0,CANHOM,314
52,2021-03-17 10:22:00,556.3,NSE,557.35,556.3,557.05,CANHOM,1400
53,2021-03-17 10:23:00,556.55,NSE,556.9,556.5,556.9,CANHOM,97
54,2021-03-17 10:24:00,556.15,NSE,556.8,556.15,556.15,CANHOM,52
55,2021-03-17 10:25:00,556.05,NSE,556.35,556.0,556.1,CANHOM,1140
56,2021-03-17 10:26:00,555.9,NSE,555.9,555.9,555.9,CANHOM,30
57,2021-03-17 10:27:00,555.35,NSE,555.7,555.35,555.7,CANHOM,27
58,2021-03-17 10:28:00,556.5,NSE,556.5,555.35,555.35,CANHOM,107
59,2021-03-17 10:29:00,556.5,NSE,556.55,556.15,556.15,CANHOM,128
60,2021-03-17 10:30:00,556.5,NSE,557.15,556.05,557.15,CANHOM,2006
61,2021-03-17 10:31:00,557.95,NSE,557.95,556.7,556.7,CANHOM,757
62,2021-03-17 10:32:00,557.85,NSE,557.85,557.45,557.5,CANHOM,895
63,2021-03-17 10:33:00,557.7,NSE,558.15,557.7,558.15,CANHOM,197
64,2021-03-17 10:34:00,557.7,NSE,557.7,557.3,557.3,CANHOM,175
65,2021-03-17 10:35:00,557.7,NSE,557.7,557.25,557.25,CANHOM,101
66,2021-03-17 10:36:00,557.55,NSE,558.0,557.55,557.75,CANHOM,143
67,2021-03-17 10:37:00,557.95,NSE,557.95,557.3,557.4,CANHOM,111
68,2021-03-17 10:38:00,556.55,NSE,557.3,556.1,557.3,CANHOM,1073
69,2021-03-17 10:39:00,558.0,NSE,558.0,556.55,556.55,CANHOM,124
70,2021-03-17 10:40:00,558.0,NSE,558.0,556.75,557.15,CANHOM,165
71,2021-03-17 10:41:00,556.95,NSE,558.0,556.75,557.6,CANHOM,235
72,2021-03-17 10:42:00,556.8,NSE,557.3,556.8,557.3,CANHOM,76
73,2021-03-17 10:43:00,556.85,NSE,556.85,556.85,556.85,CANHOM,734
74,2021-03-17 10:44:00,557.1,NSE,557.1,557.1,557.1,CANHOM,11
75,2021-03-17 10:45:00,556.5,NSE,557.3,556.5,557.3,CANHOM,438
76,2021-03-17 10:46:00,555.95,NSE,556.05,555.65,556.05,CANHOM,695
77,2021-03-17 10:47:00,554.65,NSE,555.65,554.65,555.65,CANHOM,2979
78,2021-03-17 10:48:00,552.9,NSE,554.8,552.0,554.8,CANHOM,1732
79,2021-03-17 10:49:00,553.55,NSE,553.75,552.95,552.95,CANHOM,917
80,2021-03-17 10:50:00,553.45,NSE,553.45,553.2,553.2,CANHOM,592
81,2021-03-17 10:51:00,553.6,NSE,553.6,553.55,553.55,CANHOM,390
82,2021-03-17 10:52:00,553.45,NSE,553.45,552.45,552.45,CANHOM,705
83,2021-03-17 10:53:00,553.0,NSE,553.45,552.3,553.45,CANHOM,1188
84,2021-03-17 10:54:00,554.0,NSE,554.0,552.5,552.5,CANHOM,2026
85,2021-03-17 10:55:00,554.0,NSE,554.45,554.0,554.2,CANHOM,666
86,2021-03-17 10:56:00,554.0,NSE,554.2,554.0,554.2,CANHOM,502
87,2021-03-17 10:57:00,554.2,NSE,554.45,553.95,554.1,CANHOM,191
88,2021-03-17 10:59:00,555.35,NSE,555.6,554.8,554.8,CANHOM,1923
89,2021-03-17 11:00:00,556.95,NSE,557.0,554.45,554.45,CANHOM,1957
90,2021-03-17 11:01:00,555.25,NSE,557.0,554.6,557.0,CANHOM,4558
91,2021-03-17 11:02:00,557.8,NSE,557.8,554.95,555.0,CANHOM,3296
92,2021-03-17 11:03:00,558.15,NSE,559.45,557.3,558.25,CANHOM,3721
93,2021-03-17 11:04:00,558.15,NSE,558.7,557.6,558.2,CANHOM,6293
94,2021-03-17 11:05:00,558.0,NSE,558.55,557.7,558.15,CANHOM,2959
95,2021-03-17 11:06:00,558.55,NSE,559.2,558.0,558.0,CANHOM,360
96,2021-03-17 11:07:00,561.35,NSE,561.45,558.95,559.15,CANHOM,5153
97,2021-03-17 11:08:00,559.2,NSE,561.55,559.0,561.55,CANHOM,2426
98,2021-03-17 11:09:00,559.7,NSE,560.0,558.5,559.4,CANHOM,848
99,2021-03-17 11:10:00,560.3,NSE,560.3,560.1,560.1,CANHOM,317
100,2021-03-17 11:11:00,560.75,NSE,560.75,560.1,560.1,CANHOM,457
101,2021-03-17 11:12:00,560.0,NSE,560.8,560.0,560.8,CANHOM,265
102,2021-03-17 11:13:00,559.7,NSE,560.1,559.15,560.1,CANHOM,342
103,2021-03-17 11:14:00,559.65,NSE,560.0,559.65,559.65,CANHOM,399
104,2021-03-17 11:15:00,560.8,NSE,560.8,559.7,560.0,CANHOM,1402
105,2021-03-17 11:16:00,561.6,NSE,562.35,561.0,561.0,CANHOM,5261
106,2021-03-17 11:17:00,563.35,NSE,563.35,561.0,561.0,CANHOM,474
107,2021-03-17 11:18:00,566.45,NSE,566.85,564.15,564.15,CANHOM,5120
108,2021-03-17 11:19:00,566.95,NSE,566.95,566.15,566.15,CANHOM,1648
109,2021-03-17 11:20:00,565.15,NSE,566.0,565.15,565.4,CANHOM,261
110,2021-03-17 11:21:00,569.9,NSE,570.0,565.15,565.15,CANHOM,12790
111,2021-03-17 11:22:00,570.6,NSE,572.15,569.25,569.9,CANHOM,8124
112,2021-03-17 11:23:00,569.75,NSE,571.5,569.25,570.55,CANHOM,3524
113,2021-03-17 11:24:00,570.15,NSE,572.0,570.0,570.9,CANHOM,3399
114,2021-03-17 11:25:00,573.75,NSE,574.0,569.05,570.15,CANHOM,4852
115,2021-03-17 11:26:00,574.2,NSE,575.25,573.2,574.1,CANHOM,10264
116,2021-03-17 11:27:00,573.0,NSE,574.05,572.55,574.0,CANHOM,1362
117,2021-03-17 11:28:00,572.9,NSE,573.0,572.6,572.6,CANHOM,1086
118,2021-03-17 11:29:00,572.35,NSE,573.0,572.05,572.55,CANHOM,2730
119,2021-03-17 11:30:00,573.15,NSE,574.0,573.15,573.55,CANHOM,4226
120,2021-03-17 11:31:00,577.25,NSE,579.0,573.2,573.2,CANHOM,11786
121,2021-03-17 11:32:00,582.45,NSE,584.0,576.45,577.0,CANHOM,18467
122,2021-03-17 11:33:00,582.85,NSE,584.8,582.15,582.4,CANHOM,12410
123,2021-03-17 11:34:00,581.5,NSE,583.3,580.55,582.15,CANHOM,6157
124,2021-03-17 11:35:00,580.3,NSE,582.35,580.25,581.5,CANHOM,4028
125,2021-03-17 11:36:00,581.7,NSE,581.7,580.6,580.8,CANHOM,2339
126,2021-03-17 11:37:00,580.45,NSE,581.3,580.25,581.3,CANHOM,3312
127,2021-03-17 11:38:00,581.0,NSE,581.0,580.5,580.5,CANHOM,539
128,2021-03-17 11:39:00,580.85,NSE,581.5,580.0,581.0,CANHOM,9347
129,2021-03-17 11:40:00,580.55,NSE,580.95,580.05,580.3,CANHOM,2315
130,2021-03-17 11:41:00,578.95,NSE,580.55,578.9,580.55,CANHOM,5200
131,2021-03-17 11:42:00,578.95,NSE,579.7,578.95,578.95,CANHOM,2102
132,2021-03-17 11:43:00,581.0,NSE,582.25,578.4,579.0,CANHOM,10140
133,2021-03-17 11:44:00,581.0,NSE,581.45,581.0,581.0,CANHOM,1908
134,2021-03-17 11:45:00,581.0,NSE,581.5,581.0,581.25,CANHOM,2721
135,2021-03-17 11:46:00,581.55,NSE,581.55,581.0,581.0,CANHOM,1851
136,2021-03-17 11:47:00,581.55,NSE,581.9,581.45,581.55,CANHOM,2254
137,2021-03-17 11:48:00,581.2,NSE,581.75,581.15,581.75,CANHOM,673
138,2021-03-17 11:49:00,581.0,NSE,581.55,581.0,581.2,CANHOM,881
139,2021-03-17 11:50:00,579.5,NSE,581.2,579.5,581.15,CANHOM,1474
140,2021-03-17 11:51:00,580.25,NSE,580.25,578.7,578.7,CANHOM,1163
141,2021-03-17 11:52:00,579.45,NSE,579.85,578.8,579.85,CANHOM,663
142,2021-03-17 11:53:00,578.75,NSE,579.3,578.3,578.7,CANHOM,5253
143,2021-03-17 11:54:00,578.7,NSE,579.3,578.0,579.15,CANHOM,4365
144,2021-03-17 11:55:00,577.75,NSE,579.35,577.7,578.75,CANHOM,3685
145,2021-03-17 11:56:00,576.2,NSE,578.3,575.75,578.3,CANHOM,5349
146,2021-03-17 11:57:00,577.35,NSE,577.35,575.05,576.2,CANHOM,4088
147,2021-03-17 11:58:00,577.0,NSE,577.65,575.8,577.6,CANHOM,1601
148,2021-03-17 11:59:00,577.0,NSE,577.0,576.4,576.95,CANHOM,599
149,2021-03-17 12:00:00,577.0,NSE,577.5,577.0,577.4,CANHOM,138
150,2021-03-17 12:01:00,577.4,NSE,577.4,577.0,577.0,CANHOM,121
151,2021-03-17 12:02:00,577.05,NSE,577.45,576.75,577.4,CANHOM,451
152,2021-03-17 12:03:00,576.65,NSE,576.7,576.2,576.7,CANHOM,574
153,2021-03-17 12:04:00,575.75,NSE,577.0,575.75,576.7,CANHOM,1803
154,2021-03-17 12:05:00,571.0,NSE,575.8,570.3,575.8,CANHOM,12030
155,2021-03-17 12:06:00,571.55,NSE,572.7,571.0,571.0,CANHOM,3407
156,2021-03-17 12:07:00,571.5,NSE,571.85,571.05,571.6,CANHOM,812
157,2021-03-17 12:08:00,570.55,NSE,571.45,570.3,571.1,CANHOM,1402
158,2021-03-17 12:09:00,571.5,NSE,571.5,570.55,570.9,CANHOM,783
159,2021-03-17 12:10:00,572.45,NSE,572.5,571.0,571.4,CANHOM,1380
160,2021-03-17 12:11:00,571.0,NSE,572.45,569.45,572.45,CANHOM,5154
161,2021-03-17 12:12:00,570.85,NSE,570.9,569.85,570.9,CANHOM,2404
162,2021-03-17 12:13:00,570.4,NSE,570.9,569.9,570.9,CANHOM,302
163,2021-03-17 12:14:00,570.25,NSE,570.7,569.9,570.6,CANHOM,138
164,2021-03-17 12:15:00,570.75,NSE,570.75,570.0,570.0,CANHOM,357
165,2021-03-17 12:16:00,571.1,NSE,571.9,570.75,570.75,CANHOM,3220
166,2021-03-17 12:17:00,570.05,NSE,571.1,570.05,571.1,CANHOM,1715
167,2021-03-17 12:18:00,570.35,NSE,570.5,570.05,570.5,CANHOM,282
168,2021-03-17 12:19:00,570.4,NSE,570.95,570.35,570.35,CANHOM,148
169,2021-03-17 12:20:00,571.0,NSE,571.0,569.65,570.7,CANHOM,975
170,2021-03-17 12:21:00,571.25,NSE,571.4,570.9,570.9,CANHOM,410
171,2021-03-17 12:22:00,570.65,NSE,571.25,570.0,571.0,CANHOM,2558
172,2021-03-17 12:23:00,570.6,NSE,570.75,570.05,570.2,CANHOM,247
173,2021-03-17 12:24:00,570.05,NSE,571.25,570.0,570.95,CANHOM,425
174,2021-03-17 12:25:00,568.5,NSE,570.0,568.5,570.0,CANHOM,2429
175,2021-03-17 12:26:00,570.25,NSE,570.25,568.5,568.85,CANHOM,1885
176,2021-03-17 12:27:00,570.5,NSE,570.85,570.0,570.8,CANHOM,261
177,2021-03-17 12:28:00,570.0,NSE,570.9,569.4,570.65,CANHOM,214
178,2021-03-17 12:29:00,569.15,NSE,569.9,569.05,569.6,CANHOM,166
179,2021-03-17 12:30:00,570.6,NSE,570.6,569.0,569.7,CANHOM,1724
180,2021-03-17 12:31:00,570.3,NSE,571.0,569.55,570.55,CANHOM,898
181,2021-03-17 12:32:00,570.0,NSE,570.75,570.0,570.55,CANHOM,356
182,2021-03-17 12:33:00,570.45,NSE,570.45,570.3,570.45,CANHOM,38
183,2021-03-17 12:34:00,570.35,NSE,570.35,569.1,569.9,CANHOM,624
184,2021-03-17 12:35:00,570.15,NSE,570.35,570.15,570.35,CANHOM,14
185,2021-03-17 12:36:00,569.85,NSE,570.1,569.8,570.1,CANHOM,141
186,2021-03-17 12:37:00,569.15,NSE,569.9,568.65,569.9,CANHOM,724
187,2021-03-17 12:38:00,568.95,NSE,569.25,568.5,568.5,CANHOM,830
188,2021-03-17 12:39:00,568.1,NSE,568.9,568.1,568.2,CANHOM,297
189,2021-03-17 12:40:00,567.6,NSE,568.7,567.5,568.15,CANHOM,1462
190,2021-03-17 12:41:00,568.4,NSE,568.4,567.4,567.5,CANHOM,193
191,2021-03-17 12:42:00,567.9,NSE,568.7,567.45,567.7,CANHOM,390
192,2021-03-17 12:43:00,568.9,NSE,568.9,567.6,567.6,CANHOM,782
193,2021-03-17 12:44:00,569.25,NSE,569.25,568.25,568.5,CANHOM,576
194,2021-03-17 12:45:00,569.25,NSE,569.25,568.3,568.85,CANHOM,147
195,2021-03-17 12:46:00,569.3,NSE,569.65,569.25,569.25,CANHOM,94
196,2021-03-17 12:47:00,569.25,NSE,569.85,569.25,569.3,CANHOM,374
197,2021-03-17 12:48:00,569.05,NSE,569.9,569.0,569.35,CANHOM,198
198,2021-03-17 12:49:00,568.5,NSE,569.5,568.3,569.45,CANHOM,218
199,2021-03-17 12:50:00,568.25,NSE,568.9,568.25,568.9,CANHOM,83
200,2021-03-17 12:51:00,568.3,NSE,569.0,568.25,568.75,CANHOM,618
201,2021-03-17 12:52:00,567.95,NSE,569.5,567.95,568.9,CANHOM,1447
202,2021-03-17 12:53:00,567.8,NSE,568.9,567.25,568.7,CANHOM,337
203,2021-03-17 12:54:00,567.8,NSE,568.45,567.75,567.75,CANHOM,160
204,2021-03-17 12:55:00,568.05,NSE,568.5,567.9,568.2,CANHOM,99
205,2021-03-17 12:56:00,568.7,NSE,569.15,568.05,568.45,CANHOM,646
206,2021-03-17 12:57:00,568.05,NSE,568.85,568.0,568.4,CANHOM,411
207,2021-03-17 12:58:00,568.4,NSE,569.65,568.05,568.05,CANHOM,512
208,2021-03-17 12:59:00,568.75,NSE,568.9,568.3,568.9,CANHOM,97
209,2021-03-17 13:00:00,568.65,NSE,569.35,568.2,568.8,CANHOM,1074
210,2021-03-17 13:01:00,570.5,NSE,572.45,568.35,569.0,CANHOM,6060
211,2021-03-17 13:02:00,570.25,NSE,571.05,569.1,570.7,CANHOM,2311
212,2021-03-17 13:03:00,570.05,NSE,570.6,570.0,570.55,CANHOM,217
213,2021-03-17 13:04:00,570.1,NSE,570.6,569.85,570.5,CANHOM,178
214,2021-03-17 13:05:00,570.05,NSE,570.6,570.05,570.1,CANHOM,140
215,2021-03-17 13:06:00,570.1,NSE,570.6,570.05,570.25,CANHOM,676
216,2021-03-17 13:07:00,570.2,NSE,570.55,570.1,570.15,CANHOM,163
217,2021-03-17 13:08:00,570.25,NSE,570.95,570.1,570.55,CANHOM,541
218,2021-03-17 13:09:00,570.05,NSE,570.5,570.0,570.5,CANHOM,623
219,2021-03-17 13:10:00,569.55,NSE,570.7,569.45,570.0,CANHOM,579
220,2021-03-17 13:11:00,570.05,NSE,570.6,568.2,568.8,CANHOM,1087
221,2021-03-17 13:12:00,569.65,NSE,570.55,569.65,570.55,CANHOM,378
222,2021-03-17 13:13:00,569.25,NSE,570.0,569.0,569.6,CANHOM,765
223,2021-03-17 13:14:00,569.5,NSE,570.15,569.05,569.4,CANHOM,537
224,2021-03-17 13:15:00,569.95,NSE,570.35,569.5,569.95,CANHOM,125
225,2021-03-17 13:16:00,569.5,NSE,569.9,569.05,569.65,CANHOM,739
226,2021-03-17 13:17:00,569.3,NSE,570.0,569.15,569.6,CANHOM,278
227,2021-03-17 13:18:00,569.35,NSE,570.0,569.3,569.3,CANHOM,218
228,2021-03-17 13:19:00,569.65,NSE,570.3,569.1,569.8,CANHOM,1198
229,2021-03-17 13:20:00,570.45,NSE,570.45,569.7,570.0,CANHOM,424
230,2021-03-17 13:21:00,569.85,NSE,570.35,569.25,570.35,CANHOM,230
231,2021-03-17 13:22:00,569.65,NSE,570.5,569.5,569.55,CANHOM,787
232,2021-03-17 13:23:00,570.45,NSE,570.45,569.85,570.0,CANHOM,259
233,2021-03-17 13:24:00,569.7,NSE,570.5,569.7,570.45,CANHOM,254
234,2021-03-17 13:25:00,570.4,NSE,570.4,569.4,570.0,CANHOM,449
235,2021-03-17 13:26:00,570.05,NSE,570.4,570.0,570.4,CANHOM,302
236,2021-03-17 13:27:00,570.15,NSE,570.35,570.05,570.35,CANHOM,141
237,2021-03-17 13:28:00,570.75,NSE,571.25,570.1,570.1,CANHOM,969
238,2021-03-17 13:29:00,570.15,NSE,571.0,570.15,570.8,CANHOM,580
239,2021-03-17 13:30:00,570.15,NSE,570.55,570.15,570.15,CANHOM,191
240,2021-03-17 13:31:00,570.0,NSE,570.25,570.0,570.25,CANHOM,91
241,2021-03-17 13:32:00,570.0,NSE,570.6,570.0,570.25,CANHOM,108
242,2021-03-17 13:33:00,569.65,NSE,570.3,569.45,570.05,CANHOM,191
243,2021-03-17 13:34:00,570.0,NSE,570.75,569.5,569.55,CANHOM,357
244,2021-03-17 13:35:00,569.7,NSE,570.5,569.7,570.5,CANHOM,114
245,2021-03-17 13:36:00,569.75,NSE,570.65,569.7,570.2,CANHOM,131
246,2021-03-17 13:37:00,570.05,NSE,570.65,570.0,570.2,CANHOM,79
247,2021-03-17 13:38:00,570.1,NSE,570.45,570.0,570.45,CANHOM,223
248,2021-03-17 13:39:00,570.1,NSE,570.45,570.0,570.1,CANHOM,136
249,2021-03-17 13:40:00,570.05,NSE,570.45,570.05,570.45,CANHOM,82
250,2021-03-17 13:41:00,570.25,NSE,570.45,569.55,570.45,CANHOM,1751
251,2021-03-17 13:42:00,569.05,NSE,570.25,569.05,569.9,CANHOM,265
252,2021-03-17 13:43:00,569.0,NSE,569.6,569.0,569.05,CANHOM,78
253,2021-03-17 13:44:00,569.35,NSE,569.6,569.0,569.6,CANHOM,116
254,2021-03-17 13:45:00,570.0,NSE,570.0,569.0,569.4,CANHOM,355
255,2021-03-17 13:46:00,570.0,NSE,570.0,570.0,570.0,CANHOM,5
256,2021-03-17 13:47:00,569.85,NSE,570.1,569.45,570.0,CANHOM,1132
257,2021-03-17 13:48:00,571.75,NSE,571.75,569.4,569.4,CANHOM,4840
258,2021-03-17 13:49:00,569.95,NSE,571.85,569.95,571.75,CANHOM,704
259,2021-03-17 13:50:00,570.0,NSE,570.35,569.4,570.05,CANHOM,466
260,2021-03-17 13:51:00,571.35,NSE,571.35,569.3,570.0,CANHOM,1364
261,2021-03-17 13:52:00,570.7,NSE,571.25,570.65,570.65,CANHOM,288
262,2021-03-17 13:53:00,570.4,NSE,570.6,570.0,570.6,CANHOM,756
263,2021-03-17 13:54:00,570.8,NSE,570.8,570.05,570.6,CANHOM,2085
264,2021-03-17 13:55:00,570.6,NSE,571.0,570.6,570.95,CANHOM,96
265,2021-03-17 13:56:00,570.9,NSE,570.95,570.4,570.55,CANHOM,217
266,2021-03-17 13:57:00,570.65,NSE,570.9,570.3,570.9,CANHOM,204
267,2021-03-17 13:59:00,570.55,NSE,570.55,570.0,570.0,CANHOM,444
268,2021-03-17 14:00:00,570.95,NSE,570.95,570.1,570.1,CANHOM,439
269,2021-03-17 14:01:00,570.7,NSE,570.95,570.55,570.6,CANHOM,22
270,2021-03-17 14:03:00,570.45,NSE,570.45,570.0,570.0,CANHOM,507
271,2021-03-17 14:04:00,570.6,NSE,570.6,570.0,570.45,CANHOM,669
272,2021-03-17 14:05:00,570.3,NSE,570.7,570.0,570.6,CANHOM,1909
273,2021-03-17 14:06:00,571.3,NSE,571.3,570.15,570.7,CANHOM,2343
274,2021-03-17 14:07:00,572.2,NSE,572.25,571.1,571.7,CANHOM,1599
275,2021-03-17 14:08:00,572.15,NSE,572.2,571.25,572.2,CANHOM,736
276,2021-03-17 14:09:00,573.0,NSE,573.9,572.2,572.2,CANHOM,1813
277,2021-03-17 14:10:00,571.5,NSE,573.9,571.35,573.6,CANHOM,5334
278,2021-03-17 14:11:00,572.5,NSE,573.8,571.75,571.75,CANHOM,4647
279,2021-03-17 14:12:00,572.25,NSE,572.95,570.0,572.95,CANHOM,9839
280,2021-03-17 14:13:00,574.65,NSE,575.0,572.25,572.25,CANHOM,3374
281,2021-03-17 14:14:00,572.05,NSE,573.9,572.05,573.85,CANHOM,629
282,2021-03-17 14:15:00,572.2,NSE,574.0,571.45,571.45,CANHOM,1959
283,2021-03-17 14:16:00,571.6,NSE,572.7,571.05,572.7,CANHOM,96
284,2021-03-17 14:17:00,571.4,NSE,571.8,571.0,571.6,CANHOM,815
285,2021-03-17 14:18:00,572.35,NSE,572.45,571.0,571.0,CANHOM,762
286,2021-03-17 14:19:00,572.3,NSE,572.3,571.45,572.2,CANHOM,202
287,2021-03-17 14:20:00,571.6,NSE,572.1,571.15,571.75,CANHOM,189
288,2021-03-17 14:21:00,570.6,NSE,571.55,570.25,571.55,CANHOM,1168
289,2021-03-17 14:22:00,570.2,NSE,571.0,570.1,570.1,CANHOM,450
290,2021-03-17 14:23:00,571.05,NSE,571.8,570.0,570.1,CANHOM,1940
291,2021-03-17 14:24:00,572.5,NSE,572.5,570.8,571.25,CANHOM,2482
292,2021-03-17 14:25:00,572.7,NSE,572.85,572.55,572.85,CANHOM,879
293,2021-03-17 14:26:00,573.25,NSE,573.85,572.7,572.7,CANHOM,1896
294,2021-03-17 14:27:00,573.75,NSE,573.75,573.1,573.1,CANHOM,483
295,2021-03-17 14:28:00,574.9,NSE,574.9,573.35,573.75,CANHOM,3811
296,2021-03-17 14:29:00,575.4,NSE,576.0,575.0,575.0,CANHOM,6114
297,2021-03-17 14:30:00,576.1,NSE,576.5,574.6,575.45,CANHOM,3218
298,2021-03-17 14:31:00,575.0,NSE,576.05,575.0,576.05,CANHOM,499
299,2021-03-17 14:32:00,573.6,NSE,575.3,573.6,575.05,CANHOM,1770
300,2021-03-17 14:33:00,573.95,NSE,575.0,573.8,573.8,CANHOM,1352
301,2021-03-17 14:34:00,573.45,NSE,573.9,572.5,573.55,CANHOM,1477
302,2021-03-17 14:35:00,572.65,NSE,573.45,572.6,573.45,CANHOM,197
303,2021-03-17 14:36:00,573.5,NSE,574.0,572.05,572.05,CANHOM,2044
304,2021-03-17 14:37:00,573.75,NSE,573.9,572.85,573.3,CANHOM,1362
305,2021-03-17 14:38:00,573.95,NSE,574.0,573.8,573.8,CANHOM,270
306,2021-03-17 14:39:00,574.95,NSE,574.95,573.95,573.95,CANHOM,1076
307,2021-03-17 14:40:00,574.0,NSE,574.95,573.5,574.8,CANHOM,908
308,2021-03-17 14:41:00,574.35,NSE,574.35,573.55,573.55,CANHOM,55
309,2021-03-17 14:42:00,573.5,NSE,574.15,573.5,573.7,CANHOM,40
310,2021-03-17 14:43:00,574.3,NSE,574.3,573.75,573.75,CANHOM,512
311,2021-03-17 14:44:00,574.15,NSE,574.3,573.75,574.0,CANHOM,393
312,2021-03-17 14:45:00,573.9,NSE,574.15,572.45,574.15,CANHOM,2200
313,2021-03-17 14:46:00,573.35,NSE,573.9,572.95,573.9,CANHOM,168
314,2021-03-17 14:47:00,572.45,NSE,573.15,572.45,573.15,CANHOM,39
315,2021-03-17 14:48:00,573.0,NSE,573.0,572.25,572.5,CANHOM,472
316,2021-03-17 14:49:00,573.2,NSE,573.2,572.9,572.9,CANHOM,224
317,2021-03-17 14:50:00,573.05,NSE,573.3,573.0,573.0,CANHOM,1058
318,2021-03-17 14:51:00,573.65,NSE,573.65,573.05,573.2,CANHOM,1429
319,2021-03-17 14:52:00,573.0,NSE,573.65,572.95,573.65,CANHOM,2333
320,2021-03-17 14:53:00,572.9,NSE,573.0,572.5,573.0,CANHOM,234
321,2021-03-17 14:54:00,572.55,NSE,573.0,572.2,572.2,CANHOM,702
322,2021-03-17 14:55:00,571.95,NSE,572.0,571.3,572.0,CANHOM,1061
323,2021-03-17 14:56:00,571.35,NSE,571.95,571.05,571.95,CANHOM,249
324,2021-03-17 14:57:00,573.0,NSE,573.0,571.35,571.35,CANHOM,2878
325,2021-03-17 14:58:00,572.95,NSE,573.0,572.95,573.0,CANHOM,147
326,2021-03-17 14:59:00,574.35,NSE,575.3,572.4,572.4,CANHOM,9711
327,2021-03-17 15:00:00,574.95,NSE,575.5,574.35,574.35,CANHOM,1748
328,2021-03-17 15:01:00,574.0,NSE,574.75,574.0,574.75,CANHOM,1120
329,2021-03-17 15:02:00,573.65,NSE,574.4,573.5,574.4,CANHOM,501
330,2021-03-17 15:03:00,573.55,NSE,573.6,573.05,573.05,CANHOM,574
331,2021-03-17 15:04:00,573.5,NSE,573.55,573.15,573.15,CANHOM,644
332,2021-03-17 15:05:00,573.35,NSE,573.8,573.0,573.4,CANHOM,1031
333,2021-03-17 15:06:00,572.0,NSE,573.4,572.0,573.35,CANHOM,3443
334,2021-03-17 15:07:00,574.95,NSE,574.95,571.65,572.0,CANHOM,5795
335,2021-03-17 15:08:00,575.0,NSE,576.0,575.0,575.0,CANHOM,2008
336,2021-03-17 15:09:00,574.95,NSE,575.9,574.4,574.9,CANHOM,4274
337,2021-03-17 15:10:00,578.0,NSE,579.0,574.55,574.9,CANHOM,7817
338,2021-03-17 15:11:00,575.5,NSE,576.0,573.6,576.0,CANHOM,9993
339,2021-03-17 15:12:00,573.9,NSE,575.65,573.9,575.55,CANHOM,2301
340,2021-03-17 15:13:00,573.9,NSE,574.3,573.65,573.9,CANHOM,1571
341,2021-03-17 15:14:00,574.5,NSE,574.5,573.9,574.3,CANHOM,5642
342,2021-03-17 15:15:00,576.05,NSE,576.05,574.8,574.8,CANHOM,2606
343,2021-03-17 15:16:00,575.1,NSE,576.6,575.05,576.1,CANHOM,12213
344,2021-03-17 15:17:00,574.85,NSE,575.25,574.85,575.2,CANHOM,10074
345,2021-03-17 15:18:00,575.2,NSE,575.75,574.4,574.9,CANHOM,2475
346,2021-03-17 15:19:00,576.0,NSE,576.0,575.25,575.25,CANHOM,1943
347,2021-03-17 15:20:00,575.5,NSE,575.85,575.35,575.8,CANHOM,2868
348,2021-03-17 15:21:00,575.8,NSE,575.95,575.5,575.6,CANHOM,2819
349,2021-03-17 15:22:00,575.15,NSE,575.9,575.15,575.75,CANHOM,3074
350,2021-03-17 15:23:00,575.0,NSE,575.15,574.25,574.25,CANHOM,3425
351,2021-03-17 15:24:00,575.25,NSE,575.25,575.0,575.05,CANHOM,5060
352,2021-03-17 15:25:00,575.9,NSE,576.0,575.3,575.45,CANHOM,1560
353,2021-03-17 15:26:00,575.9,NSE,576.0,575.8,575.8,CANHOM,3873
354,2021-03-17 15:27:00,575.0,NSE,576.0,574.7,576.0,CANHOM,8703
355,2021-03-17 15:28:00,575.15,NSE,575.5,575.0,575.25,CANHOM,2398
356,2021-03-17 15:29:00,575.2,NSE,575.55,575.0,575.5,CANHOM,2162
