,datetime,close,exchange_code,high,low,open,stock_code,volume
0,2021-02-26 09:30:00,1619.95,NSE,1622.9,1617.0,1622.9,MPHLIM,1750
1,2021-02-26 09:31:00,1619.9,NSE,1619.9,1617.45,1619.9,MPHLIM,957
2,2021-02-26 09:32:00,1625.0,NSE,1625.0,1620.25,1620.25,MPHLIM,934
3,2021-02-26 09:33:00,1624.95,NSE,1628.0,1623.35,1625.0,MPHLIM,1697
4,2021-02-26 09:34:00,1626.5,NSE,1626.5,1623.95,1624.05,MPHLIM,412
5,2021-02-26 09:35:00,1625.0,NSE,1626.8,1625.0,1625.0,MPHLIM,611
6,2021-02-26 09:36:00,1624.35,NSE,1626.0,1621.0,1626.0,MPHLIM,980
7,2021-02-26 09:37:00,1620.1,NSE,1625.1,1620.1,1623.35,MPHLIM,351
8,2021-02-26 09:38:00,1620.1,NSE,1621.0,1620.0,1620.1,MPHLIM,858
9,2021-02-26 09:39:00,1620.0,NSE,1620.1,1620.0,1620.1,MPHLIM,454
10,2021-02-26 09:40:00,1620.9,NSE,1621.95,1620.0,1620.9,MPHLIM,564
11,2021-02-26 09:41:00,1620.75,NSE,1621.65,1620.0,1620.85,MPHLIM,1391
12,2021-02-26 09:42:00,1620.25,NSE,1622.0,1620.05,1620.75,MPHLIM,174
13,2021-02-26 09:43:00,1620.6,NSE,1622.25,1620.6,1621.3,MPHLIM,154
14,2021-02-26 09:44:00,1621.45,NSE,1622.2,1621.1,1621.1,MPHLIM,561
15,2021-02-26 09:45:00,1620.05,NSE,1621.45,1620.0,1621.45,MPHLIM,1590
16,2021-02-26 09:46:00,1620.25,NSE,1621.75,1620.0,1621.75,MPHLIM,157
17,2021-02-26 09:47:00,1621.5,NSE,1621.8,1620.25,1620.25,MPHLIM,430
18,2021-02-26 09:48:00,1624.0,NSE,1624.4,1621.2,1622.65,MPHLIM,362
19,2021-02-26 09:49:00,1623.45,NSE,1623.5,1621.35,1622.85,MPHLIM,57
20,2021-02-26 09:50:00,1622.0,NSE,1623.0,1621.6,1622.85,MPHLIM,108
21,2021-02-26 09:51:00,1624.35,NSE,1624.45,1622.05,1622.05,MPHLIM,303
22,2021-02-26 09:52:00,1623.25,NSE,1623.25,1621.3,1622.5,MPHLIM,1153
23,2021-02-26 09:53:00,1621.3,NSE,1622.4,1620.55,1620.65,MPHLIM,363
24,2021-02-26 09:54:00,1621.0,NSE,1622.1,1620.6,1621.45,MPHLIM,857
25,2021-02-26 09:55:00,1620.05,NSE,1621.35,1620.05,1620.65,MPHLIM,1519
26,2021-02-26 09:56:00,1621.75,NSE,1622.35,1620.0,1620.15,MPHLIM,499
27,2021-02-26 09:57:00,1622.6,NSE,1622.7,1621.5,1621.5,MPHLIM,294
28,2021-02-26 09:58:00,1622.6,NSE,1622.9,1621.5,1621.5,MPHLIM,386
29,2021-02-26 09:59:00,1620.15,NSE,1622.6,1620.15,1622.0,MPHLIM,325
30,2021-02-26 10:00:00,1620.05,NSE,1621.05,1620.05,1620.3,MPHLIM,356
31,2021-02-26 10:01:00,1621.0,NSE,1622.0,1620.05,1620.05,MPHLIM,339
32,2021-02-26 10:02:00,1621.15,NSE,1621.9,1621.0,1621.9,MPHLIM,358
33,2021-02-26 10:03:00,1620.05,NSE,1621.9,1620.05,1621.0,MPHLIM,158
34,2021-02-26 10:04:00,1620.05,NSE,1621.4,1620.05,1621.4,MPHLIM,117
35,2021-02-26 10:05:00,1620.85,NSE,1620.85,1620.0,1620.05,MPHLIM,943
36,2021-02-26 10:06:00,1620.85,NSE,1620.85,1620.5,1620.5,MPHLIM,194
37,2021-02-26 10:07:00,1620.25,NSE,1620.25,1620.0,1620.0,MPHLIM,2555
38,2021-02-26 10:08:00,1620.0,NSE,1620.3,1620.0,1620.0,MPHLIM,1690
39,2021-02-26 10:09:00,1620.3,NSE,1621.0,1620.0,1620.0,MPHLIM,216
40,2021-02-26 10:10:00,1620.2,NSE,1620.9,1620.0,1620.0,MPHLIM,767
41,2021-02-26 10:11:00,1620.1,NSE,1620.95,1620.0,1620.2,MPHLIM,290
42,2021-02-26 10:12:00,1620.85,NSE,1620.95,1620.1,1620.1,MPHLIM,326
43,2021-02-26 10:13:00,1620.85,NSE,1620.85,1620.2,1620.2,MPHLIM,137
44,2021-02-26 10:14:00,1622.0,NSE,1622.0,1620.3,1620.3,MPHLIM,559
45,2021-02-26 10:15:00,1620.05,NSE,1622.65,1620.05,1622.0,MPHLIM,102
46,2021-02-26 10:16:00,1620.85,NSE,1621.05,1620.1,1620.1,MPHLIM,1146
47,2021-02-26 10:17:00,1620.6,NSE,1620.6,1620.0,1620.0,MPHLIM,1077
48,2021-02-26 10:18:00,1620.6,NSE,1620.6,1620.05,1620.05,MPHLIM,128
49,2021-02-26 10:19:00,1620.0,NSE,1622.0,1620.0,1620.6,MPHLIM,458
50,2021-02-26 10:20:00,1620.65,NSE,1620.65,1620.0,1620.0,MPHLIM,87
51,2021-02-26 10:21:00,1620.0,NSE,1620.1,1620.0,1620.1,MPHLIM,28
52,2021-02-26 10:22:00,1620.1,NSE,1620.65,1620.0,1620.0,MPHLIM,109
53,2021-02-26 10:23:00,1620.0,NSE,1620.65,1619.0,1620.65,MPHLIM,2829
54,2021-02-26 10:24:00,1620.0,NSE,1620.2,1620.0,1620.2,MPHLIM,478
55,2021-02-26 10:25:00,1620.0,NSE,1620.25,1620.0,1620.0,MPHLIM,1250
56,2021-02-26 10:26:00,1620.35,NSE,1620.35,1618.9,1620.05,MPHLIM,456
57,2021-02-26 10:27:00,1620.0,NSE,1620.45,1620.0,1620.45,MPHLIM,174
58,2021-02-26 10:28:00,1620.0,NSE,1620.35,1620.0,1620.0,MPHLIM,193
59,2021-02-26 10:29:00,1620.4,NSE,1620.4,1620.0,1620.0,MPHLIM,309
60,2021-02-26 10:30:00,1620.0,NSE,1620.3,1620.0,1620.3,MPHLIM,51
61,2021-02-26 10:31:00,1620.0,NSE,1620.05,1620.0,1620.0,MPHLIM,284
62,2021-02-26 10:32:00,1620.0,NSE,1620.5,1620.0,1620.0,MPHLIM,192
63,2021-02-26 10:33:00,1620.0,NSE,1620.5,1620.0,1620.0,MPHLIM,683
64,2021-02-26 10:34:00,1620.0,NSE,1620.4,1620.0,1620.0,MPHLIM,203
65,2021-02-26 10:35:00,1620.45,NSE,1620.45,1619.15,1620.0,MPHLIM,528
66,2021-02-26 10:36:00,1620.35,NSE,1620.35,1620.0,1620.0,MPHLIM,191
67,2021-02-26 10:37:00,1620.0,NSE,1620.45,1620.0,1620.3,MPHLIM,160
68,2021-02-26 10:38:00,1620.0,NSE,1620.45,1620.0,1620.0,MPHLIM,57
69,2021-02-26 10:39:00,1620.95,NSE,1620.95,1620.0,1620.0,MPHLIM,224
70,2021-02-26 10:40:00,1620.0,NSE,1620.95,1620.0,1620.95,MPHLIM,36
71,2021-02-26 10:41:00,1620.0,NSE,1620.4,1620.0,1620.0,MPHLIM,80
72,2021-02-26 10:42:00,1619.95,NSE,1620.4,1619.95,1620.4,MPHLIM,316
73,2021-02-26 10:43:00,1620.0,NSE,1620.2,1620.0,1620.0,MPHLIM,325
74,2021-02-26 10:44:00,1620.55,NSE,1620.7,1620.0,1620.0,MPHLIM,870
75,2021-02-26 10:45:00,1624.85,NSE,1624.85,1620.0,1620.55,MPHLIM,2118
76,2021-02-26 10:46:00,1622.0,NSE,1623.9,1622.0,1623.7,MPHLIM,2861
77,2021-02-26 10:47:00,1621.75,NSE,1622.85,1621.75,1622.85,MPHLIM,197
78,2021-02-26 10:48:00,1621.4,NSE,1621.75,1621.4,1621.75,MPHLIM,35
79,2021-02-26 10:49:00,1621.85,NSE,1621.85,1621.25,1621.4,MPHLIM,512
80,2021-02-26 10:50:00,1623.0,NSE,1623.05,1622.0,1623.05,MPHLIM,44
81,2021-02-26 10:51:00,1624.0,NSE,1624.0,1621.65,1622.0,MPHLIM,312
82,2021-02-26 10:52:00,1624.4,NSE,1625.0,1623.2,1625.0,MPHLIM,416
83,2021-02-26 10:53:00,1624.35,NSE,1624.4,1623.15,1624.4,MPHLIM,865
84,2021-02-26 10:54:00,1624.85,NSE,1625.0,1624.05,1624.75,MPHLIM,374
85,2021-02-26 10:55:00,1625.8,NSE,1625.8,1624.05,1624.85,MPHLIM,345
86,2021-02-26 10:56:00,1625.0,NSE,1625.5,1624.9,1625.1,MPHLIM,392
87,2021-02-26 10:57:00,1625.0,NSE,1625.5,1624.5,1625.0,MPHLIM,463
88,2021-02-26 10:58:00,1624.4,NSE,1625.5,1624.4,1625.5,MPHLIM,488
89,2021-02-26 10:59:00,1625.0,NSE,1626.35,1625.0,1626.15,MPHLIM,129
90,2021-02-26 11:00:00,1624.55,NSE,1625.7,1624.55,1625.0,MPHLIM,165
91,2021-02-26 11:01:00,1624.45,NSE,1625.0,1623.5,1625.0,MPHLIM,1504
92,2021-02-26 11:02:00,1623.0,NSE,1624.45,1622.0,1624.45,MPHLIM,303
93,2021-02-26 11:03:00,1622.8,NSE,1623.0,1621.7,1623.0,MPHLIM,715
94,2021-02-26 11:04:00,1624.05,NSE,1624.7,1622.0,1622.0,MPHLIM,457
95,2021-02-26 11:05:00,1624.25,NSE,1624.25,1624.0,1624.0,MPHLIM,355
96,2021-02-26 11:06:00,1624.2,NSE,1624.25,1624.0,1624.25,MPHLIM,438
97,2021-02-26 11:07:00,1625.0,NSE,1625.0,1624.0,1624.0,MPHLIM,250
98,2021-02-26 11:08:00,1623.95,NSE,1624.2,1623.95,1624.2,MPHLIM,239
99,2021-02-26 11:09:00,1623.05,NSE,1624.05,1623.05,1623.1,MPHLIM,228
100,2021-02-26 11:10:00,1624.1,NSE,1624.15,1623.05,1623.9,MPHLIM,340
101,2021-02-26 11:11:00,1623.05,NSE,1624.1,1623.0,1623.1,MPHLIM,263
102,2021-02-26 11:12:00,1621.85,NSE,1624.1,1620.2,1624.1,MPHLIM,1065
103,2021-02-26 11:13:00,1622.4,NSE,1622.65,1620.2,1620.2,MPHLIM,286
104,2021-02-26 11:14:00,1621.0,NSE,1621.95,1621.0,1621.15,MPHLIM,45
105,2021-02-26 11:15:00,1622.75,NSE,1623.15,1620.8,1620.8,MPHLIM,232
106,2021-02-26 11:16:00,1622.0,NSE,1622.75,1620.65,1622.75,MPHLIM,146
107,2021-02-26 11:17:00,1622.0,NSE,1622.0,1621.0,1621.0,MPHLIM,366
108,2021-02-26 11:18:00,1621.0,NSE,1622.0,1621.0,1621.2,MPHLIM,36
109,2021-02-26 11:19:00,1622.75,NSE,1622.75,1621.0,1621.0,MPHLIM,527
110,2021-02-26 11:20:00,1622.6,NSE,1623.1,1622.0,1622.0,MPHLIM,204
111,2021-02-26 11:21:00,1622.0,NSE,1622.5,1621.7,1622.0,MPHLIM,164
112,2021-02-26 11:22:00,1622.0,NSE,1623.8,1621.1,1621.25,MPHLIM,193
113,2021-02-26 11:23:00,1623.1,NSE,1623.25,1622.0,1622.05,MPHLIM,175
114,2021-02-26 11:24:00,1622.7,NSE,1623.1,1622.0,1623.1,MPHLIM,286
115,2021-02-26 11:25:00,1623.0,NSE,1624.0,1622.0,1622.0,MPHLIM,458
116,2021-02-26 11:26:00,1623.9,NSE,1624.15,1623.0,1623.0,MPHLIM,1220
117,2021-02-26 11:27:00,1622.2,NSE,1623.75,1622.2,1623.0,MPHLIM,1407
118,2021-02-26 11:28:00,1623.6,NSE,1623.7,1622.2,1622.2,MPHLIM,128
119,2021-02-26 11:29:00,1622.2,NSE,1623.45,1622.2,1622.2,MPHLIM,50
120,2021-02-26 11:30:00,1622.25,NSE,1623.45,1622.05,1622.25,MPHLIM,260
121,2021-02-26 11:31:00,1622.9,NSE,1625.0,1622.25,1622.3,MPHLIM,432
122,2021-02-26 11:32:00,1622.05,NSE,1624.2,1622.0,1624.2,MPHLIM,111
123,2021-02-26 11:33:00,1624.1,NSE,1624.8,1622.1,1623.0,MPHLIM,154
124,2021-02-26 11:34:00,1624.95,NSE,1624.95,1623.0,1623.0,MPHLIM,222
125,2021-02-26 11:35:00,1624.05,NSE,1624.95,1623.0,1624.95,MPHLIM,106
126,2021-02-26 11:36:00,1624.0,NSE,1624.05,1622.55,1623.0,MPHLIM,291
127,2021-02-26 11:37:00,1623.25,NSE,1623.9,1623.0,1623.9,MPHLIM,169
128,2021-02-26 11:38:00,1623.0,NSE,1624.0,1622.55,1623.25,MPHLIM,191
129,2021-02-26 11:39:00,1623.8,NSE,1623.9,1622.7,1623.0,MPHLIM,210
130,2021-02-26 11:40:00,1624.45,NSE,1624.65,1623.0,1623.8,MPHLIM,268
131,2021-02-26 11:41:00,1624.45,NSE,1624.5,1623.05,1624.45,MPHLIM,317
132,2021-02-26 11:42:00,1624.45,NSE,1624.5,1624.0,1624.0,MPHLIM,75
133,2021-02-26 11:43:00,1624.4,NSE,1624.5,1624.0,1624.05,MPHLIM,1145
134,2021-02-26 11:44:00,1624.1,NSE,1624.5,1624.0,1624.5,MPHLIM,144
135,2021-02-26 11:45:00,1625.0,NSE,1625.0,1624.1,1624.45,MPHLIM,235
136,2021-02-26 11:46:00,1625.0,NSE,1625.9,1624.0,1625.3,MPHLIM,152
137,2021-02-26 11:47:00,1625.6,NSE,1625.8,1625.0,1625.0,MPHLIM,116
138,2021-02-26 11:48:00,1625.1,NSE,1625.7,1625.0,1625.0,MPHLIM,153
139,2021-02-26 11:49:00,1625.55,NSE,1625.7,1625.0,1625.1,MPHLIM,1773
140,2021-02-26 11:50:00,1627.4,NSE,1628.0,1625.0,1625.0,MPHLIM,469
141,2021-02-26 11:51:00,1628.0,NSE,1628.0,1626.3,1627.4,MPHLIM,776
142,2021-02-26 11:52:00,1627.7,NSE,1628.0,1627.0,1627.05,MPHLIM,103
143,2021-02-26 11:53:00,1627.7,NSE,1627.7,1627.1,1627.25,MPHLIM,289
144,2021-02-26 11:54:00,1625.7,NSE,1627.7,1625.7,1627.1,MPHLIM,488
145,2021-02-26 11:55:00,1625.0,NSE,1625.6,1624.1,1625.6,MPHLIM,522
146,2021-02-26 11:56:00,1625.15,NSE,1627.4,1624.1,1624.1,MPHLIM,184
147,2021-02-26 11:57:00,1625.3,NSE,1626.65,1625.25,1625.25,MPHLIM,46
148,2021-02-26 11:58:00,1625.0,NSE,1625.55,1625.0,1625.3,MPHLIM,231
149,2021-02-26 11:59:00,1625.1,NSE,1625.65,1625.0,1625.3,MPHLIM,82
150,2021-02-26 12:00:00,1626.6,NSE,1626.6,1625.0,1625.0,MPHLIM,224
151,2021-02-26 12:01:00,1626.0,NSE,1627.0,1625.0,1625.75,MPHLIM,105
152,2021-02-26 12:02:00,1627.05,NSE,1627.05,1626.0,1626.0,MPHLIM,294
153,2021-02-26 12:03:00,1627.0,NSE,1627.0,1627.0,1627.0,MPHLIM,150
154,2021-02-26 12:04:00,1625.05,NSE,1627.0,1625.05,1627.0,MPHLIM,402
155,2021-02-26 12:05:00,1625.05,NSE,1626.0,1625.0,1625.0,MPHLIM,244
156,2021-02-26 12:06:00,1624.8,NSE,1626.2,1624.8,1626.0,MPHLIM,718
157,2021-02-26 12:07:00,1625.0,NSE,1625.05,1624.8,1625.0,MPHLIM,928
158,2021-02-26 12:08:00,1625.0,NSE,1626.1,1625.0,1626.1,MPHLIM,68
159,2021-02-26 12:09:00,1625.1,NSE,1625.1,1625.0,1625.0,MPHLIM,138
160,2021-02-26 12:10:00,1625.1,NSE,1625.2,1625.0,1625.2,MPHLIM,141
161,2021-02-26 12:11:00,1625.0,NSE,1625.75,1625.0,1625.0,MPHLIM,203
162,2021-02-26 12:12:00,1625.0,NSE,1625.05,1624.8,1625.0,MPHLIM,195
163,2021-02-26 12:13:00,1625.0,NSE,1625.1,1625.0,1625.1,MPHLIM,94
164,2021-02-26 12:14:00,1625.0,NSE,1625.1,1625.0,1625.0,MPHLIM,211
165,2021-02-26 12:15:00,1625.0,NSE,1625.0,1625.0,1625.0,MPHLIM,94
166,2021-02-26 12:16:00,1625.0,NSE,1625.9,1624.05,1625.0,MPHLIM,445
167,2021-02-26 12:17:00,1625.9,NSE,1625.9,1625.0,1625.0,MPHLIM,204
168,2021-02-26 12:18:00,1625.9,NSE,1625.9,1625.0,1625.0,MPHLIM,196
169,2021-02-26 12:19:00,1624.6,NSE,1625.9,1624.1,1625.0,MPHLIM,118
170,2021-02-26 12:20:00,1625.0,NSE,1625.6,1624.05,1624.95,MPHLIM,1428
171,2021-02-26 12:21:00,1625.75,NSE,1625.75,1624.0,1625.0,MPHLIM,630
172,2021-02-26 12:22:00,1625.0,NSE,1625.75,1625.0,1625.0,MPHLIM,26
173,2021-02-26 12:23:00,1625.0,NSE,1625.05,1624.55,1625.0,MPHLIM,162
174,2021-02-26 12:24:00,1625.0,NSE,1625.6,1625.0,1625.0,MPHLIM,58
175,2021-02-26 12:25:00,1625.4,NSE,1625.6,1625.0,1625.6,MPHLIM,316
176,2021-02-26 12:26:00,1625.0,NSE,1625.4,1625.0,1625.4,MPHLIM,99
177,2021-02-26 12:27:00,1625.0,NSE,1625.0,1625.0,1625.0,MPHLIM,58
178,2021-02-26 12:28:00,1625.35,NSE,1626.0,1625.0,1625.0,MPHLIM,212
179,2021-02-26 12:29:00,1625.0,NSE,1625.75,1625.0,1625.0,MPHLIM,103
180,2021-02-26 12:30:00,1625.0,NSE,1625.75,1625.0,1625.0,MPHLIM,390
181,2021-02-26 12:31:00,1625.3,NSE,1625.3,1625.0,1625.15,MPHLIM,196
182,2021-02-26 12:32:00,1625.3,NSE,1625.3,1625.0,1625.0,MPHLIM,141
183,2021-02-26 12:33:00,1625.3,NSE,1625.3,1625.0,1625.3,MPHLIM,247
184,2021-02-26 12:34:00,1624.9,NSE,1625.0,1624.9,1625.0,MPHLIM,152
185,2021-02-26 12:35:00,1625.0,NSE,1625.35,1624.55,1625.0,MPHLIM,297
186,2021-02-26 12:36:00,1625.25,NSE,1625.35,1624.7,1625.0,MPHLIM,53
187,2021-02-26 12:37:00,1625.05,NSE,1625.3,1625.0,1625.25,MPHLIM,192
188,2021-02-26 12:38:00,1625.05,NSE,1625.05,1625.0,1625.0,MPHLIM,55
189,2021-02-26 12:39:00,1625.0,NSE,1625.5,1625.0,1625.45,MPHLIM,76
190,2021-02-26 12:40:00,1625.0,NSE,1625.0,1625.0,1625.0,MPHLIM,47
191,2021-02-26 12:41:00,1625.35,NSE,1625.35,1625.0,1625.0,MPHLIM,441
192,2021-02-26 12:42:00,1625.0,NSE,1625.9,1625.0,1625.05,MPHLIM,31
193,2021-02-26 12:43:00,1625.0,NSE,1625.85,1625.0,1625.85,MPHLIM,68
194,2021-02-26 12:44:00,1625.0,NSE,1625.0,1625.0,1625.0,MPHLIM,41
195,2021-02-26 12:45:00,1625.1,NSE,1625.85,1625.0,1625.0,MPHLIM,451
196,2021-02-26 12:46:00,1625.1,NSE,1625.15,1625.1,1625.15,MPHLIM,189
197,2021-02-26 12:47:00,1625.1,NSE,1625.15,1625.1,1625.15,MPHLIM,83
198,2021-02-26 12:48:00,1625.0,NSE,1625.15,1625.0,1625.15,MPHLIM,914
199,2021-02-26 12:49:00,1625.2,NSE,1625.2,1625.0,1625.0,MPHLIM,122
200,2021-02-26 12:50:00,1626.0,NSE,1626.1,1625.0,1625.0,MPHLIM,202
201,2021-02-26 12:51:00,1626.0,NSE,1626.8,1625.0,1626.8,MPHLIM,710
202,2021-02-26 12:52:00,1625.9,NSE,1626.7,1625.0,1626.0,MPHLIM,153
203,2021-02-26 12:53:00,1626.0,NSE,1626.0,1625.0,1625.0,MPHLIM,821
204,2021-02-26 12:54:00,1626.0,NSE,1626.7,1626.0,1626.7,MPHLIM,660
205,2021-02-26 12:55:00,1626.35,NSE,1626.35,1625.55,1625.55,MPHLIM,176
206,2021-02-26 12:56:00,1625.0,NSE,1626.0,1625.0,1626.0,MPHLIM,30
207,2021-02-26 12:57:00,1625.85,NSE,1626.0,1625.0,1625.1,MPHLIM,87
208,2021-02-26 12:58:00,1625.0,NSE,1625.85,1625.0,1625.85,MPHLIM,87
209,2021-02-26 12:59:00,1625.35,NSE,1625.55,1625.0,1625.0,MPHLIM,125
210,2021-02-26 13:00:00,1625.35,NSE,1625.4,1625.0,1625.0,MPHLIM,144
211,2021-02-26 13:01:00,1625.3,NSE,1625.4,1625.0,1625.4,MPHLIM,598
212,2021-02-26 13:02:00,1625.0,NSE,1625.95,1625.0,1625.4,MPHLIM,236
213,2021-02-26 13:03:00,1629.8,NSE,1629.8,1625.0,1625.0,MPHLIM,1557
214,2021-02-26 13:04:00,1628.3,NSE,1633.15,1628.3,1630.0,MPHLIM,2349
215,2021-02-26 13:05:00,1625.85,NSE,1629.4,1625.0,1629.4,MPHLIM,1227
216,2021-02-26 13:06:00,1628.0,NSE,1628.15,1626.0,1626.0,MPHLIM,215
217,2021-02-26 13:07:00,1625.05,NSE,1627.25,1625.05,1627.25,MPHLIM,245
218,2021-02-26 13:08:00,1626.0,NSE,1627.0,1625.05,1625.05,MPHLIM,97
219,2021-02-26 13:09:00,1627.1,NSE,1627.35,1626.55,1627.0,MPHLIM,3771
220,2021-02-26 13:10:00,1627.0,NSE,1627.25,1627.0,1627.0,MPHLIM,44
221,2021-02-26 13:11:00,1627.95,NSE,1627.95,1626.0,1627.0,MPHLIM,238
222,2021-02-26 13:12:00,1627.0,NSE,1627.55,1627.0,1627.0,MPHLIM,353
223,2021-02-26 13:13:00,1628.0,NSE,1628.05,1627.0,1627.0,MPHLIM,720
224,2021-02-26 13:14:00,1627.6,NSE,1627.6,1626.95,1627.05,MPHLIM,481
225,2021-02-26 13:15:00,1627.0,NSE,1627.0,1627.0,1627.0,MPHLIM,212
226,2021-02-26 13:16:00,1627.0,NSE,1627.35,1626.0,1627.0,MPHLIM,166
227,2021-02-26 13:17:00,1627.05,NSE,1627.25,1627.0,1627.0,MPHLIM,1542
228,2021-02-26 13:18:00,1627.0,NSE,1629.6,1626.65,1628.05,MPHLIM,239
229,2021-02-26 13:19:00,1627.0,NSE,1627.0,1626.95,1627.0,MPHLIM,559
230,2021-02-26 13:20:00,1627.0,NSE,1627.95,1627.0,1627.95,MPHLIM,70
231,2021-02-26 13:21:00,1627.0,NSE,1627.2,1627.0,1627.0,MPHLIM,141
232,2021-02-26 13:22:00,1627.0,NSE,1627.2,1626.25,1626.25,MPHLIM,296
233,2021-02-26 13:23:00,1626.15,NSE,1627.2,1626.15,1627.2,MPHLIM,348
234,2021-02-26 13:24:00,1627.0,NSE,1627.1,1627.0,1627.0,MPHLIM,144
235,2021-02-26 13:25:00,1627.0,NSE,1628.85,1627.0,1627.0,MPHLIM,350
236,2021-02-26 13:26:00,1627.0,NSE,1627.05,1625.8,1627.0,MPHLIM,59
237,2021-02-26 13:27:00,1627.0,NSE,1627.15,1627.0,1627.0,MPHLIM,102
238,2021-02-26 13:28:00,1627.0,NSE,1627.0,1625.85,1627.0,MPHLIM,353
239,2021-02-26 13:29:00,1627.0,NSE,1627.2,1625.8,1625.8,MPHLIM,362
240,2021-02-26 13:30:00,1627.0,NSE,1627.2,1627.0,1627.0,MPHLIM,419
241,2021-02-26 13:31:00,1627.0,NSE,1627.05,1627.0,1627.0,MPHLIM,674
242,2021-02-26 13:32:00,1627.0,NSE,1627.05,1626.95,1627.0,MPHLIM,526
243,2021-02-26 13:33:00,1627.0,NSE,1627.05,1627.0,1627.0,MPHLIM,915
244,2021-02-26 13:34:00,1627.05,NSE,1627.05,1627.0,1627.0,MPHLIM,357
245,2021-02-26 13:35:00,1627.0,NSE,1627.05,1625.75,1627.0,MPHLIM,3120
246,2021-02-26 13:36:00,1627.05,NSE,1627.05,1626.7,1627.0,MPHLIM,2207
247,2021-02-26 13:37:00,1627.0,NSE,1627.05,1627.0,1627.05,MPHLIM,401
248,2021-02-26 13:38:00,1627.0,NSE,1627.05,1625.45,1627.0,MPHLIM,1088
249,2021-02-26 13:39:00,1627.0,NSE,1627.1,1625.75,1627.0,MPHLIM,497
250,2021-02-26 13:40:00,1627.0,NSE,1627.05,1626.1,1627.0,MPHLIM,394
251,2021-02-26 13:41:00,1627.0,NSE,1627.05,1627.0,1627.05,MPHLIM,549
252,2021-02-26 13:42:00,1627.0,NSE,1627.05,1627.0,1627.0,MPHLIM,363
253,2021-02-26 13:43:00,1627.0,NSE,1627.05,1625.8,1627.0,MPHLIM,1091
254,2021-02-26 13:44:00,1627.05,NSE,1627.15,1627.0,1627.0,MPHLIM,420
255,2021-02-26 13:45:00,1627.0,NSE,1627.05,1627.0,1627.0,MPHLIM,372
256,2021-02-26 13:46:00,1627.05,NSE,1627.05,1626.1,1627.0,MPHLIM,401
257,2021-02-26 13:47:00,1627.0,NSE,1627.05,1626.05,1627.0,MPHLIM,421
258,2021-02-26 13:48:00,1627.0,NSE,1627.05,1626.25,1627.0,MPHLIM,464
259,2021-02-26 13:49:00,1627.0,NSE,1627.05,1626.3,1627.05,MPHLIM,388
260,2021-02-26 13:50:00,1627.0,NSE,1627.05,1626.95,1626.95,MPHLIM,561
261,2021-02-26 13:51:00,1627.05,NSE,1627.05,1626.15,1627.0,MPHLIM,432
262,2021-02-26 13:52:00,1626.3,NSE,1627.0,1626.3,1627.0,MPHLIM,1210
263,2021-02-26 13:53:00,1627.0,NSE,1627.15,1626.7,1627.0,MPHLIM,526
264,2021-02-26 13:54:00,1627.0,NSE,1627.05,1627.0,1627.05,MPHLIM,363
265,2021-02-26 13:55:00,1627.0,NSE,1627.05,1626.3,1627.0,MPHLIM,441
266,2021-02-26 13:56:00,1627.0,NSE,1627.05,1627.0,1627.0,MPHLIM,597
267,2021-02-26 13:57:00,1627.05,NSE,1627.1,1627.0,1627.0,MPHLIM,322
268,2021-02-26 13:58:00,1627.0,NSE,1627.05,1626.1,1627.0,MPHLIM,561
269,2021-02-26 13:59:00,1627.0,NSE,1627.05,1626.1,1627.0,MPHLIM,830
270,2021-02-26 14:00:00,1626.1,NSE,1627.3,1626.1,1626.1,MPHLIM,550
271,2021-02-26 14:01:00,1627.0,NSE,1627.1,1626.25,1627.0,MPHLIM,393
272,2021-02-26 14:02:00,1627.0,NSE,1627.05,1627.0,1627.0,MPHLIM,335
273,2021-02-26 14:03:00,1627.05,NSE,1627.1,1627.0,1627.0,MPHLIM,418
274,2021-02-26 14:04:00,1627.0,NSE,1627.05,1627.0,1627.05,MPHLIM,296
275,2021-02-26 14:05:00,1627.0,NSE,1627.05,1627.0,1627.0,MPHLIM,388
276,2021-02-26 14:06:00,1627.0,NSE,1627.0,1627.0,1627.0,MPHLIM,300
277,2021-02-26 14:07:00,1627.0,NSE,1627.05,1627.0,1627.0,MPHLIM,255
278,2021-02-26 14:08:00,1627.0,NSE,1627.05,1627.0,1627.0,MPHLIM,381
279,2021-02-26 14:09:00,1627.05,NSE,1627.05,1626.95,1627.0,MPHLIM,346
280,2021-02-26 14:10:00,1627.05,NSE,1627.05,1626.55,1627.0,MPHLIM,363
281,2021-02-26 14:11:00,1627.0,NSE,1627.0,1626.15,1627.0,MPHLIM,451
282,2021-02-26 14:12:00,1627.25,NSE,1627.25,1626.2,1627.0,MPHLIM,658
283,2021-02-26 14:13:00,1627.0,NSE,1627.1,1627.0,1627.0,MPHLIM,525
284,2021-02-26 14:14:00,1627.0,NSE,1627.05,1626.95,1627.0,MPHLIM,426
285,2021-02-26 14:15:00,1627.0,NSE,1627.05,1626.15,1627.0,MPHLIM,582
286,2021-02-26 14:16:00,1627.0,NSE,1627.5,1627.0,1627.0,MPHLIM,375
287,2021-02-26 14:17:00,1627.0,NSE,1627.25,1626.15,1627.0,MPHLIM,347
288,2021-02-26 14:18:00,1627.0,NSE,1627.1,1627.0,1627.0,MPHLIM,585
289,2021-02-26 14:19:00,1627.0,NSE,1627.0,1627.0,1627.0,MPHLIM,443
290,2021-02-26 14:20:00,1627.0,NSE,1627.05,1625.55,1627.0,MPHLIM,450
291,2021-02-26 14:21:00,1627.15,NSE,1627.15,1627.0,1627.0,MPHLIM,353
292,2021-02-26 14:22:00,1627.0,NSE,1627.1,1626.0,1627.0,MPHLIM,358
293,2021-02-26 14:23:00,1627.0,NSE,1627.1,1627.0,1627.0,MPHLIM,852
294,2021-02-26 14:24:00,1627.0,NSE,1627.15,1626.7,1626.7,MPHLIM,486
295,2021-02-26 14:25:00,1627.0,NSE,1627.0,1625.55,1627.0,MPHLIM,613
296,2021-02-26 14:26:00,1627.0,NSE,1627.05,1625.8,1627.0,MPHLIM,508
297,2021-02-26 14:27:00,1627.0,NSE,1627.0,1627.0,1627.0,MPHLIM,277
298,2021-02-26 14:28:00,1627.0,NSE,1627.65,1627.0,1627.65,MPHLIM,458
299,2021-02-26 14:29:00,1627.0,NSE,1627.05,1626.1,1627.0,MPHLIM,430
300,2021-02-26 14:30:00,1627.0,NSE,1627.05,1627.0,1627.0,MPHLIM,250
301,2021-02-26 14:31:00,1627.0,NSE,1627.05,1627.0,1627.0,MPHLIM,172
302,2021-02-26 14:32:00,1627.05,NSE,1627.05,1626.95,1627.05,MPHLIM,130
303,2021-02-26 14:33:00,1627.0,NSE,1627.05,1626.1,1627.0,MPHLIM,260
304,2021-02-26 14:34:00,1626.1,NSE,1627.05,1625.8,1627.0,MPHLIM,498
305,2021-02-26 14:35:00,1627.0,NSE,1627.1,1627.0,1627.0,MPHLIM,245
306,2021-02-26 14:36:00,1627.0,NSE,1627.0,1626.1,1626.1,MPHLIM,101
307,2021-02-26 14:37:00,1627.0,NSE,1627.1,1627.0,1627.0,MPHLIM,230
308,2021-02-26 14:38:00,1627.0,NSE,1627.1,1626.1,1627.1,MPHLIM,81
309,2021-02-26 14:39:00,1627.0,NSE,1627.0,1626.15,1627.0,MPHLIM,168
310,2021-02-26 14:40:00,1627.0,NSE,1627.05,1627.0,1627.0,MPHLIM,86
311,2021-02-26 14:41:00,1626.1,NSE,1627.05,1626.1,1627.0,MPHLIM,159
312,2021-02-26 14:42:00,1627.05,NSE,1627.05,1626.4,1627.0,MPHLIM,213
313,2021-02-26 14:43:00,1627.0,NSE,1627.05,1626.1,1627.0,MPHLIM,151
314,2021-02-26 14:44:00,1627.0,NSE,1627.05,1627.0,1627.0,MPHLIM,141
315,2021-02-26 14:45:00,1627.0,NSE,1627.0,1627.0,1627.0,MPHLIM,78
316,2021-02-26 14:46:00,1627.05,NSE,1627.05,1626.15,1627.0,MPHLIM,103
317,2021-02-26 14:47:00,1628.0,NSE,1630.3,1627.0,1627.0,MPHLIM,1644
318,2021-02-26 14:48:00,1626.65,NSE,1629.45,1626.65,1627.05,MPHLIM,366
319,2021-02-26 14:49:00,1629.9,NSE,1629.9,1627.0,1627.0,MPHLIM,361
320,2021-02-26 14:50:00,1629.85,NSE,1629.95,1629.0,1629.95,MPHLIM,313
321,2021-02-26 14:51:00,1628.6,NSE,1632.95,1628.25,1629.1,MPHLIM,1131
322,2021-02-26 14:52:00,1628.3,NSE,1629.4,1628.15,1628.15,MPHLIM,64
323,2021-02-26 14:53:00,1629.7,NSE,1631.25,1628.25,1628.25,MPHLIM,943
324,2021-02-26 14:54:00,1628.75,NSE,1630.4,1628.75,1630.0,MPHLIM,526
325,2021-02-26 14:55:00,1630.0,NSE,1630.45,1630.0,1630.45,MPHLIM,135
326,2021-02-26 14:56:00,1630.0,NSE,1631.25,1628.45,1630.45,MPHLIM,283
327,2021-02-26 14:57:00,1630.0,NSE,1630.75,1630.0,1630.75,MPHLIM,199
328,2021-02-26 14:58:00,1630.0,NSE,1630.05,1628.75,1630.0,MPHLIM,173
329,2021-02-26 14:59:00,1630.0,NSE,1630.05,1630.0,1630.0,MPHLIM,124
330,2021-02-26 15:00:00,1631.0,NSE,1631.0,1630.05,1630.05,MPHLIM,1503
331,2021-02-26 15:01:00,1631.5,NSE,1631.95,1630.65,1630.65,MPHLIM,672
332,2021-02-26 15:02:00,1632.0,NSE,1632.35,1631.95,1631.95,MPHLIM,1251
333,2021-02-26 15:03:00,1632.6,NSE,1632.65,1632.0,1632.0,MPHLIM,911
334,2021-02-26 15:04:00,1632.85,NSE,1633.0,1632.65,1632.65,MPHLIM,1286
335,2021-02-26 15:05:00,1637.8,NSE,1637.9,1632.85,1632.85,MPHLIM,1361
336,2021-02-26 15:06:00,1637.85,NSE,1638.25,1637.65,1637.7,MPHLIM,1951
337,2021-02-26 15:07:00,1635.05,NSE,1638.0,1630.8,1638.0,MPHLIM,4928
338,2021-02-26 15:08:00,1636.55,NSE,1636.55,1635.0,1635.0,MPHLIM,1027
339,2021-02-26 15:09:00,1637.15,NSE,1637.25,1635.55,1635.55,MPHLIM,522
340,2021-02-26 15:10:00,1640.0,NSE,1640.0,1637.1,1637.1,MPHLIM,1103
341,2021-02-26 15:11:00,1644.4,NSE,1644.4,1641.2,1641.2,MPHLIM,1568
342,2021-02-26 15:12:00,1644.15,NSE,1644.2,1643.95,1644.0,MPHLIM,1738
343,2021-02-26 15:13:00,1643.65,NSE,1644.1,1640.25,1644.1,MPHLIM,3694
344,2021-02-26 15:14:00,1647.3,NSE,1647.3,1643.1,1643.1,MPHLIM,1093
345,2021-02-26 15:15:00,1650.3,NSE,1650.3,1647.0,1647.0,MPHLIM,1657
346,2021-02-26 15:16:00,1666.3,NSE,1666.3,1650.45,1650.45,MPHLIM,3151
347,2021-02-26 15:17:00,1652.15,NSE,1666.5,1651.4,1664.95,MPHLIM,6367
348,2021-02-26 15:18:00,1642.9,NSE,1652.7,1641.05,1652.15,MPHLIM,3213
349,2021-02-26 15:19:00,1643.3,NSE,1644.65,1641.3,1642.65,MPHLIM,1291
350,2021-02-26 15:20:00,1648.25,NSE,1648.25,1643.25,1643.25,MPHLIM,1193
351,2021-02-26 15:21:00,1650.4,NSE,1650.4,1648.45,1648.45,MPHLIM,2708
352,2021-02-26 15:22:00,1650.0,NSE,1651.6,1645.05,1650.8,MPHLIM,2492
353,2021-02-26 15:23:00,1650.0,NSE,1650.85,1650.0,1650.05,MPHLIM,1122
354,2021-02-26 15:24:00,1650.0,NSE,1650.15,1650.0,1650.0,MPHLIM,2512
355,2021-02-26 15:25:00,1651.6,NSE,1651.6,1650.0,1650.05,MPHLIM,1491
356,2021-02-26 15:26:00,1651.7,NSE,1651.85,1650.0,1651.6,MPHLIM,1878
357,2021-02-26 15:27:00,1658.0,NSE,1659.7,1649.3,1652.15,MPHLIM,2571
358,2021-02-26 15:28:00,1660.05,NSE,1660.05,1650.3,1658.0,MPHLIM,1997
359,2021-02-26 15:29:00,1660.05,NSE,1664.5,1650.6,1660.0,MPHLIM,1444
