,datetime,close,exchange_code,high,low,open,stock_code,volume
0,2023-07-14 09:07:00,115.7,NSE,115.7,115.7,115.7,TATSTE,0
1,2023-07-14 09:15:00,115.55,NSE,115.75,115.3,115.75,TATSTE,375319
2,2023-07-14 09:16:00,115.4,NSE,115.6,115.35,115.5,TATSTE,141155
3,2023-07-14 09:17:00,115.4,NSE,115.4,115.3,115.3,TATSTE,129781
4,2023-07-14 09:18:00,115.3,NSE,115.45,115.3,115.35,TATSTE,131218
5,2023-07-14 09:19:00,115.25,NSE,115.3,115.15,115.15,TATSTE,216647
6,2023-07-14 09:20:00,115.2,NSE,115.3,115.2,115.3,TATSTE,94489
7,2023-07-14 09:21:00,115.15,NSE,115.25,115.1,115.2,TATSTE,141608
8,2023-07-14 09:22:00,115.0,NSE,115.2,115.0,115.2,TATSTE,104145
9,2023-07-14 09:23:00,115.0,NSE,115.05,114.9,115.0,TATSTE,140421
10,2023-07-14 09:24:00,115.05,NSE,115.05,114.95,115.0,TATSTE,57639
11,2023-07-14 09:25:00,114.95,NSE,115.05,114.95,115.05,TATSTE,78195
12,2023-07-14 09:26:00,114.9,NSE,114.95,114.8,114.95,TATSTE,104017
13,2023-07-14 09:27:00,115.15,NSE,115.15,114.9,114.9,TATSTE,126916
14,2023-07-14 09:28:00,115.25,NSE,115.3,115.2,115.25,TATSTE,139034
15,2023-07-14 09:29:00,115.4,NSE,115.4,115.2,115.25,TATSTE,160091
16,2023-07-14 09:30:00,115.6,NSE,115.65,115.45,115.45,TATSTE,174306
17,2023-07-14 09:31:00,115.55,NSE,115.55,115.4,115.55,TATSTE,203773
18,2023-07-14 09:32:00,115.6,NSE,115.65,115.55,115.6,TATSTE,81404
19,2023-07-14 09:33:00,115.4,NSE,115.55,115.35,115.55,TATSTE,195111
20,2023-07-14 09:34:00,115.45,NSE,115.45,115.35,115.4,TATSTE,144368
21,2023-07-14 09:35:00,115.4,NSE,115.5,115.4,115.45,TATSTE,164248
22,2023-07-14 09:36:00,115.25,NSE,115.45,115.15,115.45,TATSTE,64375
23,2023-07-14 09:37:00,115.3,NSE,115.3,115.2,115.25,TATSTE,30690
24,2023-07-14 09:38:00,115.2,NSE,115.4,115.2,115.25,TATSTE,162634
25,2023-07-14 09:39:00,115.15,NSE,115.2,115.1,115.2,TATSTE,127970
26,2023-07-14 09:40:00,115.2,NSE,115.3,115.2,115.2,TATSTE,56609
27,2023-07-14 09:41:00,115.25,NSE,115.25,115.2,115.25,TATSTE,30801
28,2023-07-14 09:42:00,115.25,NSE,115.35,115.25,115.25,TATSTE,63181
29,2023-07-14 09:43:00,115.25,NSE,115.35,115.2,115.35,TATSTE,49134
30,2023-07-14 09:44:00,115.3,NSE,115.3,115.2,115.25,TATSTE,19458
31,2023-07-14 09:45:00,115.3,NSE,115.35,115.3,115.3,TATSTE,36732
32,2023-07-14 09:46:00,115.35,NSE,115.35,115.3,115.3,TATSTE,31120
33,2023-07-14 09:47:00,115.3,NSE,115.4,115.3,115.3,TATSTE,87515
34,2023-07-14 09:48:00,115.25,NSE,115.3,115.2,115.3,TATSTE,34712
35,2023-07-14 09:49:00,115.2,NSE,115.25,115.15,115.2,TATSTE,24760
36,2023-07-14 09:50:00,115.15,NSE,115.2,115.15,115.15,TATSTE,25818
37,2023-07-14 09:51:00,115.2,NSE,115.2,115.15,115.2,TATSTE,14884
38,2023-07-14 09:52:00,115.1,NSE,115.2,115.1,115.15,TATSTE,76534
39,2023-07-14 09:53:00,115.2,NSE,115.2,115.1,115.15,TATSTE,28766
40,2023-07-14 09:54:00,115.2,NSE,115.2,115.15,115.2,TATSTE,30046
41,2023-07-14 09:55:00,115.15,NSE,115.2,115.15,115.15,TATSTE,55409
42,2023-07-14 09:56:00,115.15,NSE,115.15,115.1,115.1,TATSTE,36096
43,2023-07-14 09:57:00,115.2,NSE,115.2,115.1,115.15,TATSTE,27144
44,2023-07-14 09:58:00,115.15,NSE,115.25,115.15,115.25,TATSTE,43028
45,2023-07-14 09:59:00,115.2,NSE,115.25,115.15,115.15,TATSTE,25918
46,2023-07-14 10:00:00,115.05,NSE,115.1,115.0,115.05,TATSTE,142376
47,2023-07-14 10:01:00,115.1,NSE,115.1,115.0,115.0,TATSTE,22018
48,2023-07-14 10:02:00,115.1,NSE,115.15,115.05,115.1,TATSTE,28946
49,2023-07-14 10:03:00,115.05,NSE,115.1,115.0,115.05,TATSTE,45171
50,2023-07-14 10:04:00,115.0,NSE,115.1,115.0,115.1,TATSTE,128771
51,2023-07-14 10:05:00,115.0,NSE,115.0,114.95,115.0,TATSTE,27894
52,2023-07-14 10:06:00,114.95,NSE,115.0,114.9,115.0,TATSTE,52486
53,2023-07-14 10:07:00,114.95,NSE,114.95,114.9,114.95,TATSTE,56110
54,2023-07-14 10:08:00,114.95,NSE,114.95,114.9,114.95,TATSTE,45644
55,2023-07-14 10:09:00,114.85,NSE,114.95,114.8,114.9,TATSTE,107865
56,2023-07-14 10:10:00,114.85,NSE,114.85,114.8,114.8,TATSTE,25373
57,2023-07-14 10:11:00,115.0,NSE,115.0,114.9,114.95,TATSTE,73699
58,2023-07-14 10:12:00,115.1,NSE,115.1,114.95,115.0,TATSTE,92682
59,2023-07-14 10:13:00,115.15,NSE,115.15,115.1,115.1,TATSTE,56507
60,2023-07-14 10:14:00,115.1,NSE,115.15,115.05,115.15,TATSTE,24556
61,2023-07-14 10:15:00,115.05,NSE,115.1,115.0,115.05,TATSTE,23590
62,2023-07-14 10:16:00,115.1,NSE,115.1,115.0,115.05,TATSTE,20034
63,2023-07-14 10:17:00,115.2,NSE,115.2,115.05,115.05,TATSTE,56411
64,2023-07-14 10:18:00,115.15,NSE,115.2,115.1,115.2,TATSTE,20403
65,2023-07-14 10:19:00,115.15,NSE,115.15,115.05,115.05,TATSTE,22552
66,2023-07-14 10:20:00,115.15,NSE,115.15,115.1,115.15,TATSTE,22658
67,2023-07-14 10:21:00,115.0,NSE,115.1,115.0,115.1,TATSTE,87994
68,2023-07-14 10:22:00,115.0,NSE,115.05,115.0,115.05,TATSTE,16588
69,2023-07-14 10:23:00,115.05,NSE,115.05,115.0,115.0,TATSTE,8626
70,2023-07-14 10:24:00,114.95,NSE,115.05,114.95,115.05,TATSTE,25222
71,2023-07-14 10:25:00,115.0,NSE,115.0,114.95,115.0,TATSTE,24059
72,2023-07-14 10:26:00,114.95,NSE,115.0,114.9,114.95,TATSTE,36452
73,2023-07-14 10:27:00,115.0,NSE,115.0,114.9,114.9,TATSTE,46844
74,2023-07-14 10:28:00,115.2,NSE,115.25,115.0,115.0,TATSTE,68608
75,2023-07-14 10:29:00,115.2,NSE,115.25,115.2,115.25,TATSTE,22489
76,2023-07-14 10:30:00,115.3,NSE,115.3,115.2,115.25,TATSTE,82647
77,2023-07-14 10:31:00,115.15,NSE,115.3,115.15,115.3,TATSTE,39346
78,2023-07-14 10:32:00,115.25,NSE,115.25,115.15,115.2,TATSTE,21079
79,2023-07-14 10:33:00,115.3,NSE,115.3,115.2,115.25,TATSTE,26521
80,2023-07-14 10:34:00,115.25,NSE,115.25,115.2,115.2,TATSTE,28645
81,2023-07-14 10:35:00,115.25,NSE,115.25,115.2,115.25,TATSTE,16725
82,2023-07-14 10:36:00,115.25,NSE,115.25,115.2,115.25,TATSTE,13854
83,2023-07-14 10:37:00,115.2,NSE,115.25,115.2,115.25,TATSTE,22024
84,2023-07-14 10:38:00,115.1,NSE,115.25,115.1,115.2,TATSTE,32142
85,2023-07-14 10:39:00,115.1,NSE,115.2,115.1,115.15,TATSTE,35212
86,2023-07-14 10:40:00,115.15,NSE,115.15,115.1,115.15,TATSTE,15178
87,2023-07-14 10:41:00,115.15,NSE,115.2,115.1,115.15,TATSTE,36432
88,2023-07-14 10:42:00,115.2,NSE,115.2,115.1,115.1,TATSTE,28637
89,2023-07-14 10:43:00,115.2,NSE,115.2,115.15,115.2,TATSTE,24524
90,2023-07-14 10:44:00,115.15,NSE,115.2,115.15,115.15,TATSTE,10109
91,2023-07-14 10:45:00,115.15,NSE,115.2,115.15,115.15,TATSTE,27950
92,2023-07-14 10:46:00,115.1,NSE,115.2,115.0,115.15,TATSTE,34842
93,2023-07-14 10:47:00,115.0,NSE,115.1,115.0,115.1,TATSTE,91228
94,2023-07-14 10:48:00,115.0,NSE,115.05,114.95,114.95,TATSTE,14320
95,2023-07-14 10:49:00,115.05,NSE,115.05,115.0,115.05,TATSTE,16870
96,2023-07-14 10:50:00,115.0,NSE,115.05,115.0,115.0,TATSTE,14408
97,2023-07-14 10:51:00,115.05,NSE,115.05,115.0,115.05,TATSTE,26445
98,2023-07-14 10:52:00,115.0,NSE,115.05,115.0,115.0,TATSTE,21046
99,2023-07-14 10:53:00,115.0,NSE,115.05,114.95,115.05,TATSTE,23125
100,2023-07-14 10:54:00,115.0,NSE,115.0,114.95,115.0,TATSTE,41005
101,2023-07-14 10:55:00,115.2,NSE,115.2,115.05,115.05,TATSTE,56060
102,2023-07-14 10:56:00,115.1,NSE,115.2,115.1,115.2,TATSTE,39756
103,2023-07-14 10:57:00,115.1,NSE,115.2,115.1,115.1,TATSTE,24129
104,2023-07-14 10:58:00,115.2,NSE,115.2,115.1,115.15,TATSTE,57087
105,2023-07-14 10:59:00,115.2,NSE,115.2,115.15,115.2,TATSTE,8847
106,2023-07-14 11:00:00,115.1,NSE,115.2,115.1,115.2,TATSTE,17381
107,2023-07-14 11:01:00,115.2,NSE,115.2,115.1,115.15,TATSTE,20212
108,2023-07-14 11:02:00,115.2,NSE,115.2,115.15,115.2,TATSTE,32709
109,2023-07-14 11:03:00,115.2,NSE,115.2,115.15,115.2,TATSTE,19957
110,2023-07-14 11:04:00,115.2,NSE,115.2,115.15,115.2,TATSTE,17997
111,2023-07-14 11:05:00,115.4,NSE,115.4,115.15,115.15,TATSTE,185855
112,2023-07-14 11:06:00,115.3,NSE,115.4,115.3,115.35,TATSTE,59307
113,2023-07-14 11:07:00,115.35,NSE,115.35,115.25,115.3,TATSTE,51248
114,2023-07-14 11:08:00,115.45,NSE,115.45,115.3,115.35,TATSTE,270319
115,2023-07-14 11:09:00,115.5,NSE,115.55,115.45,115.5,TATSTE,173027
116,2023-07-14 11:10:00,115.65,NSE,115.75,115.5,115.5,TATSTE,237733
117,2023-07-14 11:11:00,115.55,NSE,115.6,115.55,115.6,TATSTE,77025
118,2023-07-14 11:12:00,115.65,NSE,115.7,115.55,115.55,TATSTE,97479
119,2023-07-14 11:13:00,115.7,NSE,115.7,115.65,115.7,TATSTE,30176
120,2023-07-14 11:14:00,115.6,NSE,115.7,115.6,115.7,TATSTE,55437
121,2023-07-14 11:15:00,115.6,NSE,115.65,115.55,115.65,TATSTE,44468
122,2023-07-14 11:16:00,115.55,NSE,115.6,115.55,115.55,TATSTE,67208
123,2023-07-14 11:17:00,115.6,NSE,115.65,115.55,115.65,TATSTE,57721
124,2023-07-14 11:18:00,115.6,NSE,115.6,115.5,115.55,TATSTE,36218
125,2023-07-14 11:19:00,115.6,NSE,115.65,115.6,115.6,TATSTE,144901
126,2023-07-14 11:20:00,115.65,NSE,115.65,115.6,115.65,TATSTE,32899
127,2023-07-14 11:21:00,115.6,NSE,115.65,115.55,115.65,TATSTE,81379
128,2023-07-14 11:22:00,115.6,NSE,115.6,115.55,115.6,TATSTE,22139
129,2023-07-14 11:23:00,115.6,NSE,115.6,115.55,115.6,TATSTE,27474
130,2023-07-14 11:24:00,115.6,NSE,115.6,115.55,115.6,TATSTE,36877
131,2023-07-14 11:25:00,115.6,NSE,115.6,115.5,115.6,TATSTE,46789
132,2023-07-14 11:26:00,115.6,NSE,115.6,115.55,115.6,TATSTE,17310
133,2023-07-14 11:27:00,115.55,NSE,115.6,115.55,115.6,TATSTE,22796
134,2023-07-14 11:28:00,115.55,NSE,115.6,115.55,115.6,TATSTE,39927
135,2023-07-14 11:29:00,115.7,NSE,115.7,115.55,115.55,TATSTE,97681
136,2023-07-14 11:30:00,115.7,NSE,115.7,115.65,115.65,TATSTE,29642
137,2023-07-14 11:31:00,115.6,NSE,115.7,115.6,115.7,TATSTE,68831
138,2023-07-14 11:32:00,115.6,NSE,115.6,115.55,115.6,TATSTE,15707
139,2023-07-14 11:33:00,115.55,NSE,115.6,115.55,115.6,TATSTE,32653
140,2023-07-14 11:34:00,115.55,NSE,115.6,115.55,115.6,TATSTE,20444
141,2023-07-14 11:35:00,115.6,NSE,115.6,115.55,115.6,TATSTE,21594
142,2023-07-14 11:36:00,115.6,NSE,115.6,115.55,115.55,TATSTE,17295
143,2023-07-14 11:37:00,115.6,NSE,115.6,115.55,115.55,TATSTE,15198
144,2023-07-14 11:38:00,115.6,NSE,115.6,115.55,115.55,TATSTE,22134
145,2023-07-14 11:39:00,115.55,NSE,115.6,115.55,115.6,TATSTE,14884
146,2023-07-14 11:40:00,115.6,NSE,115.6,115.5,115.55,TATSTE,35223
147,2023-07-14 11:41:00,115.55,NSE,115.6,115.5,115.55,TATSTE,33885
148,2023-07-14 11:42:00,115.5,NSE,115.6,115.5,115.55,TATSTE,24691
149,2023-07-14 11:43:00,115.5,NSE,115.55,115.5,115.55,TATSTE,24102
150,2023-07-14 11:44:00,115.5,NSE,115.55,115.5,115.55,TATSTE,20071
151,2023-07-14 11:45:00,115.5,NSE,115.55,115.45,115.5,TATSTE,47718
152,2023-07-14 11:46:00,115.5,NSE,115.5,115.45,115.45,TATSTE,20434
153,2023-07-14 11:47:00,115.45,NSE,115.5,115.45,115.5,TATSTE,19839
154,2023-07-14 11:48:00,115.45,NSE,115.5,115.35,115.45,TATSTE,73365
155,2023-07-14 11:49:00,115.5,NSE,115.55,115.45,115.45,TATSTE,26679
156,2023-07-14 11:50:00,115.5,NSE,115.5,115.45,115.45,TATSTE,14744
157,2023-07-14 11:51:00,115.5,NSE,115.5,115.45,115.5,TATSTE,19236
158,2023-07-14 11:52:00,115.5,NSE,115.55,115.45,115.5,TATSTE,32057
159,2023-07-14 11:53:00,115.55,NSE,115.6,115.55,115.55,TATSTE,43603
160,2023-07-14 11:54:00,115.55,NSE,115.6,115.55,115.55,TATSTE,16674
161,2023-07-14 11:55:00,115.55,NSE,115.6,115.55,115.55,TATSTE,19707
162,2023-07-14 11:56:00,115.65,NSE,115.65,115.55,115.6,TATSTE,71286
163,2023-07-14 11:57:00,115.6,NSE,115.65,115.6,115.6,TATSTE,16519
164,2023-07-14 11:58:00,115.65,NSE,115.65,115.6,115.6,TATSTE,23739
165,2023-07-14 11:59:00,115.65,NSE,115.65,115.6,115.6,TATSTE,26795
166,2023-07-14 12:00:00,115.6,NSE,115.65,115.6,115.65,TATSTE,17765
167,2023-07-14 12:01:00,115.65,NSE,115.65,115.6,115.6,TATSTE,17110
168,2023-07-14 12:02:00,115.6,NSE,115.65,115.55,115.65,TATSTE,72486
169,2023-07-14 12:03:00,115.55,NSE,115.6,115.5,115.55,TATSTE,34019
170,2023-07-14 12:04:00,115.55,NSE,115.6,115.5,115.55,TATSTE,16728
171,2023-07-14 12:05:00,115.65,NSE,115.65,115.55,115.55,TATSTE,31182
172,2023-07-14 12:06:00,115.6,NSE,115.65,115.55,115.6,TATSTE,34437
173,2023-07-14 12:07:00,115.6,NSE,115.6,115.55,115.6,TATSTE,27969
174,2023-07-14 12:08:00,115.6,NSE,115.6,115.55,115.6,TATSTE,28316
175,2023-07-14 12:09:00,115.6,NSE,115.6,115.55,115.6,TATSTE,14838
176,2023-07-14 12:10:00,115.55,NSE,115.55,115.5,115.55,TATSTE,33827
177,2023-07-14 12:11:00,115.55,NSE,115.6,115.5,115.55,TATSTE,53740
178,2023-07-14 12:12:00,115.65,NSE,115.65,115.5,115.5,TATSTE,92107
179,2023-07-14 12:13:00,115.7,NSE,115.7,115.6,115.65,TATSTE,117605
180,2023-07-14 12:14:00,115.7,NSE,115.7,115.65,115.65,TATSTE,38597
181,2023-07-14 12:15:00,115.7,NSE,115.75,115.65,115.7,TATSTE,66464
182,2023-07-14 12:16:00,115.75,NSE,115.75,115.65,115.7,TATSTE,42683
183,2023-07-14 12:17:00,115.7,NSE,115.75,115.7,115.7,TATSTE,64142
184,2023-07-14 12:18:00,115.7,NSE,115.75,115.7,115.75,TATSTE,71993
185,2023-07-14 12:19:00,115.65,NSE,115.65,115.6,115.65,TATSTE,35590
186,2023-07-14 12:20:00,115.65,NSE,115.65,115.6,115.6,TATSTE,24397
187,2023-07-14 12:21:00,115.7,NSE,115.7,115.6,115.6,TATSTE,33057
188,2023-07-14 12:22:00,115.65,NSE,115.7,115.65,115.65,TATSTE,20894
189,2023-07-14 12:23:00,115.65,NSE,115.7,115.6,115.65,TATSTE,22652
190,2023-07-14 12:24:00,115.8,NSE,115.8,115.55,115.6,TATSTE,555196
191,2023-07-14 12:25:00,115.9,NSE,115.9,115.75,115.8,TATSTE,208440
192,2023-07-14 12:26:00,115.9,NSE,115.9,115.85,115.9,TATSTE,23426
193,2023-07-14 12:27:00,115.85,NSE,115.9,115.8,115.85,TATSTE,50199
194,2023-07-14 12:28:00,115.8,NSE,115.85,115.8,115.85,TATSTE,17991
195,2023-07-14 12:29:00,115.8,NSE,115.85,115.75,115.85,TATSTE,64291
196,2023-07-14 12:30:00,115.75,NSE,115.8,115.75,115.8,TATSTE,26468
197,2023-07-14 12:31:00,115.8,NSE,115.8,115.75,115.75,TATSTE,16304
198,2023-07-14 12:32:00,115.75,NSE,115.8,115.75,115.8,TATSTE,31851
199,2023-07-14 12:33:00,115.75,NSE,115.8,115.75,115.8,TATSTE,35308
200,2023-07-14 12:34:00,115.75,NSE,115.8,115.7,115.75,TATSTE,58247
201,2023-07-14 12:35:00,115.75,NSE,115.75,115.7,115.7,TATSTE,13479
202,2023-07-14 12:36:00,115.75,NSE,115.8,115.7,115.75,TATSTE,26817
203,2023-07-14 12:37:00,115.75,NSE,115.75,115.7,115.7,TATSTE,17946
204,2023-07-14 12:38:00,115.75,NSE,115.8,115.7,115.75,TATSTE,20307
205,2023-07-14 12:39:00,115.8,NSE,115.8,115.75,115.8,TATSTE,22466
206,2023-07-14 12:40:00,115.8,NSE,115.8,115.75,115.75,TATSTE,45587
207,2023-07-14 12:41:00,115.75,NSE,115.8,115.75,115.8,TATSTE,18569
208,2023-07-14 12:42:00,115.8,NSE,115.8,115.75,115.75,TATSTE,22462
209,2023-07-14 12:43:00,115.8,NSE,115.8,115.75,115.75,TATSTE,28194
210,2023-07-14 12:44:00,115.8,NSE,115.8,115.75,115.75,TATSTE,18981
211,2023-07-14 12:45:00,115.8,NSE,115.8,115.75,115.75,TATSTE,19367
212,2023-07-14 12:46:00,115.75,NSE,115.8,115.7,115.8,TATSTE,39975
213,2023-07-14 12:47:00,115.75,NSE,115.75,115.7,115.75,TATSTE,26962
214,2023-07-14 12:48:00,115.75,NSE,115.75,115.7,115.75,TATSTE,19596
215,2023-07-14 12:49:00,115.7,NSE,115.75,115.65,115.7,TATSTE,32452
216,2023-07-14 12:50:00,115.55,NSE,115.7,115.55,115.7,TATSTE,69685
217,2023-07-14 12:51:00,115.65,NSE,115.65,115.55,115.6,TATSTE,47055
218,2023-07-14 12:52:00,115.65,NSE,115.65,115.6,115.65,TATSTE,26145
219,2023-07-14 12:53:00,115.6,NSE,115.65,115.55,115.6,TATSTE,25092
220,2023-07-14 12:54:00,115.6,NSE,115.65,115.6,115.65,TATSTE,28084
221,2023-07-14 12:55:00,115.65,NSE,115.65,115.6,115.6,TATSTE,26438
222,2023-07-14 12:56:00,115.65,NSE,115.65,115.6,115.6,TATSTE,25117
223,2023-07-14 12:57:00,115.65,NSE,115.65,115.6,115.6,TATSTE,17387
224,2023-07-14 12:58:00,115.65,NSE,115.65,115.6,115.65,TATSTE,18073
225,2023-07-14 12:59:00,115.7,NSE,115.7,115.6,115.6,TATSTE,80320
226,2023-07-14 13:00:00,115.7,NSE,115.7,115.65,115.7,TATSTE,17972
227,2023-07-14 13:01:00,115.7,NSE,115.7,115.65,115.7,TATSTE,44882
228,2023-07-14 13:02:00,115.75,NSE,115.75,115.65,115.7,TATSTE,37490
229,2023-07-14 13:03:00,115.7,NSE,115.75,115.65,115.7,TATSTE,61889
230,2023-07-14 13:04:00,115.65,NSE,115.7,115.6,115.65,TATSTE,52388
231,2023-07-14 13:05:00,115.65,NSE,115.65,115.6,115.65,TATSTE,19212
232,2023-07-14 13:06:00,115.6,NSE,115.65,115.6,115.65,TATSTE,12180
233,2023-07-14 13:07:00,115.65,NSE,115.65,115.6,115.6,TATSTE,19215
234,2023-07-14 13:08:00,115.6,NSE,115.65,115.6,115.6,TATSTE,16130
235,2023-07-14 13:09:00,115.6,NSE,115.65,115.6,115.65,TATSTE,26316
236,2023-07-14 13:10:00,115.7,NSE,115.7,115.6,115.65,TATSTE,31127
237,2023-07-14 13:11:00,115.7,NSE,115.7,115.65,115.7,TATSTE,16898
238,2023-07-14 13:12:00,115.7,NSE,115.7,115.65,115.65,TATSTE,17934
239,2023-07-14 13:13:00,115.7,NSE,115.7,115.65,115.65,TATSTE,15475
240,2023-07-14 13:14:00,115.7,NSE,115.7,115.65,115.65,TATSTE,18312
241,2023-07-14 13:15:00,115.7,NSE,115.75,115.65,115.7,TATSTE,21984
242,2023-07-14 13:16:00,115.75,NSE,115.75,115.7,115.7,TATSTE,15870
243,2023-07-14 13:17:00,115.75,NSE,115.75,115.7,115.75,TATSTE,24892
244,2023-07-14 13:18:00,115.65,NSE,115.75,115.65,115.7,TATSTE,38837
245,2023-07-14 13:19:00,115.7,NSE,115.75,115.65,115.7,TATSTE,19885
246,2023-07-14 13:20:00,115.65,NSE,115.7,115.65,115.65,TATSTE,24534
247,2023-07-14 13:21:00,115.65,NSE,115.7,115.6,115.65,TATSTE,15801
248,2023-07-14 13:22:00,115.65,NSE,115.7,115.6,115.6,TATSTE,25392
249,2023-07-14 13:23:00,115.7,NSE,115.7,115.65,115.7,TATSTE,20360
250,2023-07-14 13:24:00,115.7,NSE,115.7,115.65,115.7,TATSTE,16321
251,2023-07-14 13:25:00,115.7,NSE,115.7,115.65,115.7,TATSTE,15449
252,2023-07-14 13:26:00,115.7,NSE,115.7,115.65,115.7,TATSTE,14827
253,2023-07-14 13:27:00,115.7,NSE,115.7,115.65,115.7,TATSTE,14367
254,2023-07-14 13:28:00,115.6,NSE,115.7,115.6,115.65,TATSTE,36115
255,2023-07-14 13:29:00,115.65,NSE,115.65,115.6,115.6,TATSTE,66267
256,2023-07-14 13:30:00,115.7,NSE,115.7,115.6,115.65,TATSTE,29316
257,2023-07-14 13:31:00,115.7,NSE,115.7,115.65,115.65,TATSTE,20638
258,2023-07-14 13:32:00,115.65,NSE,115.7,115.6,115.65,TATSTE,23958
259,2023-07-14 13:33:00,115.65,NSE,115.7,115.6,115.7,TATSTE,21294
260,2023-07-14 13:34:00,115.65,NSE,115.7,115.6,115.6,TATSTE,16462
261,2023-07-14 13:35:00,115.6,NSE,115.65,115.6,115.65,TATSTE,23730
262,2023-07-14 13:36:00,115.65,NSE,115.65,115.6,115.6,TATSTE,28091
263,2023-07-14 13:37:00,115.55,NSE,115.65,115.5,115.6,TATSTE,42410
264,2023-07-14 13:38:00,115.55,NSE,115.55,115.5,115.5,TATSTE,19850
265,2023-07-14 13:39:00,115.55,NSE,115.55,115.5,115.55,TATSTE,21272
266,2023-07-14 13:40:00,115.6,NSE,115.6,115.5,115.5,TATSTE,45364
267,2023-07-14 13:41:00,115.65,NSE,115.65,115.55,115.55,TATSTE,26905
268,2023-07-14 13:42:00,115.65,NSE,115.65,115.6,115.65,TATSTE,26525
269,2023-07-14 13:43:00,115.65,NSE,115.65,115.6,115.6,TATSTE,33201
270,2023-07-14 13:44:00,115.6,NSE,115.65,115.6,115.6,TATSTE,13213
271,2023-07-14 13:45:00,115.65,NSE,115.65,115.6,115.6,TATSTE,19416
272,2023-07-14 13:46:00,115.7,NSE,115.7,115.6,115.6,TATSTE,56108
273,2023-07-14 13:47:00,115.65,NSE,115.7,115.6,115.65,TATSTE,73270
274,2023-07-14 13:48:00,115.65,NSE,115.7,115.6,115.65,TATSTE,15960
275,2023-07-14 13:49:00,115.55,NSE,115.7,115.55,115.6,TATSTE,43080
276,2023-07-14 13:50:00,115.6,NSE,115.6,115.55,115.55,TATSTE,18464
277,2023-07-14 13:51:00,115.6,NSE,115.65,115.55,115.55,TATSTE,40418
278,2023-07-14 13:52:00,115.7,NSE,115.7,115.6,115.65,TATSTE,33309
279,2023-07-14 13:53:00,115.7,NSE,115.7,115.65,115.65,TATSTE,28534
280,2023-07-14 13:54:00,115.7,NSE,115.7,115.65,115.65,TATSTE,23011
281,2023-07-14 13:55:00,115.7,NSE,115.7,115.65,115.65,TATSTE,23999
282,2023-07-14 13:56:00,115.65,NSE,115.7,115.65,115.7,TATSTE,27216
283,2023-07-14 13:57:00,115.7,NSE,115.7,115.65,115.7,TATSTE,23702
284,2023-07-14 13:58:00,115.7,NSE,115.7,115.65,115.65,TATSTE,51120
285,2023-07-14 13:59:00,115.7,NSE,115.7,115.65,115.7,TATSTE,14041
286,2023-07-14 14:00:00,115.75,NSE,115.75,115.65,115.7,TATSTE,72759
287,2023-07-14 14:01:00,115.8,NSE,115.8,115.7,115.75,TATSTE,46406
288,2023-07-14 14:02:00,115.9,NSE,115.9,115.75,115.8,TATSTE,181389
289,2023-07-14 14:03:00,115.95,NSE,116.0,115.85,115.85,TATSTE,339703
290,2023-07-14 14:04:00,116.25,NSE,116.25,115.95,116.0,TATSTE,818771
291,2023-07-14 14:05:00,116.4,NSE,116.4,116.25,116.25,TATSTE,343723
292,2023-07-14 14:06:00,116.25,NSE,116.4,116.2,116.4,TATSTE,217209
293,2023-07-14 14:07:00,116.1,NSE,116.25,116.0,116.25,TATSTE,165126
294,2023-07-14 14:08:00,116.15,NSE,116.15,116.05,116.15,TATSTE,49135
295,2023-07-14 14:09:00,116.15,NSE,116.15,116.1,116.1,TATSTE,54685
296,2023-07-14 14:10:00,116.0,NSE,116.15,116.0,116.15,TATSTE,91734
297,2023-07-14 14:11:00,116.05,NSE,116.1,116.0,116.0,TATSTE,50283
298,2023-07-14 14:12:00,116.0,NSE,116.1,116.0,116.05,TATSTE,56396
299,2023-07-14 14:13:00,116.0,NSE,116.05,116.0,116.0,TATSTE,94194
300,2023-07-14 14:14:00,116.05,NSE,116.1,116.0,116.0,TATSTE,36851
301,2023-07-14 14:15:00,116.05,NSE,116.1,116.05,116.1,TATSTE,34834
302,2023-07-14 14:16:00,116.1,NSE,116.1,116.05,116.05,TATSTE,26089
303,2023-07-14 14:17:00,116.15,NSE,116.15,116.05,116.05,TATSTE,89776
304,2023-07-14 14:18:00,116.05,NSE,116.15,116.05,116.15,TATSTE,65611
305,2023-07-14 14:19:00,116.05,NSE,116.1,116.05,116.1,TATSTE,30402
306,2023-07-14 14:20:00,116.05,NSE,116.1,116.05,116.05,TATSTE,32119
307,2023-07-14 14:21:00,116.05,NSE,116.1,116.05,116.1,TATSTE,31668
308,2023-07-14 14:22:00,116.15,NSE,116.2,116.05,116.05,TATSTE,73417
309,2023-07-14 14:23:00,116.15,NSE,116.2,116.1,116.2,TATSTE,59529
310,2023-07-14 14:24:00,116.1,NSE,116.2,116.1,116.15,TATSTE,63418
311,2023-07-14 14:25:00,116.15,NSE,116.15,116.1,116.1,TATSTE,28774
312,2023-07-14 14:26:00,116.15,NSE,116.15,116.1,116.1,TATSTE,22030
313,2023-07-14 14:27:00,116.1,NSE,116.15,116.1,116.1,TATSTE,45660
314,2023-07-14 14:28:00,116.15,NSE,116.15,116.05,116.1,TATSTE,104779
315,2023-07-14 14:29:00,116.3,NSE,116.3,116.2,116.2,TATSTE,303084
316,2023-07-14 14:30:00,116.35,NSE,116.4,116.25,116.3,TATSTE,136260
317,2023-07-14 14:31:00,116.5,NSE,116.5,116.35,116.4,TATSTE,423783
318,2023-07-14 14:32:00,116.4,NSE,116.5,116.35,116.45,TATSTE,132166
319,2023-07-14 14:33:00,116.4,NSE,116.4,116.35,116.4,TATSTE,89013
320,2023-07-14 14:34:00,116.4,NSE,116.45,116.35,116.45,TATSTE,58079
321,2023-07-14 14:35:00,116.4,NSE,116.4,116.35,116.4,TATSTE,60006
322,2023-07-14 14:36:00,116.4,NSE,116.4,116.35,116.4,TATSTE,72053
323,2023-07-14 14:37:00,116.4,NSE,116.45,116.35,116.35,TATSTE,117238
324,2023-07-14 14:38:00,116.4,NSE,116.45,116.35,116.45,TATSTE,46951
325,2023-07-14 14:39:00,116.45,NSE,116.45,116.4,116.4,TATSTE,61769
326,2023-07-14 14:40:00,116.4,NSE,116.45,116.4,116.45,TATSTE,50274
327,2023-07-14 14:41:00,116.45,NSE,116.45,116.35,116.45,TATSTE,58308
328,2023-07-14 14:42:00,116.4,NSE,116.45,116.35,116.4,TATSTE,44850
329,2023-07-14 14:43:00,116.3,NSE,116.4,116.3,116.4,TATSTE,97184
330,2023-07-14 14:44:00,116.35,NSE,116.4,116.3,116.3,TATSTE,162765
331,2023-07-14 14:45:00,116.35,NSE,116.4,116.3,116.3,TATSTE,70190
332,2023-07-14 14:46:00,116.4,NSE,116.4,116.35,116.4,TATSTE,55935
333,2023-07-14 14:47:00,116.4,NSE,116.4,116.35,116.4,TATSTE,74177
334,2023-07-14 14:48:00,116.35,NSE,116.4,116.35,116.35,TATSTE,44694
335,2023-07-14 14:49:00,116.35,NSE,116.4,116.3,116.4,TATSTE,53098
336,2023-07-14 14:50:00,116.3,NSE,116.4,116.3,116.35,TATSTE,57970
337,2023-07-14 14:51:00,116.4,NSE,116.45,116.35,116.35,TATSTE,144248
338,2023-07-14 14:52:00,116.45,NSE,116.45,116.4,116.45,TATSTE,128059
339,2023-07-14 14:53:00,116.35,NSE,116.4,116.3,116.35,TATSTE,137276
340,2023-07-14 14:54:00,116.3,NSE,116.35,116.25,116.3,TATSTE,62845
341,2023-07-14 14:55:00,116.3,NSE,116.35,116.25,116.35,TATSTE,84658
342,2023-07-14 14:56:00,116.35,NSE,116.35,116.25,116.3,TATSTE,74943
343,2023-07-14 14:57:00,116.3,NSE,116.35,116.25,116.35,TATSTE,79898
344,2023-07-14 14:58:00,116.3,NSE,116.35,116.3,116.3,TATSTE,74061
345,2023-07-14 14:59:00,116.3,NSE,116.4,116.3,116.3,TATSTE,71374
346,2023-07-14 15:00:00,116.45,NSE,116.45,116.25,116.35,TATSTE,204240
347,2023-07-14 15:01:00,116.4,NSE,116.4,116.35,116.4,TATSTE,199955
348,2023-07-14 15:02:00,116.5,NSE,116.5,116.4,116.45,TATSTE,215444
349,2023-07-14 15:03:00,116.6,NSE,116.6,116.45,116.45,TATSTE,598910
350,2023-07-14 15:04:00,116.6,NSE,116.65,116.55,116.6,TATSTE,384448
351,2023-07-14 15:05:00,116.7,NSE,116.75,116.6,116.7,TATSTE,340631
352,2023-07-14 15:06:00,116.85,NSE,116.9,116.7,116.75,TATSTE,674765
353,2023-07-14 15:07:00,116.9,NSE,116.95,116.8,116.9,TATSTE,437470
354,2023-07-14 15:08:00,116.95,NSE,117.0,116.9,116.95,TATSTE,455435
355,2023-07-14 15:09:00,116.95,NSE,117.0,116.85,117.0,TATSTE,293695
356,2023-07-14 15:10:00,116.95,NSE,116.95,116.85,116.9,TATSTE,314820
357,2023-07-14 15:11:00,116.95,NSE,116.95,116.85,116.95,TATSTE,217935
358,2023-07-14 15:12:00,116.95,NSE,117.0,116.85,116.9,TATSTE,329795
359,2023-07-14 15:13:00,116.95,NSE,117.0,116.95,117.0,TATSTE,274050
360,2023-07-14 15:14:00,117.0,NSE,117.0,116.9,116.95,TATSTE,327891
361,2023-07-14 15:15:00,116.9,NSE,117.0,116.9,116.95,TATSTE,374019
362,2023-07-14 15:16:00,117.0,NSE,117.0,116.9,116.95,TATSTE,312683
363,2023-07-14 15:17:00,117.0,NSE,117.0,116.95,116.95,TATSTE,706450
364,2023-07-14 15:18:00,117.1,NSE,117.1,116.95,117.0,TATSTE,883747
365,2023-07-14 15:19:00,117.25,NSE,117.25,117.1,117.1,TATSTE,611568
366,2023-07-14 15:20:00,117.35,NSE,117.45,117.2,117.2,TATSTE,663716
367,2023-07-14 15:21:00,117.4,NSE,117.5,117.35,117.4,TATSTE,545406
368,2023-07-14 15:22:00,117.4,NSE,117.45,117.35,117.45,TATSTE,329699
369,2023-07-14 15:23:00,117.45,NSE,117.5,117.35,117.4,TATSTE,571477
370,2023-07-14 15:24:00,117.4,NSE,117.5,117.4,117.4,TATSTE,353650
371,2023-07-14 15:25:00,117.55,NSE,117.6,117.4,117.45,TATSTE,847323
372,2023-07-14 15:26:00,117.65,NSE,117.7,117.5,117.55,TATSTE,427028
373,2023-07-14 15:27:00,117.55,NSE,117.7,117.5,117.7,TATSTE,543925
374,2023-07-14 15:28:00,117.6,NSE,117.7,117.55,117.65,TATSTE,642150
375,2023-07-14 15:29:00,117.65,NSE,117.85,117.6,117.65,TATSTE,699361
