,datetime,close,exchange_code,high,low,open,stock_code,volume
0,2022-07-20 09:07:00,884.7,NSE,884.7,884.7,884.7,SUNPHA,3307
1,2022-07-20 09:15:00,881.1,NSE,884.4,879.25,883.0,SUNPHA,28658
2,2022-07-20 09:16:00,882.65,NSE,884.65,881.95,881.95,SUNPHA,10884
3,2022-07-20 09:17:00,881.95,NSE,882.6,881.05,882.45,SUNPHA,10280
4,2022-07-20 09:18:00,880.45,NSE,881.95,880.05,881.8,SUNPHA,5391
5,2022-07-20 09:19:00,880.0,NSE,880.95,880.0,880.45,SUNPHA,5060
6,2022-07-20 09:20:00,879.7,NSE,880.65,879.65,880.0,SUNPHA,8669
7,2022-07-20 09:21:00,880.15,NSE,880.35,879.25,879.3,SUNPHA,7888
8,2022-07-20 09:22:00,880.25,NSE,881.3,880.0,880.0,SUNPHA,8946
9,2022-07-20 09:23:00,880.5,NSE,881.15,880.15,880.35,SUNPHA,3999
10,2022-07-20 09:24:00,880.1,NSE,881.35,880.0,880.95,SUNPHA,7474
11,2022-07-20 09:25:00,879.7,NSE,880.45,879.6,880.2,SUNPHA,5120
12,2022-07-20 09:26:00,880.45,NSE,880.45,879.7,879.9,SUNPHA,3137
13,2022-07-20 09:27:00,880.65,NSE,881.1,880.35,880.4,SUNPHA,5960
14,2022-07-20 09:28:00,880.75,NSE,881.1,880.65,880.85,SUNPHA,2919
15,2022-07-20 09:29:00,881.4,NSE,881.4,880.1,880.7,SUNPHA,5551
16,2022-07-20 09:30:00,882.15,NSE,882.15,881.3,881.5,SUNPHA,4439
17,2022-07-20 09:31:00,882.15,NSE,882.9,881.8,882.25,SUNPHA,7522
18,2022-07-20 09:32:00,882.2,NSE,882.25,881.8,881.8,SUNPHA,2693
19,2022-07-20 09:33:00,882.15,NSE,882.4,882.0,882.2,SUNPHA,3119
20,2022-07-20 09:34:00,881.4,NSE,882.95,881.05,882.15,SUNPHA,12683
21,2022-07-20 09:35:00,881.7,NSE,882.0,881.4,881.4,SUNPHA,2027
22,2022-07-20 09:36:00,882.05,NSE,882.2,881.7,881.7,SUNPHA,1655
23,2022-07-20 09:37:00,881.4,NSE,882.2,881.4,882.05,SUNPHA,5072
24,2022-07-20 09:38:00,881.55,NSE,881.8,881.3,881.8,SUNPHA,1431
25,2022-07-20 09:39:00,881.0,NSE,881.55,880.5,881.3,SUNPHA,3902
26,2022-07-20 09:40:00,881.65,NSE,881.65,881.05,881.15,SUNPHA,3069
27,2022-07-20 09:41:00,882.1,NSE,882.35,881.7,881.7,SUNPHA,1800
28,2022-07-20 09:42:00,882.7,NSE,882.95,882.2,882.25,SUNPHA,3079
29,2022-07-20 09:43:00,882.5,NSE,882.85,882.5,882.6,SUNPHA,3359
30,2022-07-20 09:44:00,882.1,NSE,882.5,882.1,882.5,SUNPHA,2106
31,2022-07-20 09:45:00,882.0,NSE,882.25,881.95,881.95,SUNPHA,1733
32,2022-07-20 09:46:00,882.2,NSE,882.3,881.9,882.15,SUNPHA,1168
33,2022-07-20 09:47:00,882.35,NSE,882.5,882.0,882.0,SUNPHA,3029
34,2022-07-20 09:48:00,882.15,NSE,882.5,882.1,882.35,SUNPHA,1110
35,2022-07-20 09:49:00,882.85,NSE,882.85,882.0,882.3,SUNPHA,5076
36,2022-07-20 09:50:00,883.5,NSE,883.5,882.6,882.6,SUNPHA,6110
37,2022-07-20 09:51:00,883.25,NSE,883.5,883.0,883.5,SUNPHA,6356
38,2022-07-20 09:52:00,883.25,NSE,883.4,883.05,883.25,SUNPHA,1394
39,2022-07-20 09:53:00,883.4,NSE,883.4,883.0,883.2,SUNPHA,3292
40,2022-07-20 09:54:00,883.35,NSE,883.4,883.0,883.35,SUNPHA,2013
41,2022-07-20 09:55:00,883.2,NSE,883.35,883.15,883.15,SUNPHA,2039
42,2022-07-20 09:56:00,883.3,NSE,883.3,883.05,883.25,SUNPHA,2358
43,2022-07-20 09:57:00,883.55,NSE,883.65,883.0,883.05,SUNPHA,9873
44,2022-07-20 09:58:00,883.2,NSE,883.55,882.55,883.3,SUNPHA,15120
45,2022-07-20 09:59:00,881.75,NSE,883.2,881.25,882.95,SUNPHA,4574
46,2022-07-20 10:00:00,881.8,NSE,882.0,881.4,881.4,SUNPHA,1202
47,2022-07-20 10:01:00,881.6,NSE,881.85,881.45,881.5,SUNPHA,701
48,2022-07-20 10:02:00,880.65,NSE,881.6,880.65,881.6,SUNPHA,3035
49,2022-07-20 10:03:00,881.0,NSE,881.35,880.4,880.65,SUNPHA,4099
50,2022-07-20 10:04:00,880.65,NSE,881.0,880.5,880.9,SUNPHA,1129
51,2022-07-20 10:05:00,880.35,NSE,881.0,880.0,881.0,SUNPHA,2818
52,2022-07-20 10:06:00,880.25,NSE,880.3,880.0,880.0,SUNPHA,924
53,2022-07-20 10:07:00,880.45,NSE,880.45,879.55,880.25,SUNPHA,3019
54,2022-07-20 10:08:00,880.25,NSE,880.4,880.05,880.05,SUNPHA,1052
55,2022-07-20 10:09:00,880.1,NSE,880.4,880.05,880.4,SUNPHA,1216
56,2022-07-20 10:10:00,879.15,NSE,880.0,878.5,880.0,SUNPHA,9549
57,2022-07-20 10:11:00,879.15,NSE,879.8,879.15,879.55,SUNPHA,6262
58,2022-07-20 10:12:00,878.7,NSE,879.5,878.45,879.5,SUNPHA,2533
59,2022-07-20 10:13:00,878.1,NSE,878.7,877.6,878.7,SUNPHA,13506
60,2022-07-20 10:14:00,878.0,NSE,878.85,878.0,878.1,SUNPHA,14129
61,2022-07-20 10:15:00,878.15,NSE,878.4,878.0,878.0,SUNPHA,8838
62,2022-07-20 10:16:00,879.0,NSE,879.0,878.2,878.5,SUNPHA,120056
63,2022-07-20 10:17:00,877.95,NSE,879.0,877.4,878.75,SUNPHA,22491
64,2022-07-20 10:18:00,877.4,NSE,877.95,877.05,877.75,SUNPHA,3177
65,2022-07-20 10:19:00,877.45,NSE,877.75,877.0,877.1,SUNPHA,8190
66,2022-07-20 10:20:00,876.25,NSE,877.45,876.25,877.3,SUNPHA,7213
67,2022-07-20 10:21:00,876.05,NSE,876.95,876.0,876.25,SUNPHA,4779
68,2022-07-20 10:22:00,876.15,NSE,876.75,876.05,876.15,SUNPHA,8041
69,2022-07-20 10:23:00,877.0,NSE,877.0,876.2,876.35,SUNPHA,9403
70,2022-07-20 10:24:00,876.2,NSE,877.45,876.2,877.0,SUNPHA,6918
71,2022-07-20 10:25:00,876.55,NSE,876.55,876.2,876.2,SUNPHA,3989
72,2022-07-20 10:26:00,877.15,NSE,877.35,876.3,876.55,SUNPHA,7461
73,2022-07-20 10:27:00,877.6,NSE,877.6,877.0,877.15,SUNPHA,7976
74,2022-07-20 10:28:00,878.35,NSE,878.35,877.9,877.9,SUNPHA,4661
75,2022-07-20 10:29:00,878.4,NSE,878.45,878.1,878.35,SUNPHA,2740
76,2022-07-20 10:30:00,877.65,NSE,878.4,877.5,878.25,SUNPHA,3458
77,2022-07-20 10:31:00,878.15,NSE,878.4,877.65,877.65,SUNPHA,2799
78,2022-07-20 10:32:00,878.5,NSE,878.75,878.15,878.4,SUNPHA,2935
79,2022-07-20 10:33:00,878.85,NSE,879.0,878.5,878.75,SUNPHA,885
80,2022-07-20 10:34:00,878.0,NSE,879.0,877.55,879.0,SUNPHA,7512
81,2022-07-20 10:35:00,878.5,NSE,878.5,878.0,878.25,SUNPHA,778
82,2022-07-20 10:36:00,878.6,NSE,878.9,878.5,878.6,SUNPHA,768
83,2022-07-20 10:37:00,877.8,NSE,879.2,877.75,879.15,SUNPHA,16080
84,2022-07-20 10:38:00,877.85,NSE,878.0,877.8,878.0,SUNPHA,2189
85,2022-07-20 10:39:00,877.85,NSE,877.85,877.5,877.85,SUNPHA,4665
86,2022-07-20 10:40:00,876.95,NSE,877.5,876.4,877.5,SUNPHA,5619
87,2022-07-20 10:41:00,876.75,NSE,877.45,876.6,876.6,SUNPHA,6006
88,2022-07-20 10:42:00,877.0,NSE,877.0,876.65,876.75,SUNPHA,1895
89,2022-07-20 10:43:00,877.05,NSE,877.1,876.7,876.7,SUNPHA,5169
90,2022-07-20 10:44:00,877.0,NSE,877.1,876.8,877.1,SUNPHA,3190
91,2022-07-20 10:45:00,876.5,NSE,877.0,876.5,877.0,SUNPHA,2603
92,2022-07-20 10:46:00,876.75,NSE,877.0,876.0,876.4,SUNPHA,19991
93,2022-07-20 10:47:00,876.85,NSE,877.0,876.75,877.0,SUNPHA,1097
94,2022-07-20 10:48:00,876.8,NSE,876.95,876.8,876.85,SUNPHA,1960
95,2022-07-20 10:49:00,876.8,NSE,876.95,876.8,876.8,SUNPHA,3162
96,2022-07-20 10:50:00,876.8,NSE,876.85,876.8,876.85,SUNPHA,638
97,2022-07-20 10:51:00,876.75,NSE,876.85,876.7,876.8,SUNPHA,1188
98,2022-07-20 10:52:00,875.8,NSE,876.75,875.7,876.7,SUNPHA,8973
99,2022-07-20 10:53:00,875.8,NSE,875.9,875.4,875.75,SUNPHA,2916
100,2022-07-20 10:54:00,875.8,NSE,876.0,875.6,875.8,SUNPHA,2241
101,2022-07-20 10:55:00,876.0,NSE,876.15,875.85,876.1,SUNPHA,1514
102,2022-07-20 10:56:00,875.8,NSE,876.0,875.55,876.0,SUNPHA,3640
103,2022-07-20 10:57:00,875.8,NSE,875.9,875.65,875.8,SUNPHA,394
104,2022-07-20 10:58:00,875.8,NSE,876.0,875.8,875.9,SUNPHA,1008
105,2022-07-20 10:59:00,875.95,NSE,875.95,875.8,875.8,SUNPHA,1254
106,2022-07-20 11:00:00,876.0,NSE,876.0,875.8,875.8,SUNPHA,4342
107,2022-07-20 11:01:00,876.25,NSE,876.25,875.8,875.8,SUNPHA,4833
108,2022-07-20 11:02:00,876.3,NSE,876.3,876.2,876.2,SUNPHA,2053
109,2022-07-20 11:03:00,876.5,NSE,876.55,876.25,876.25,SUNPHA,3243
110,2022-07-20 11:04:00,875.65,NSE,876.55,875.65,876.5,SUNPHA,9731
111,2022-07-20 11:05:00,875.5,NSE,875.95,875.5,875.95,SUNPHA,2532
112,2022-07-20 11:06:00,876.05,NSE,876.05,875.65,875.7,SUNPHA,7257
113,2022-07-20 11:07:00,876.2,NSE,876.2,876.05,876.05,SUNPHA,670
114,2022-07-20 11:08:00,875.55,NSE,876.2,875.5,876.15,SUNPHA,5640
115,2022-07-20 11:09:00,876.15,NSE,876.15,875.55,875.9,SUNPHA,2643
116,2022-07-20 11:10:00,875.7,NSE,876.2,875.6,875.95,SUNPHA,9674
117,2022-07-20 11:11:00,876.0,NSE,876.0,875.15,875.15,SUNPHA,6380
118,2022-07-20 11:12:00,876.0,NSE,876.0,875.75,876.0,SUNPHA,1189
119,2022-07-20 11:13:00,876.0,NSE,876.0,875.8,876.0,SUNPHA,1685
120,2022-07-20 11:14:00,876.0,NSE,876.0,875.8,876.0,SUNPHA,696
121,2022-07-20 11:15:00,874.6,NSE,876.0,874.55,876.0,SUNPHA,19988
122,2022-07-20 11:16:00,874.85,NSE,875.0,874.75,874.9,SUNPHA,7763
123,2022-07-20 11:17:00,874.9,NSE,875.15,874.7,875.0,SUNPHA,8689
124,2022-07-20 11:18:00,874.65,NSE,874.9,874.6,874.9,SUNPHA,1813
125,2022-07-20 11:19:00,873.6,NSE,874.75,873.4,874.6,SUNPHA,7955
126,2022-07-20 11:20:00,874.5,NSE,874.5,873.6,873.75,SUNPHA,5571
127,2022-07-20 11:21:00,874.8,NSE,874.8,874.2,874.5,SUNPHA,1995
128,2022-07-20 11:22:00,874.85,NSE,874.85,874.65,874.8,SUNPHA,879
129,2022-07-20 11:23:00,874.5,NSE,874.85,874.2,874.85,SUNPHA,5585
130,2022-07-20 11:24:00,874.65,NSE,874.65,874.3,874.3,SUNPHA,6303
131,2022-07-20 11:25:00,874.5,NSE,874.65,874.3,874.65,SUNPHA,1805
132,2022-07-20 11:26:00,874.65,NSE,874.65,874.3,874.5,SUNPHA,1597
133,2022-07-20 11:27:00,874.65,NSE,874.8,874.3,874.65,SUNPHA,1787
134,2022-07-20 11:28:00,874.8,NSE,874.8,874.65,874.8,SUNPHA,763
135,2022-07-20 11:29:00,874.85,NSE,874.85,874.65,874.8,SUNPHA,1672
136,2022-07-20 11:30:00,875.0,NSE,875.25,874.65,874.65,SUNPHA,5825
137,2022-07-20 11:31:00,875.0,NSE,875.4,874.9,875.2,SUNPHA,10390
138,2022-07-20 11:32:00,874.85,NSE,875.25,874.55,875.0,SUNPHA,5705
139,2022-07-20 11:33:00,874.75,NSE,875.2,874.5,874.85,SUNPHA,3888
140,2022-07-20 11:34:00,874.5,NSE,874.75,874.3,874.35,SUNPHA,2606
141,2022-07-20 11:35:00,873.95,NSE,874.5,873.65,874.5,SUNPHA,5580
142,2022-07-20 11:36:00,873.1,NSE,873.8,873.1,873.65,SUNPHA,4915
143,2022-07-20 11:37:00,873.0,NSE,873.65,872.65,873.1,SUNPHA,8353
144,2022-07-20 11:38:00,873.3,NSE,873.3,872.7,872.85,SUNPHA,3004
145,2022-07-20 11:39:00,873.15,NSE,873.3,873.0,873.3,SUNPHA,2610
146,2022-07-20 11:40:00,873.35,NSE,873.7,873.15,873.15,SUNPHA,4675
147,2022-07-20 11:41:00,873.85,NSE,873.85,873.4,873.4,SUNPHA,2525
148,2022-07-20 11:42:00,874.0,NSE,874.2,873.85,873.85,SUNPHA,2433
149,2022-07-20 11:43:00,873.05,NSE,874.15,873.05,874.0,SUNPHA,5587
150,2022-07-20 11:44:00,873.5,NSE,873.65,873.05,873.05,SUNPHA,330
151,2022-07-20 11:45:00,872.95,NSE,873.45,872.55,873.4,SUNPHA,2985
152,2022-07-20 11:46:00,872.15,NSE,872.85,872.15,872.6,SUNPHA,7791
153,2022-07-20 11:47:00,872.0,NSE,872.6,872.0,872.3,SUNPHA,6380
154,2022-07-20 11:48:00,872.5,NSE,872.7,871.3,872.15,SUNPHA,20714
155,2022-07-20 11:49:00,872.1,NSE,872.5,872.05,872.5,SUNPHA,2740
156,2022-07-20 11:50:00,872.3,NSE,872.5,872.05,872.1,SUNPHA,2982
157,2022-07-20 11:51:00,872.45,NSE,872.5,872.3,872.5,SUNPHA,2630
158,2022-07-20 11:52:00,872.45,NSE,872.55,872.3,872.3,SUNPHA,2836
159,2022-07-20 11:53:00,872.0,NSE,872.45,872.0,872.3,SUNPHA,2566
160,2022-07-20 11:54:00,871.25,NSE,872.3,871.05,872.3,SUNPHA,7775
161,2022-07-20 11:55:00,871.15,NSE,871.35,870.6,871.0,SUNPHA,14501
162,2022-07-20 11:56:00,870.65,NSE,871.15,870.6,871.15,SUNPHA,16957
163,2022-07-20 11:57:00,871.0,NSE,871.15,870.7,871.0,SUNPHA,5378
164,2022-07-20 11:58:00,871.0,NSE,871.15,870.85,871.15,SUNPHA,8198
165,2022-07-20 11:59:00,871.15,NSE,871.15,870.8,871.15,SUNPHA,4471
166,2022-07-20 12:00:00,871.0,NSE,871.15,870.8,870.8,SUNPHA,1876
167,2022-07-20 12:01:00,871.0,NSE,871.15,870.95,871.0,SUNPHA,7462
168,2022-07-20 12:02:00,870.8,NSE,871.0,870.55,870.65,SUNPHA,3613
169,2022-07-20 12:03:00,871.0,NSE,871.15,870.8,870.8,SUNPHA,12544
170,2022-07-20 12:04:00,870.85,NSE,871.25,870.65,871.0,SUNPHA,8066
171,2022-07-20 12:05:00,871.0,NSE,871.15,870.8,870.85,SUNPHA,6419
172,2022-07-20 12:06:00,870.8,NSE,871.0,870.8,871.0,SUNPHA,3405
173,2022-07-20 12:07:00,870.4,NSE,870.95,870.4,870.95,SUNPHA,5175
174,2022-07-20 12:08:00,871.0,NSE,871.1,870.4,870.4,SUNPHA,7050
175,2022-07-20 12:09:00,870.5,NSE,870.8,870.5,870.8,SUNPHA,2189
176,2022-07-20 12:10:00,870.8,NSE,870.8,870.4,870.5,SUNPHA,5342
177,2022-07-20 12:11:00,871.0,NSE,871.0,870.55,870.8,SUNPHA,1422
178,2022-07-20 12:12:00,871.1,NSE,871.2,870.8,871.0,SUNPHA,9134
179,2022-07-20 12:13:00,871.0,NSE,871.2,870.95,871.2,SUNPHA,10193
180,2022-07-20 12:14:00,871.0,NSE,871.15,870.9,870.9,SUNPHA,2371
181,2022-07-20 12:15:00,870.9,NSE,871.0,870.9,870.9,SUNPHA,1417
182,2022-07-20 12:16:00,871.0,NSE,871.2,870.9,870.95,SUNPHA,9718
183,2022-07-20 12:17:00,871.5,NSE,871.85,871.05,871.05,SUNPHA,22540
184,2022-07-20 12:18:00,870.5,NSE,871.5,870.45,871.35,SUNPHA,7819
185,2022-07-20 12:19:00,870.2,NSE,870.75,870.2,870.5,SUNPHA,9652
186,2022-07-20 12:20:00,871.5,NSE,871.7,870.1,870.1,SUNPHA,9341
187,2022-07-20 12:21:00,871.3,NSE,871.75,871.05,871.75,SUNPHA,5483
188,2022-07-20 12:22:00,871.9,NSE,872.15,871.0,871.3,SUNPHA,10450
189,2022-07-20 12:23:00,871.75,NSE,871.95,870.95,871.95,SUNPHA,9637
190,2022-07-20 12:24:00,871.0,NSE,871.75,871.0,871.4,SUNPHA,4704
191,2022-07-20 12:25:00,871.55,NSE,871.55,871.05,871.05,SUNPHA,4278
192,2022-07-20 12:26:00,871.35,NSE,871.7,871.1,871.35,SUNPHA,4070
193,2022-07-20 12:27:00,873.3,NSE,873.3,871.5,871.5,SUNPHA,10742
194,2022-07-20 12:28:00,872.7,NSE,873.3,872.7,873.3,SUNPHA,2613
195,2022-07-20 12:29:00,872.5,NSE,872.9,872.2,872.7,SUNPHA,7866
196,2022-07-20 12:30:00,872.5,NSE,872.75,872.15,872.15,SUNPHA,5765
197,2022-07-20 12:31:00,872.5,NSE,872.75,872.5,872.5,SUNPHA,2449
198,2022-07-20 12:32:00,872.5,NSE,872.5,872.35,872.5,SUNPHA,1139
199,2022-07-20 12:33:00,872.3,NSE,872.5,872.1,872.5,SUNPHA,2120
200,2022-07-20 12:34:00,872.4,NSE,872.65,872.35,872.35,SUNPHA,2288
201,2022-07-20 12:35:00,872.5,NSE,872.5,872.4,872.5,SUNPHA,1553
202,2022-07-20 12:36:00,871.4,NSE,872.5,871.4,872.5,SUNPHA,9524
203,2022-07-20 12:37:00,871.4,NSE,871.5,871.4,871.5,SUNPHA,3576
204,2022-07-20 12:38:00,871.25,NSE,871.75,871.25,871.4,SUNPHA,12281
205,2022-07-20 12:39:00,871.4,NSE,871.5,871.25,871.5,SUNPHA,4733
206,2022-07-20 12:40:00,870.8,NSE,871.4,870.7,871.4,SUNPHA,4067
207,2022-07-20 12:41:00,870.95,NSE,871.05,870.7,870.8,SUNPHA,7344
208,2022-07-20 12:42:00,870.75,NSE,870.9,870.05,870.7,SUNPHA,6611
209,2022-07-20 12:43:00,870.55,NSE,870.8,870.0,870.75,SUNPHA,18727
210,2022-07-20 12:44:00,869.7,NSE,870.65,869.25,870.55,SUNPHA,11889
211,2022-07-20 12:45:00,869.25,NSE,870.0,869.2,869.7,SUNPHA,71804
212,2022-07-20 12:46:00,869.25,NSE,869.5,868.9,869.25,SUNPHA,12812
213,2022-07-20 12:47:00,870.0,NSE,870.0,869.0,869.1,SUNPHA,6006
214,2022-07-20 12:48:00,869.75,NSE,870.0,869.6,870.0,SUNPHA,2749
215,2022-07-20 12:49:00,869.45,NSE,869.85,869.05,869.85,SUNPHA,5034
216,2022-07-20 12:50:00,868.75,NSE,869.15,868.4,869.0,SUNPHA,10274
217,2022-07-20 12:51:00,868.5,NSE,869.0,868.35,868.4,SUNPHA,6338
218,2022-07-20 12:52:00,868.9,NSE,869.5,868.3,868.5,SUNPHA,19382
219,2022-07-20 12:53:00,869.6,NSE,869.6,868.9,868.9,SUNPHA,6773
220,2022-07-20 12:54:00,869.45,NSE,869.55,869.0,869.2,SUNPHA,3073
221,2022-07-20 12:55:00,869.25,NSE,869.5,869.2,869.45,SUNPHA,2355
222,2022-07-20 12:56:00,869.2,NSE,870.0,869.0,869.3,SUNPHA,10136
223,2022-07-20 12:57:00,869.35,NSE,869.75,869.25,869.6,SUNPHA,2560
224,2022-07-20 12:58:00,869.65,NSE,869.65,869.35,869.5,SUNPHA,1025
225,2022-07-20 12:59:00,869.55,NSE,869.65,869.35,869.65,SUNPHA,3569
226,2022-07-20 13:00:00,869.15,NSE,869.5,868.75,869.5,SUNPHA,16088
227,2022-07-20 13:01:00,868.5,NSE,869.15,868.35,869.15,SUNPHA,37562
228,2022-07-20 13:02:00,868.5,NSE,868.8,868.05,868.4,SUNPHA,7842
229,2022-07-20 13:03:00,868.5,NSE,868.5,868.1,868.5,SUNPHA,1216
230,2022-07-20 13:04:00,867.85,NSE,868.5,867.45,868.25,SUNPHA,8723
231,2022-07-20 13:05:00,867.0,NSE,867.85,866.85,867.85,SUNPHA,19316
232,2022-07-20 13:06:00,866.8,NSE,867.0,866.35,866.9,SUNPHA,13168
233,2022-07-20 13:07:00,866.75,NSE,867.15,866.7,866.8,SUNPHA,19963
234,2022-07-20 13:08:00,866.2,NSE,867.5,866.2,866.8,SUNPHA,19126
235,2022-07-20 13:09:00,866.8,NSE,867.05,866.2,866.2,SUNPHA,5088
236,2022-07-20 13:10:00,867.0,NSE,867.15,866.75,867.0,SUNPHA,4382
237,2022-07-20 13:11:00,867.0,NSE,867.35,866.7,867.0,SUNPHA,28635
238,2022-07-20 13:12:00,866.6,NSE,866.95,866.45,866.95,SUNPHA,3239
239,2022-07-20 13:13:00,866.7,NSE,866.95,866.6,866.95,SUNPHA,1607
240,2022-07-20 13:14:00,866.65,NSE,866.85,866.45,866.85,SUNPHA,1699
241,2022-07-20 13:15:00,866.7,NSE,867.0,866.5,866.55,SUNPHA,4909
242,2022-07-20 13:16:00,866.5,NSE,866.85,866.25,866.7,SUNPHA,9110
243,2022-07-20 13:17:00,866.8,NSE,867.0,866.4,866.5,SUNPHA,4823
244,2022-07-20 13:18:00,866.95,NSE,867.0,866.55,866.8,SUNPHA,3188
245,2022-07-20 13:19:00,866.5,NSE,867.0,866.5,866.6,SUNPHA,7881
246,2022-07-20 13:20:00,866.7,NSE,867.0,866.35,866.4,SUNPHA,4139
247,2022-07-20 13:21:00,866.9,NSE,867.2,866.55,866.75,SUNPHA,3761
248,2022-07-20 13:22:00,866.7,NSE,867.1,866.7,866.9,SUNPHA,1325
249,2022-07-20 13:23:00,866.95,NSE,867.0,866.7,866.9,SUNPHA,1803
250,2022-07-20 13:24:00,867.0,NSE,867.2,866.85,866.85,SUNPHA,4310
251,2022-07-20 13:25:00,866.05,NSE,867.35,866.0,867.05,SUNPHA,67282
252,2022-07-20 13:26:00,866.35,NSE,866.85,865.7,866.15,SUNPHA,15572
253,2022-07-20 13:27:00,866.2,NSE,866.5,866.2,866.35,SUNPHA,2400
254,2022-07-20 13:28:00,866.3,NSE,866.5,866.2,866.2,SUNPHA,2305
255,2022-07-20 13:29:00,866.45,NSE,866.6,866.3,866.5,SUNPHA,2858
256,2022-07-20 13:30:00,866.5,NSE,866.5,866.1,866.2,SUNPHA,54579
257,2022-07-20 13:31:00,866.05,NSE,866.8,866.0,866.5,SUNPHA,11159
258,2022-07-20 13:32:00,866.0,NSE,866.65,866.0,866.15,SUNPHA,14173
259,2022-07-20 13:33:00,865.25,NSE,866.35,865.25,866.35,SUNPHA,4544
260,2022-07-20 13:34:00,865.0,NSE,865.5,864.1,865.0,SUNPHA,38914
261,2022-07-20 13:35:00,864.2,NSE,865.0,864.15,864.5,SUNPHA,7601
262,2022-07-20 13:36:00,864.8,NSE,864.85,864.3,864.5,SUNPHA,2464
263,2022-07-20 13:37:00,864.65,NSE,864.9,864.6,864.8,SUNPHA,2798
264,2022-07-20 13:38:00,865.0,NSE,865.25,864.65,864.75,SUNPHA,7540
265,2022-07-20 13:39:00,864.55,NSE,865.5,864.55,864.8,SUNPHA,4402
266,2022-07-20 13:40:00,865.0,NSE,865.0,864.6,864.8,SUNPHA,1906
267,2022-07-20 13:41:00,864.9,NSE,865.0,864.85,865.0,SUNPHA,1264
268,2022-07-20 13:42:00,864.9,NSE,865.0,864.85,865.0,SUNPHA,1962
269,2022-07-20 13:43:00,864.9,NSE,865.0,864.9,864.95,SUNPHA,2664
270,2022-07-20 13:44:00,864.95,NSE,865.3,864.9,865.0,SUNPHA,1594
271,2022-07-20 13:45:00,864.65,NSE,865.0,864.6,865.0,SUNPHA,2541
272,2022-07-20 13:46:00,864.0,NSE,864.85,863.7,864.65,SUNPHA,12048
273,2022-07-20 13:47:00,864.7,NSE,864.85,863.5,863.85,SUNPHA,60416
274,2022-07-20 13:48:00,864.45,NSE,864.75,864.15,864.7,SUNPHA,2795
275,2022-07-20 13:49:00,864.5,NSE,864.55,864.2,864.2,SUNPHA,773
276,2022-07-20 13:50:00,864.45,NSE,864.5,864.3,864.5,SUNPHA,1137
277,2022-07-20 13:51:00,864.55,NSE,864.6,864.3,864.45,SUNPHA,4583
278,2022-07-20 13:52:00,862.95,NSE,864.7,862.75,864.65,SUNPHA,56084
279,2022-07-20 13:53:00,862.85,NSE,863.6,862.55,863.4,SUNPHA,7315
280,2022-07-20 13:54:00,862.8,NSE,862.95,862.7,862.85,SUNPHA,1055
281,2022-07-20 13:55:00,863.0,NSE,863.65,862.7,862.8,SUNPHA,25410
282,2022-07-20 13:56:00,862.8,NSE,863.2,862.05,863.2,SUNPHA,60213
283,2022-07-20 13:57:00,862.45,NSE,862.85,862.3,862.5,SUNPHA,13808
284,2022-07-20 13:58:00,863.75,NSE,863.75,862.15,862.45,SUNPHA,12253
285,2022-07-20 13:59:00,865.4,NSE,865.4,863.65,863.75,SUNPHA,9419
286,2022-07-20 14:00:00,865.8,NSE,865.9,865.1,865.1,SUNPHA,7610
287,2022-07-20 14:01:00,866.8,NSE,866.85,865.8,865.8,SUNPHA,7820
288,2022-07-20 14:02:00,866.25,NSE,866.8,866.05,866.75,SUNPHA,3800
289,2022-07-20 14:03:00,866.3,NSE,866.45,866.0,866.4,SUNPHA,1642
290,2022-07-20 14:04:00,866.75,NSE,866.75,866.0,866.3,SUNPHA,3360
291,2022-07-20 14:05:00,867.25,NSE,867.3,866.7,866.7,SUNPHA,4023
292,2022-07-20 14:06:00,868.45,NSE,868.55,867.3,867.3,SUNPHA,6316
293,2022-07-20 14:07:00,868.3,NSE,868.5,867.7,868.45,SUNPHA,7405
294,2022-07-20 14:08:00,867.5,NSE,868.3,867.05,868.3,SUNPHA,3995
295,2022-07-20 14:09:00,867.75,NSE,868.0,867.5,867.5,SUNPHA,2608
296,2022-07-20 14:10:00,868.0,NSE,868.4,867.7,867.7,SUNPHA,4311
297,2022-07-20 14:11:00,867.9,NSE,868.35,867.75,868.05,SUNPHA,1967
298,2022-07-20 14:12:00,867.5,NSE,868.05,867.15,867.65,SUNPHA,3215
299,2022-07-20 14:13:00,867.15,NSE,867.5,867.0,867.35,SUNPHA,1791
300,2022-07-20 14:14:00,866.9,NSE,867.15,866.9,867.15,SUNPHA,2669
301,2022-07-20 14:15:00,867.3,NSE,867.6,866.9,866.9,SUNPHA,2484
302,2022-07-20 14:16:00,866.2,NSE,867.3,865.75,867.3,SUNPHA,4690
303,2022-07-20 14:17:00,867.4,NSE,867.4,865.45,865.5,SUNPHA,5775
304,2022-07-20 14:18:00,867.55,NSE,867.55,867.05,867.3,SUNPHA,902
305,2022-07-20 14:19:00,867.6,NSE,868.0,867.35,867.35,SUNPHA,4797
306,2022-07-20 14:20:00,867.35,NSE,867.75,867.35,867.6,SUNPHA,1281
307,2022-07-20 14:21:00,867.85,NSE,868.0,867.35,867.35,SUNPHA,2254
308,2022-07-20 14:22:00,868.45,NSE,868.6,867.6,867.85,SUNPHA,7463
309,2022-07-20 14:23:00,868.2,NSE,868.5,867.6,868.5,SUNPHA,2364
310,2022-07-20 14:24:00,867.3,NSE,868.45,867.3,868.15,SUNPHA,3032
311,2022-07-20 14:25:00,867.75,NSE,867.85,867.0,867.0,SUNPHA,3084
312,2022-07-20 14:26:00,867.5,NSE,867.75,867.45,867.75,SUNPHA,599
313,2022-07-20 14:27:00,867.65,NSE,867.75,867.5,867.75,SUNPHA,2694
314,2022-07-20 14:28:00,867.3,NSE,867.65,867.15,867.65,SUNPHA,3534
315,2022-07-20 14:29:00,867.9,NSE,868.0,867.0,867.3,SUNPHA,6849
316,2022-07-20 14:30:00,868.55,NSE,868.9,867.9,868.0,SUNPHA,5197
317,2022-07-20 14:31:00,868.75,NSE,868.75,868.2,868.45,SUNPHA,2627
318,2022-07-20 14:32:00,868.9,NSE,868.95,868.6,868.65,SUNPHA,2758
319,2022-07-20 14:33:00,868.8,NSE,869.65,868.8,868.8,SUNPHA,9767
320,2022-07-20 14:34:00,869.15,NSE,869.45,868.8,869.0,SUNPHA,1657
321,2022-07-20 14:35:00,869.5,NSE,869.5,868.9,869.4,SUNPHA,6531
322,2022-07-20 14:36:00,869.35,NSE,869.5,869.15,869.5,SUNPHA,1699
323,2022-07-20 14:37:00,868.75,NSE,869.3,868.5,869.3,SUNPHA,3421
324,2022-07-20 14:38:00,868.65,NSE,868.75,868.65,868.75,SUNPHA,1217
325,2022-07-20 14:39:00,868.7,NSE,868.9,868.65,868.65,SUNPHA,1236
326,2022-07-20 14:40:00,868.9,NSE,868.9,868.65,868.65,SUNPHA,3823
327,2022-07-20 14:41:00,868.65,NSE,868.8,868.65,868.7,SUNPHA,1463
328,2022-07-20 14:42:00,868.9,NSE,869.0,868.6,868.8,SUNPHA,3978
329,2022-07-20 14:43:00,867.6,NSE,869.0,867.5,868.9,SUNPHA,23168
330,2022-07-20 14:44:00,867.4,NSE,867.9,866.85,867.65,SUNPHA,24862
331,2022-07-20 14:45:00,867.8,NSE,868.3,867.35,867.4,SUNPHA,3575
332,2022-07-20 14:46:00,868.25,NSE,868.25,867.5,867.8,SUNPHA,439
333,2022-07-20 14:47:00,868.15,NSE,868.25,867.8,868.25,SUNPHA,3572
334,2022-07-20 14:48:00,867.8,NSE,868.15,867.6,868.15,SUNPHA,2006
335,2022-07-20 14:49:00,867.6,NSE,868.05,867.6,867.8,SUNPHA,1992
336,2022-07-20 14:50:00,867.1,NSE,867.6,866.85,867.6,SUNPHA,2374
337,2022-07-20 14:51:00,867.0,NSE,867.1,866.8,867.1,SUNPHA,3315
338,2022-07-20 14:52:00,867.25,NSE,867.25,866.95,867.0,SUNPHA,1671
339,2022-07-20 14:53:00,867.25,NSE,867.25,866.95,867.25,SUNPHA,1567
340,2022-07-20 14:54:00,867.55,NSE,867.6,867.2,867.2,SUNPHA,4651
341,2022-07-20 14:55:00,867.7,NSE,867.9,867.35,867.5,SUNPHA,8644
342,2022-07-20 14:56:00,868.2,NSE,868.25,867.7,867.7,SUNPHA,6088
343,2022-07-20 14:57:00,868.65,NSE,868.7,868.15,868.2,SUNPHA,5373
344,2022-07-20 14:58:00,868.7,NSE,868.7,868.05,868.65,SUNPHA,3919
345,2022-07-20 14:59:00,868.3,NSE,869.15,868.3,868.7,SUNPHA,7909
346,2022-07-20 15:00:00,869.5,NSE,869.5,868.15,868.5,SUNPHA,11524
347,2022-07-20 15:01:00,869.3,NSE,869.9,868.65,869.5,SUNPHA,10850
348,2022-07-20 15:02:00,868.65,NSE,869.3,868.5,869.3,SUNPHA,10722
349,2022-07-20 15:03:00,868.55,NSE,868.8,867.6,868.7,SUNPHA,31398
350,2022-07-20 15:04:00,868.9,NSE,868.9,868.65,868.65,SUNPHA,8695
351,2022-07-20 15:05:00,868.4,NSE,868.9,868.25,868.9,SUNPHA,6008
352,2022-07-20 15:06:00,869.5,NSE,869.6,868.35,868.4,SUNPHA,15862
353,2022-07-20 15:07:00,869.25,NSE,869.65,868.65,869.5,SUNPHA,9617
354,2022-07-20 15:08:00,868.6,NSE,869.5,868.6,869.3,SUNPHA,9201
355,2022-07-20 15:09:00,868.1,NSE,868.5,867.8,868.5,SUNPHA,9151
356,2022-07-20 15:10:00,867.75,NSE,868.1,867.5,868.1,SUNPHA,9438
357,2022-07-20 15:11:00,867.3,NSE,867.75,867.0,867.75,SUNPHA,11528
358,2022-07-20 15:12:00,866.9,NSE,867.4,866.5,867.05,SUNPHA,13543
359,2022-07-20 15:13:00,866.95,NSE,867.0,866.95,866.95,SUNPHA,8705
360,2022-07-20 15:14:00,867.05,NSE,867.05,866.85,866.95,SUNPHA,13559
361,2022-07-20 15:15:00,866.8,NSE,867.5,866.8,867.05,SUNPHA,19920
362,2022-07-20 15:16:00,867.05,NSE,867.05,866.8,866.85,SUNPHA,17241
363,2022-07-20 15:17:00,867.0,NSE,867.7,866.65,867.05,SUNPHA,18262
364,2022-07-20 15:18:00,866.7,NSE,866.95,866.3,866.95,SUNPHA,11278
365,2022-07-20 15:19:00,867.0,NSE,867.0,866.75,866.9,SUNPHA,12740
366,2022-07-20 15:20:00,866.85,NSE,867.0,866.5,866.95,SUNPHA,25837
367,2022-07-20 15:21:00,867.5,NSE,867.85,866.5,866.55,SUNPHA,37202
368,2022-07-20 15:22:00,867.5,NSE,867.5,866.8,867.45,SUNPHA,16996
369,2022-07-20 15:23:00,867.45,NSE,867.5,867.05,867.5,SUNPHA,11498
370,2022-07-20 15:24:00,867.5,NSE,867.95,867.25,867.5,SUNPHA,17744
371,2022-07-20 15:25:00,866.55,NSE,867.5,866.5,867.5,SUNPHA,11882
372,2022-07-20 15:26:00,867.15,NSE,867.45,866.5,866.5,SUNPHA,17304
373,2022-07-20 15:27:00,866.9,NSE,867.15,866.25,867.1,SUNPHA,14006
374,2022-07-20 15:28:00,866.5,NSE,867.0,866.0,866.7,SUNPHA,17703
375,2022-07-20 15:29:00,867.0,NSE,867.0,865.55,866.7,SUNPHA,6857
