,datetime,close,exchange_code,high,low,open,stock_code,volume
0,2023-08-04 09:07:00,3420.0,NSE,3420.0,3420.0,3420.0,EICMOT,0
1,2023-08-04 09:15:00,3465.65,NSE,3472.45,3420.0,3420.0,EICMOT,86501
2,2023-08-04 09:16:00,3455.0,NSE,3464.85,3449.55,3464.15,EICMOT,41236
3,2023-08-04 09:17:00,3452.0,NSE,3459.0,3450.1,3457.35,EICMOT,28549
4,2023-08-04 09:18:00,3433.6,NSE,3453.1,3423.9,3451.05,EICMOT,24037
5,2023-08-04 09:19:00,3443.25,NSE,3443.25,3427.05,3434.25,EICMOT,11350
6,2023-08-04 09:20:00,3431.0,NSE,3447.7,3430.25,3441.5,EICMOT,26313
7,2023-08-04 09:21:00,3439.75,NSE,3439.95,3431.2,3431.4,EICMOT,11962
8,2023-08-04 09:22:00,3428.85,NSE,3440.6,3428.0,3437.95,EICMOT,12381
9,2023-08-04 09:23:00,3425.8,NSE,3432.65,3423.65,3429.0,EICMOT,14474
10,2023-08-04 09:24:00,3419.35,NSE,3425.75,3415.6,3424.9,EICMOT,12014
11,2023-08-04 09:25:00,3433.45,NSE,3435.0,3418.3,3419.6,EICMOT,10099
12,2023-08-04 09:26:00,3433.0,NSE,3440.0,3433.0,3434.0,EICMOT,6750
13,2023-08-04 09:27:00,3426.1,NSE,3433.45,3423.5,3433.0,EICMOT,4773
14,2023-08-04 09:28:00,3428.7,NSE,3429.2,3419.05,3426.05,EICMOT,5957
15,2023-08-04 09:29:00,3429.35,NSE,3434.4,3427.4,3427.4,EICMOT,5974
16,2023-08-04 09:30:00,3433.35,NSE,3437.55,3427.3,3428.1,EICMOT,6282
17,2023-08-04 09:31:00,3428.35,NSE,3433.0,3426.5,3433.0,EICMOT,4238
18,2023-08-04 09:32:00,3427.5,NSE,3430.9,3426.0,3428.3,EICMOT,3245
19,2023-08-04 09:33:00,3422.5,NSE,3425.15,3419.5,3425.15,EICMOT,10427
20,2023-08-04 09:34:00,3421.4,NSE,3422.35,3419.15,3421.5,EICMOT,4941
21,2023-08-04 09:35:00,3421.0,NSE,3424.9,3420.95,3421.8,EICMOT,4159
22,2023-08-04 09:36:00,3402.2,NSE,3421.8,3401.0,3421.1,EICMOT,21574
23,2023-08-04 09:37:00,3410.0,NSE,3415.0,3403.25,3403.25,EICMOT,6377
24,2023-08-04 09:38:00,3405.8,NSE,3411.4,3403.0,3411.4,EICMOT,6856
25,2023-08-04 09:39:00,3403.45,NSE,3408.25,3401.05,3407.75,EICMOT,7933
26,2023-08-04 09:40:00,3397.45,NSE,3403.45,3392.6,3403.45,EICMOT,13369
27,2023-08-04 09:41:00,3391.0,NSE,3396.85,3390.0,3394.85,EICMOT,13994
28,2023-08-04 09:42:00,3399.9,NSE,3399.95,3390.0,3391.0,EICMOT,12997
29,2023-08-04 09:43:00,3398.65,NSE,3406.7,3397.0,3400.0,EICMOT,5469
30,2023-08-04 09:44:00,3401.95,NSE,3403.15,3395.0,3398.65,EICMOT,7333
31,2023-08-04 09:45:00,3399.1,NSE,3401.95,3396.1,3401.95,EICMOT,1483
32,2023-08-04 09:46:00,3396.3,NSE,3400.7,3396.05,3399.05,EICMOT,5801
33,2023-08-04 09:47:00,3403.85,NSE,3405.65,3398.1,3399.0,EICMOT,4269
34,2023-08-04 09:48:00,3404.9,NSE,3407.0,3403.85,3403.85,EICMOT,4896
35,2023-08-04 09:49:00,3400.0,NSE,3406.5,3400.0,3404.75,EICMOT,4306
36,2023-08-04 09:50:00,3392.5,NSE,3400.0,3392.0,3400.0,EICMOT,2434
37,2023-08-04 09:51:00,3397.1,NSE,3398.05,3390.0,3392.5,EICMOT,11511
38,2023-08-04 09:52:00,3396.95,NSE,3400.0,3395.5,3399.1,EICMOT,3660
39,2023-08-04 09:53:00,3399.5,NSE,3399.5,3395.25,3396.0,EICMOT,1337
40,2023-08-04 09:54:00,3400.95,NSE,3401.0,3398.2,3399.5,EICMOT,3409
41,2023-08-04 09:55:00,3395.45,NSE,3403.45,3395.4,3401.15,EICMOT,6104
42,2023-08-04 09:56:00,3397.45,NSE,3399.85,3395.45,3395.45,EICMOT,995
43,2023-08-04 09:57:00,3398.55,NSE,3400.9,3397.0,3397.95,EICMOT,1757
44,2023-08-04 09:58:00,3392.0,NSE,3399.0,3392.0,3398.55,EICMOT,4013
45,2023-08-04 09:59:00,3396.95,NSE,3397.25,3392.0,3392.0,EICMOT,1812
46,2023-08-04 10:00:00,3394.25,NSE,3397.9,3394.25,3396.95,EICMOT,1846
47,2023-08-04 10:01:00,3395.1,NSE,3395.1,3392.0,3394.5,EICMOT,3705
48,2023-08-04 10:02:00,3392.35,NSE,3395.35,3392.2,3395.35,EICMOT,2270
49,2023-08-04 10:03:00,3393.0,NSE,3394.35,3390.0,3392.35,EICMOT,3770
50,2023-08-04 10:04:00,3395.1,NSE,3396.1,3392.65,3393.0,EICMOT,2086
51,2023-08-04 10:05:00,3394.4,NSE,3398.3,3393.25,3395.1,EICMOT,4711
52,2023-08-04 10:06:00,3396.65,NSE,3396.65,3393.25,3393.25,EICMOT,1770
53,2023-08-04 10:07:00,3398.4,NSE,3400.0,3395.25,3397.0,EICMOT,1840
54,2023-08-04 10:08:00,3395.0,NSE,3400.0,3395.0,3398.4,EICMOT,4058
55,2023-08-04 10:09:00,3398.95,NSE,3398.95,3395.0,3395.0,EICMOT,574
56,2023-08-04 10:10:00,3403.35,NSE,3405.0,3398.1,3398.95,EICMOT,8165
57,2023-08-04 10:11:00,3407.0,NSE,3407.4,3403.15,3404.55,EICMOT,3728
58,2023-08-04 10:12:00,3403.05,NSE,3406.5,3401.0,3406.5,EICMOT,3525
59,2023-08-04 10:13:00,3404.1,NSE,3405.95,3403.05,3403.05,EICMOT,3235
60,2023-08-04 10:14:00,3403.95,NSE,3404.35,3403.05,3404.1,EICMOT,885
61,2023-08-04 10:15:00,3405.45,NSE,3406.75,3403.7,3403.7,EICMOT,1993
62,2023-08-04 10:16:00,3406.95,NSE,3408.0,3406.0,3406.0,EICMOT,3391
63,2023-08-04 10:17:00,3408.5,NSE,3409.95,3406.65,3408.0,EICMOT,4690
64,2023-08-04 10:18:00,3408.0,NSE,3409.1,3404.0,3408.5,EICMOT,3751
65,2023-08-04 10:19:00,3407.85,NSE,3408.95,3405.25,3407.15,EICMOT,2359
66,2023-08-04 10:20:00,3406.1,NSE,3408.0,3405.9,3407.85,EICMOT,1581
67,2023-08-04 10:21:00,3406.35,NSE,3406.65,3406.0,3406.1,EICMOT,1095
68,2023-08-04 10:22:00,3398.55,NSE,3406.05,3398.55,3406.05,EICMOT,4033
69,2023-08-04 10:23:00,3398.85,NSE,3400.0,3393.65,3399.45,EICMOT,5094
70,2023-08-04 10:24:00,3399.45,NSE,3401.65,3398.5,3398.85,EICMOT,1154
71,2023-08-04 10:25:00,3404.0,NSE,3404.0,3399.45,3399.45,EICMOT,1942
72,2023-08-04 10:26:00,3400.3,NSE,3405.85,3400.3,3404.0,EICMOT,5813
73,2023-08-04 10:27:00,3398.0,NSE,3400.2,3398.0,3400.0,EICMOT,1952
74,2023-08-04 10:28:00,3397.7,NSE,3398.35,3397.0,3398.0,EICMOT,775
75,2023-08-04 10:29:00,3397.35,NSE,3398.35,3397.35,3397.7,EICMOT,1210
76,2023-08-04 10:30:00,3395.0,NSE,3397.95,3395.0,3397.35,EICMOT,2493
77,2023-08-04 10:31:00,3391.15,NSE,3395.0,3390.7,3395.0,EICMOT,5469
78,2023-08-04 10:32:00,3391.05,NSE,3392.0,3390.8,3391.15,EICMOT,1912
79,2023-08-04 10:33:00,3391.1,NSE,3391.6,3391.0,3391.05,EICMOT,1701
80,2023-08-04 10:34:00,3391.5,NSE,3391.6,3391.1,3391.6,EICMOT,1479
81,2023-08-04 10:35:00,3391.5,NSE,3391.6,3391.5,3391.5,EICMOT,1067
82,2023-08-04 10:36:00,3391.05,NSE,3391.8,3391.0,3391.5,EICMOT,3168
83,2023-08-04 10:37:00,3392.9,NSE,3394.1,3390.2,3390.2,EICMOT,1768
84,2023-08-04 10:38:00,3395.8,NSE,3396.0,3392.9,3392.9,EICMOT,2787
85,2023-08-04 10:39:00,3393.0,NSE,3395.8,3393.0,3395.2,EICMOT,1488
86,2023-08-04 10:40:00,3393.45,NSE,3395.0,3392.95,3393.0,EICMOT,1234
87,2023-08-04 10:41:00,3394.0,NSE,3395.0,3393.45,3393.45,EICMOT,769
88,2023-08-04 10:42:00,3394.0,NSE,3394.2,3394.0,3394.0,EICMOT,1041
89,2023-08-04 10:43:00,3394.15,NSE,3394.5,3394.0,3394.0,EICMOT,643
90,2023-08-04 10:44:00,3392.1,NSE,3394.85,3392.1,3394.15,EICMOT,1794
91,2023-08-04 10:45:00,3390.3,NSE,3392.9,3390.25,3392.1,EICMOT,2322
92,2023-08-04 10:46:00,3390.05,NSE,3391.05,3390.0,3391.05,EICMOT,2369
93,2023-08-04 10:47:00,3390.0,NSE,3391.05,3390.0,3391.05,EICMOT,7169
94,2023-08-04 10:48:00,3382.3,NSE,3390.05,3382.3,3390.0,EICMOT,8138
95,2023-08-04 10:49:00,3385.1,NSE,3386.6,3382.0,3382.0,EICMOT,4412
96,2023-08-04 10:50:00,3385.95,NSE,3388.75,3384.0,3384.2,EICMOT,5051
97,2023-08-04 10:51:00,3388.05,NSE,3390.95,3385.95,3385.95,EICMOT,3063
98,2023-08-04 10:52:00,3391.5,NSE,3391.9,3388.3,3389.25,EICMOT,2615
99,2023-08-04 10:53:00,3395.2,NSE,3395.9,3391.05,3391.5,EICMOT,2656
100,2023-08-04 10:54:00,3392.7,NSE,3395.2,3392.7,3395.2,EICMOT,1651
101,2023-08-04 10:55:00,3387.8,NSE,3392.7,3386.3,3392.7,EICMOT,3212
102,2023-08-04 10:56:00,3386.1,NSE,3387.75,3385.3,3387.75,EICMOT,1824
103,2023-08-04 10:57:00,3387.1,NSE,3387.7,3386.0,3386.1,EICMOT,1114
104,2023-08-04 10:58:00,3382.1,NSE,3387.2,3382.1,3387.1,EICMOT,3024
105,2023-08-04 10:59:00,3386.0,NSE,3387.7,3382.1,3382.1,EICMOT,1657
106,2023-08-04 11:00:00,3386.0,NSE,3387.6,3385.8,3385.8,EICMOT,1217
107,2023-08-04 11:01:00,3386.0,NSE,3387.0,3385.1,3386.0,EICMOT,1676
108,2023-08-04 11:02:00,3385.95,NSE,3386.4,3385.55,3386.0,EICMOT,1316
109,2023-08-04 11:03:00,3386.9,NSE,3387.9,3385.9,3385.9,EICMOT,741
110,2023-08-04 11:04:00,3389.4,NSE,3389.55,3387.0,3387.75,EICMOT,815
111,2023-08-04 11:05:00,3390.25,NSE,3391.25,3388.9,3389.4,EICMOT,3142
112,2023-08-04 11:06:00,3385.0,NSE,3389.35,3385.0,3389.35,EICMOT,3370
113,2023-08-04 11:07:00,3385.85,NSE,3385.85,3385.0,3385.0,EICMOT,1450
114,2023-08-04 11:08:00,3387.95,NSE,3388.65,3385.25,3385.85,EICMOT,2155
115,2023-08-04 11:09:00,3387.0,NSE,3388.5,3387.0,3387.9,EICMOT,1577
116,2023-08-04 11:10:00,3386.0,NSE,3387.0,3385.1,3387.0,EICMOT,1235
117,2023-08-04 11:11:00,3386.0,NSE,3386.0,3385.1,3386.0,EICMOT,1468
118,2023-08-04 11:12:00,3382.1,NSE,3385.8,3382.0,3385.8,EICMOT,2156
119,2023-08-04 11:13:00,3384.05,NSE,3384.85,3382.1,3382.1,EICMOT,1537
120,2023-08-04 11:14:00,3385.6,NSE,3385.7,3383.05,3384.7,EICMOT,1171
121,2023-08-04 11:15:00,3382.65,NSE,3385.55,3382.35,3385.55,EICMOT,892
122,2023-08-04 11:16:00,3379.7,NSE,3383.5,3379.7,3382.65,EICMOT,4581
123,2023-08-04 11:17:00,3368.2,NSE,3378.7,3365.7,3378.7,EICMOT,11163
124,2023-08-04 11:18:00,3358.0,NSE,3368.15,3358.0,3367.05,EICMOT,7753
125,2023-08-04 11:19:00,3363.0,NSE,3363.0,3355.15,3358.8,EICMOT,7038
126,2023-08-04 11:20:00,3367.15,NSE,3369.0,3360.4,3363.8,EICMOT,5257
127,2023-08-04 11:21:00,3368.0,NSE,3371.15,3367.15,3367.15,EICMOT,5145
128,2023-08-04 11:22:00,3362.5,NSE,3369.85,3361.0,3368.0,EICMOT,3991
129,2023-08-04 11:23:00,3365.05,NSE,3366.6,3361.0,3361.0,EICMOT,1352
130,2023-08-04 11:24:00,3364.35,NSE,3366.6,3364.35,3365.0,EICMOT,1538
131,2023-08-04 11:25:00,3364.1,NSE,3364.5,3362.5,3364.35,EICMOT,980
132,2023-08-04 11:26:00,3362.2,NSE,3364.1,3362.2,3364.1,EICMOT,729
133,2023-08-04 11:27:00,3364.55,NSE,3366.0,3361.0,3362.2,EICMOT,4623
134,2023-08-04 11:28:00,3369.3,NSE,3369.3,3364.0,3364.55,EICMOT,1411
135,2023-08-04 11:29:00,3369.3,NSE,3372.5,3369.25,3369.95,EICMOT,2726
136,2023-08-04 11:30:00,3370.0,NSE,3370.85,3367.9,3369.3,EICMOT,2486
137,2023-08-04 11:31:00,3370.85,NSE,3370.85,3369.0,3370.0,EICMOT,1142
138,2023-08-04 11:32:00,3372.85,NSE,3372.9,3370.05,3370.85,EICMOT,1031
139,2023-08-04 11:33:00,3378.0,NSE,3379.8,3372.85,3372.85,EICMOT,3143
140,2023-08-04 11:34:00,3377.45,NSE,3380.0,3377.4,3378.95,EICMOT,2803
141,2023-08-04 11:35:00,3376.9,NSE,3377.45,3375.05,3377.45,EICMOT,1348
142,2023-08-04 11:36:00,3381.15,NSE,3382.0,3375.1,3376.9,EICMOT,4265
143,2023-08-04 11:37:00,3384.0,NSE,3386.9,3380.0,3381.9,EICMOT,5874
144,2023-08-04 11:38:00,3376.95,NSE,3386.0,3376.8,3384.2,EICMOT,2967
145,2023-08-04 11:39:00,3379.65,NSE,3379.65,3376.95,3376.95,EICMOT,592
146,2023-08-04 11:40:00,3377.0,NSE,3379.65,3376.45,3379.65,EICMOT,616
147,2023-08-04 11:41:00,3375.5,NSE,3377.75,3375.0,3377.0,EICMOT,1452
148,2023-08-04 11:42:00,3375.5,NSE,3375.5,3375.0,3375.5,EICMOT,588
149,2023-08-04 11:43:00,3375.0,NSE,3376.1,3375.0,3375.5,EICMOT,1912
150,2023-08-04 11:44:00,3375.5,NSE,3376.05,3375.05,3376.05,EICMOT,391
151,2023-08-04 11:45:00,3376.0,NSE,3376.05,3375.0,3375.0,EICMOT,1189
152,2023-08-04 11:46:00,3376.05,NSE,3376.05,3375.5,3376.0,EICMOT,866
153,2023-08-04 11:47:00,3375.5,NSE,3376.5,3375.3,3376.05,EICMOT,931
154,2023-08-04 11:48:00,3376.75,NSE,3376.75,3375.5,3375.5,EICMOT,336
155,2023-08-04 11:49:00,3376.6,NSE,3376.8,3375.9,3376.8,EICMOT,321
156,2023-08-04 11:50:00,3378.0,NSE,3378.85,3376.6,3376.6,EICMOT,2211
157,2023-08-04 11:51:00,3371.2,NSE,3378.85,3371.2,3378.85,EICMOT,1937
158,2023-08-04 11:52:00,3373.6,NSE,3373.6,3371.0,3371.2,EICMOT,1703
159,2023-08-04 11:53:00,3372.0,NSE,3373.6,3371.2,3373.6,EICMOT,361
160,2023-08-04 11:54:00,3366.65,NSE,3372.9,3366.2,3372.0,EICMOT,4659
161,2023-08-04 11:55:00,3365.55,NSE,3367.9,3365.35,3366.6,EICMOT,1411
162,2023-08-04 11:56:00,3367.85,NSE,3369.8,3366.5,3366.75,EICMOT,753
163,2023-08-04 11:57:00,3369.35,NSE,3370.3,3367.1,3367.4,EICMOT,1032
164,2023-08-04 11:58:00,3370.0,NSE,3370.9,3369.0,3369.8,EICMOT,804
165,2023-08-04 11:59:00,3371.8,NSE,3371.95,3370.1,3370.1,EICMOT,631
166,2023-08-04 12:00:00,3368.7,NSE,3371.95,3368.0,3371.8,EICMOT,1593
167,2023-08-04 12:01:00,3366.0,NSE,3368.7,3366.0,3368.7,EICMOT,450
168,2023-08-04 12:02:00,3366.3,NSE,3366.3,3363.85,3365.15,EICMOT,2277
169,2023-08-04 12:03:00,3365.55,NSE,3366.3,3364.0,3366.3,EICMOT,542
170,2023-08-04 12:04:00,3366.6,NSE,3368.5,3365.0,3365.55,EICMOT,836
171,2023-08-04 12:05:00,3364.0,NSE,3366.6,3364.0,3366.6,EICMOT,1980
172,2023-08-04 12:06:00,3357.1,NSE,3365.15,3356.0,3364.0,EICMOT,5294
173,2023-08-04 12:07:00,3358.0,NSE,3359.5,3356.0,3358.6,EICMOT,2565
174,2023-08-04 12:08:00,3359.0,NSE,3360.15,3357.45,3358.0,EICMOT,1768
175,2023-08-04 12:09:00,3359.95,NSE,3359.95,3358.85,3359.0,EICMOT,786
176,2023-08-04 12:10:00,3363.95,NSE,3363.95,3359.15,3359.15,EICMOT,2014
177,2023-08-04 12:11:00,3364.9,NSE,3364.95,3363.0,3363.95,EICMOT,890
178,2023-08-04 12:12:00,3368.05,NSE,3369.55,3364.2,3364.9,EICMOT,2791
179,2023-08-04 12:13:00,3368.85,NSE,3369.45,3368.05,3368.05,EICMOT,891
180,2023-08-04 12:14:00,3368.65,NSE,3368.85,3368.05,3368.85,EICMOT,7483
181,2023-08-04 12:15:00,3367.95,NSE,3368.65,3367.95,3368.65,EICMOT,1629
182,2023-08-04 12:16:00,3368.0,NSE,3368.0,3367.95,3367.95,EICMOT,1303
183,2023-08-04 12:17:00,3367.95,NSE,3368.0,3367.95,3368.0,EICMOT,884
184,2023-08-04 12:18:00,3367.6,NSE,3368.3,3367.6,3367.95,EICMOT,843
185,2023-08-04 12:19:00,3367.55,NSE,3367.6,3367.55,3367.55,EICMOT,2232
186,2023-08-04 12:20:00,3367.65,NSE,3367.65,3367.55,3367.55,EICMOT,824
187,2023-08-04 12:21:00,3368.55,NSE,3369.0,3367.65,3367.65,EICMOT,4265
188,2023-08-04 12:22:00,3361.8,NSE,3365.7,3360.0,3365.6,EICMOT,2534
189,2023-08-04 12:23:00,3362.0,NSE,3364.0,3360.95,3361.8,EICMOT,598
190,2023-08-04 12:24:00,3361.0,NSE,3363.0,3361.0,3362.0,EICMOT,644
191,2023-08-04 12:25:00,3363.8,NSE,3363.8,3360.5,3361.0,EICMOT,649
192,2023-08-04 12:26:00,3365.0,NSE,3365.05,3362.1,3363.5,EICMOT,869
193,2023-08-04 12:27:00,3364.65,NSE,3365.05,3364.45,3365.05,EICMOT,668
194,2023-08-04 12:28:00,3362.1,NSE,3364.85,3361.6,3364.85,EICMOT,1371
195,2023-08-04 12:29:00,3364.65,NSE,3365.0,3362.5,3362.95,EICMOT,1642
196,2023-08-04 12:30:00,3364.6,NSE,3364.7,3364.5,3364.5,EICMOT,597
197,2023-08-04 12:31:00,3364.65,NSE,3365.0,3364.6,3364.6,EICMOT,1227
198,2023-08-04 12:32:00,3364.9,NSE,3364.9,3361.7,3363.75,EICMOT,997
199,2023-08-04 12:33:00,3368.0,NSE,3368.4,3363.6,3363.6,EICMOT,759
200,2023-08-04 12:34:00,3368.9,NSE,3370.45,3365.35,3368.0,EICMOT,4264
201,2023-08-04 12:35:00,3369.9,NSE,3370.45,3368.0,3370.45,EICMOT,995
202,2023-08-04 12:36:00,3369.85,NSE,3369.95,3368.45,3369.0,EICMOT,1340
203,2023-08-04 12:37:00,3366.6,NSE,3369.95,3366.6,3369.85,EICMOT,3091
204,2023-08-04 12:38:00,3366.9,NSE,3367.0,3366.55,3366.6,EICMOT,590
205,2023-08-04 12:39:00,3367.0,NSE,3367.0,3366.6,3366.9,EICMOT,244
206,2023-08-04 12:40:00,3366.65,NSE,3367.65,3366.65,3367.0,EICMOT,5352
207,2023-08-04 12:41:00,3368.0,NSE,3368.0,3362.0,3366.65,EICMOT,4597
208,2023-08-04 12:42:00,3370.2,NSE,3371.95,3367.5,3368.9,EICMOT,1454
209,2023-08-04 12:43:00,3372.15,NSE,3374.3,3371.0,3371.0,EICMOT,1868
210,2023-08-04 12:44:00,3374.35,NSE,3376.45,3372.15,3372.15,EICMOT,2296
211,2023-08-04 12:45:00,3375.85,NSE,3380.0,3374.1,3375.55,EICMOT,2783
212,2023-08-04 12:46:00,3376.7,NSE,3377.45,3375.8,3375.9,EICMOT,997
213,2023-08-04 12:47:00,3377.0,NSE,3377.9,3376.65,3376.7,EICMOT,681
214,2023-08-04 12:48:00,3376.0,NSE,3377.9,3376.0,3377.9,EICMOT,1033
215,2023-08-04 12:49:00,3372.0,NSE,3376.05,3371.0,3376.05,EICMOT,3119
216,2023-08-04 12:50:00,3371.95,NSE,3373.1,3371.0,3372.0,EICMOT,651
217,2023-08-04 12:51:00,3371.3,NSE,3371.95,3370.4,3371.95,EICMOT,427
218,2023-08-04 12:52:00,3370.6,NSE,3371.5,3370.0,3370.55,EICMOT,716
219,2023-08-04 12:53:00,3374.6,NSE,3376.75,3370.4,3370.6,EICMOT,1125
220,2023-08-04 12:54:00,3374.15,NSE,3376.0,3373.8,3374.6,EICMOT,379
221,2023-08-04 12:55:00,3374.95,NSE,3375.0,3373.0,3374.15,EICMOT,576
222,2023-08-04 12:56:00,3373.65,NSE,3375.0,3373.65,3373.9,EICMOT,486
223,2023-08-04 12:57:00,3372.9,NSE,3375.0,3372.0,3375.0,EICMOT,523
224,2023-08-04 12:58:00,3372.0,NSE,3372.9,3371.05,3372.9,EICMOT,217
225,2023-08-04 12:59:00,3371.15,NSE,3372.0,3370.75,3372.0,EICMOT,1072
226,2023-08-04 13:00:00,3372.0,NSE,3372.7,3371.0,3372.65,EICMOT,321
227,2023-08-04 13:01:00,3370.25,NSE,3372.0,3370.1,3372.0,EICMOT,504
228,2023-08-04 13:02:00,3371.6,NSE,3371.65,3370.15,3371.65,EICMOT,161
229,2023-08-04 13:03:00,3371.85,NSE,3371.85,3371.05,3371.6,EICMOT,375
230,2023-08-04 13:04:00,3370.9,NSE,3371.9,3370.9,3371.85,EICMOT,338
231,2023-08-04 13:05:00,3373.0,NSE,3374.0,3370.9,3370.9,EICMOT,1218
232,2023-08-04 13:06:00,3372.45,NSE,3374.0,3372.05,3372.05,EICMOT,1538
233,2023-08-04 13:07:00,3372.0,NSE,3373.0,3372.0,3373.0,EICMOT,2808
234,2023-08-04 13:08:00,3373.0,NSE,3373.0,3371.5,3371.5,EICMOT,3842
235,2023-08-04 13:09:00,3370.0,NSE,3373.0,3370.0,3373.0,EICMOT,7003
236,2023-08-04 13:10:00,3370.4,NSE,3371.0,3370.0,3370.0,EICMOT,295
237,2023-08-04 13:11:00,3366.6,NSE,3371.05,3366.6,3370.4,EICMOT,909
238,2023-08-04 13:12:00,3369.0,NSE,3369.0,3365.0,3365.0,EICMOT,1217
239,2023-08-04 13:13:00,3371.8,NSE,3371.8,3367.6,3369.0,EICMOT,279
240,2023-08-04 13:14:00,3370.15,NSE,3372.0,3370.0,3370.2,EICMOT,1048
241,2023-08-04 13:15:00,3374.0,NSE,3374.0,3370.0,3371.95,EICMOT,3446
242,2023-08-04 13:16:00,3374.0,NSE,3374.0,3372.15,3372.25,EICMOT,377
243,2023-08-04 13:17:00,3373.95,NSE,3374.0,3372.0,3372.5,EICMOT,457
244,2023-08-04 13:18:00,3372.95,NSE,3374.0,3372.05,3373.95,EICMOT,510
245,2023-08-04 13:19:00,3372.95,NSE,3373.0,3372.05,3372.95,EICMOT,600
246,2023-08-04 13:20:00,3372.0,NSE,3373.0,3372.0,3372.1,EICMOT,2695
247,2023-08-04 13:21:00,3372.9,NSE,3372.9,3372.0,3372.0,EICMOT,1731
248,2023-08-04 13:22:00,3372.85,NSE,3372.95,3372.0,3372.9,EICMOT,474
249,2023-08-04 13:23:00,3372.0,NSE,3372.95,3371.4,3372.9,EICMOT,2491
250,2023-08-04 13:24:00,3372.6,NSE,3374.0,3372.0,3372.0,EICMOT,518
251,2023-08-04 13:25:00,3373.6,NSE,3373.6,3372.0,3372.6,EICMOT,3834
252,2023-08-04 13:26:00,3373.05,NSE,3376.25,3372.0,3374.0,EICMOT,4967
253,2023-08-04 13:27:00,3376.0,NSE,3376.9,3373.05,3374.35,EICMOT,1020
254,2023-08-04 13:28:00,3370.3,NSE,3374.55,3370.2,3374.55,EICMOT,2766
255,2023-08-04 13:29:00,3371.55,NSE,3371.75,3370.6,3370.6,EICMOT,1800
256,2023-08-04 13:30:00,3371.5,NSE,3371.6,3370.0,3371.55,EICMOT,2333
257,2023-08-04 13:31:00,3371.5,NSE,3371.55,3370.2,3371.5,EICMOT,2981
258,2023-08-04 13:32:00,3369.2,NSE,3371.55,3368.25,3371.5,EICMOT,2803
259,2023-08-04 13:33:00,3367.5,NSE,3368.15,3366.0,3367.6,EICMOT,350
260,2023-08-04 13:34:00,3366.45,NSE,3368.0,3366.1,3366.1,EICMOT,676
261,2023-08-04 13:35:00,3365.1,NSE,3366.45,3365.1,3366.45,EICMOT,1213
262,2023-08-04 13:36:00,3367.35,NSE,3367.6,3363.5,3365.1,EICMOT,2392
263,2023-08-04 13:37:00,3368.15,NSE,3368.75,3365.0,3365.65,EICMOT,440
264,2023-08-04 13:38:00,3369.0,NSE,3369.0,3366.0,3368.15,EICMOT,804
265,2023-08-04 13:39:00,3369.95,NSE,3369.95,3368.0,3368.95,EICMOT,336
266,2023-08-04 13:40:00,3367.8,NSE,3369.95,3366.3,3369.95,EICMOT,740
267,2023-08-04 13:41:00,3363.2,NSE,3366.15,3362.0,3366.15,EICMOT,1511
268,2023-08-04 13:42:00,3362.15,NSE,3363.1,3361.0,3363.1,EICMOT,1607
269,2023-08-04 13:43:00,3361.0,NSE,3363.0,3360.95,3362.0,EICMOT,2417
270,2023-08-04 13:44:00,3361.0,NSE,3361.8,3360.0,3361.0,EICMOT,2854
271,2023-08-04 13:45:00,3361.05,NSE,3362.0,3361.0,3361.0,EICMOT,627
272,2023-08-04 13:46:00,3366.65,NSE,3366.65,3361.0,3362.0,EICMOT,1839
273,2023-08-04 13:47:00,3365.5,NSE,3368.4,3365.45,3366.6,EICMOT,494
274,2023-08-04 13:48:00,3367.0,NSE,3367.1,3365.5,3365.5,EICMOT,249
275,2023-08-04 13:49:00,3365.0,NSE,3368.0,3365.0,3367.1,EICMOT,2247
276,2023-08-04 13:50:00,3365.35,NSE,3365.35,3365.0,3365.0,EICMOT,873
277,2023-08-04 13:51:00,3365.35,NSE,3367.5,3365.25,3365.35,EICMOT,542
278,2023-08-04 13:52:00,3365.0,NSE,3366.5,3365.0,3366.5,EICMOT,1838
279,2023-08-04 13:53:00,3366.0,NSE,3366.75,3364.0,3364.85,EICMOT,3041
280,2023-08-04 13:54:00,3366.05,NSE,3366.35,3366.0,3366.0,EICMOT,1278
281,2023-08-04 13:55:00,3365.1,NSE,3370.55,3365.0,3366.05,EICMOT,6270
282,2023-08-04 13:56:00,3368.0,NSE,3369.45,3367.0,3367.0,EICMOT,6118
283,2023-08-04 13:57:00,3360.9,NSE,3367.05,3360.05,3367.05,EICMOT,4149
284,2023-08-04 13:58:00,3360.05,NSE,3361.5,3360.0,3360.9,EICMOT,1505
285,2023-08-04 13:59:00,3358.75,NSE,3360.05,3357.1,3360.05,EICMOT,3949
286,2023-08-04 14:00:00,3358.45,NSE,3358.45,3356.0,3358.45,EICMOT,2266
287,2023-08-04 14:01:00,3361.4,NSE,3362.45,3357.3,3358.45,EICMOT,1141
288,2023-08-04 14:02:00,3357.9,NSE,3361.35,3356.0,3361.1,EICMOT,1641
289,2023-08-04 14:03:00,3357.75,NSE,3360.95,3356.35,3357.0,EICMOT,1620
290,2023-08-04 14:04:00,3356.55,NSE,3357.85,3356.5,3357.75,EICMOT,1075
291,2023-08-04 14:05:00,3359.5,NSE,3359.6,3356.5,3357.3,EICMOT,1619
292,2023-08-04 14:06:00,3357.75,NSE,3360.0,3357.75,3359.5,EICMOT,497
293,2023-08-04 14:07:00,3357.55,NSE,3358.95,3356.25,3358.95,EICMOT,614
294,2023-08-04 14:08:00,3359.25,NSE,3360.0,3356.3,3356.3,EICMOT,1905
295,2023-08-04 14:09:00,3361.3,NSE,3361.9,3357.65,3359.25,EICMOT,2556
296,2023-08-04 14:10:00,3361.0,NSE,3361.95,3360.05,3361.3,EICMOT,354
297,2023-08-04 14:11:00,3365.3,NSE,3366.95,3360.6,3361.65,EICMOT,1551
298,2023-08-04 14:12:00,3366.75,NSE,3367.8,3365.25,3365.3,EICMOT,771
299,2023-08-04 14:13:00,3360.55,NSE,3366.75,3360.05,3366.75,EICMOT,4053
300,2023-08-04 14:14:00,3360.55,NSE,3362.3,3360.55,3360.55,EICMOT,469
301,2023-08-04 14:15:00,3360.05,NSE,3362.3,3360.05,3360.55,EICMOT,633
302,2023-08-04 14:16:00,3358.55,NSE,3361.4,3358.55,3360.05,EICMOT,2106
303,2023-08-04 14:17:00,3359.35,NSE,3359.8,3358.0,3359.55,EICMOT,1129
304,2023-08-04 14:18:00,3356.75,NSE,3359.35,3356.75,3359.35,EICMOT,1233
305,2023-08-04 14:19:00,3359.65,NSE,3359.7,3356.75,3356.75,EICMOT,1050
306,2023-08-04 14:20:00,3360.95,NSE,3361.45,3359.3,3359.65,EICMOT,785
307,2023-08-04 14:21:00,3358.1,NSE,3360.85,3357.0,3360.0,EICMOT,1171
308,2023-08-04 14:22:00,3356.15,NSE,3358.1,3356.15,3358.1,EICMOT,734
309,2023-08-04 14:23:00,3356.85,NSE,3357.35,3356.1,3356.15,EICMOT,518
310,2023-08-04 14:24:00,3357.0,NSE,3357.0,3356.0,3356.85,EICMOT,1206
311,2023-08-04 14:25:00,3357.1,NSE,3357.1,3356.0,3356.0,EICMOT,2502
312,2023-08-04 14:26:00,3357.95,NSE,3359.5,3357.1,3357.1,EICMOT,353
313,2023-08-04 14:27:00,3356.8,NSE,3358.8,3356.0,3358.8,EICMOT,1375
314,2023-08-04 14:28:00,3352.65,NSE,3356.7,3351.4,3356.0,EICMOT,6304
315,2023-08-04 14:29:00,3351.05,NSE,3352.65,3350.0,3352.65,EICMOT,4755
316,2023-08-04 14:30:00,3351.85,NSE,3351.9,3350.05,3351.05,EICMOT,1985
317,2023-08-04 14:31:00,3350.05,NSE,3353.0,3350.0,3351.85,EICMOT,3150
318,2023-08-04 14:32:00,3351.45,NSE,3351.45,3350.05,3350.05,EICMOT,1506
319,2023-08-04 14:33:00,3351.45,NSE,3352.0,3350.6,3351.45,EICMOT,1672
320,2023-08-04 14:34:00,3352.0,NSE,3352.65,3350.0,3352.65,EICMOT,1727
321,2023-08-04 14:35:00,3354.6,NSE,3355.3,3353.0,3353.0,EICMOT,1671
322,2023-08-04 14:36:00,3359.2,NSE,3359.55,3354.6,3354.65,EICMOT,2254
323,2023-08-04 14:37:00,3356.0,NSE,3359.5,3355.6,3359.2,EICMOT,1546
324,2023-08-04 14:38:00,3353.1,NSE,3356.25,3353.1,3356.0,EICMOT,1189
325,2023-08-04 14:39:00,3354.95,NSE,3355.0,3353.0,3354.45,EICMOT,1821
326,2023-08-04 14:40:00,3356.7,NSE,3357.2,3353.55,3355.0,EICMOT,511
327,2023-08-04 14:41:00,3355.5,NSE,3358.75,3355.5,3356.1,EICMOT,1332
328,2023-08-04 14:42:00,3355.1,NSE,3355.45,3354.0,3355.0,EICMOT,1188
329,2023-08-04 14:43:00,3354.6,NSE,3355.4,3353.8,3355.1,EICMOT,902
330,2023-08-04 14:44:00,3352.75,NSE,3354.6,3351.15,3354.6,EICMOT,2072
331,2023-08-04 14:45:00,3353.25,NSE,3353.85,3351.85,3352.75,EICMOT,2126
332,2023-08-04 14:46:00,3354.3,NSE,3354.3,3352.25,3353.1,EICMOT,1712
333,2023-08-04 14:47:00,3353.0,NSE,3354.55,3352.0,3354.55,EICMOT,1060
334,2023-08-04 14:48:00,3352.4,NSE,3353.55,3352.0,3353.0,EICMOT,742
335,2023-08-04 14:49:00,3351.2,NSE,3352.4,3351.2,3352.4,EICMOT,904
336,2023-08-04 14:50:00,3353.55,NSE,3355.6,3352.25,3352.25,EICMOT,2340
337,2023-08-04 14:51:00,3354.55,NSE,3355.5,3352.9,3354.15,EICMOT,787
338,2023-08-04 14:52:00,3354.25,NSE,3354.55,3352.75,3354.55,EICMOT,727
339,2023-08-04 14:53:00,3354.3,NSE,3354.45,3353.05,3354.25,EICMOT,1360
340,2023-08-04 14:54:00,3354.0,NSE,3354.25,3353.0,3354.25,EICMOT,924
341,2023-08-04 14:55:00,3353.4,NSE,3354.05,3352.05,3354.05,EICMOT,1644
342,2023-08-04 14:56:00,3353.9,NSE,3354.0,3351.0,3353.1,EICMOT,2632
343,2023-08-04 14:57:00,3354.1,NSE,3355.5,3353.05,3353.3,EICMOT,2424
344,2023-08-04 14:58:00,3357.6,NSE,3359.0,3354.0,3354.1,EICMOT,2372
345,2023-08-04 14:59:00,3359.95,NSE,3359.95,3356.3,3357.6,EICMOT,2113
346,2023-08-04 15:00:00,3360.9,NSE,3362.75,3360.0,3362.0,EICMOT,3769
347,2023-08-04 15:01:00,3360.2,NSE,3361.75,3360.0,3360.9,EICMOT,2081
348,2023-08-04 15:02:00,3360.55,NSE,3360.55,3360.0,3360.15,EICMOT,2388
349,2023-08-04 15:03:00,3360.05,NSE,3360.55,3360.0,3360.55,EICMOT,2733
350,2023-08-04 15:04:00,3360.25,NSE,3360.35,3360.0,3360.0,EICMOT,3466
351,2023-08-04 15:05:00,3361.5,NSE,3361.65,3360.0,3360.0,EICMOT,4417
352,2023-08-04 15:06:00,3360.25,NSE,3361.45,3360.0,3361.45,EICMOT,3641
353,2023-08-04 15:07:00,3360.0,NSE,3360.4,3360.0,3360.0,EICMOT,1986
354,2023-08-04 15:08:00,3360.2,NSE,3360.2,3360.0,3360.15,EICMOT,3429
355,2023-08-04 15:09:00,3360.0,NSE,3360.2,3360.0,3360.1,EICMOT,3402
356,2023-08-04 15:10:00,3361.35,NSE,3361.9,3360.0,3360.0,EICMOT,4359
357,2023-08-04 15:11:00,3360.9,NSE,3361.7,3360.0,3360.15,EICMOT,1972
358,2023-08-04 15:12:00,3360.0,NSE,3361.0,3360.0,3360.85,EICMOT,3540
359,2023-08-04 15:13:00,3360.05,NSE,3360.8,3359.95,3360.25,EICMOT,6312
360,2023-08-04 15:14:00,3360.05,NSE,3360.8,3360.0,3360.05,EICMOT,5831
361,2023-08-04 15:15:00,3360.25,NSE,3360.4,3360.0,3360.0,EICMOT,10369
362,2023-08-04 15:16:00,3360.05,NSE,3360.2,3360.0,3360.05,EICMOT,4149
363,2023-08-04 15:17:00,3358.05,NSE,3359.95,3357.1,3359.95,EICMOT,2389
364,2023-08-04 15:18:00,3360.05,NSE,3360.55,3357.05,3357.55,EICMOT,11093
365,2023-08-04 15:19:00,3357.7,NSE,3360.25,3357.25,3360.0,EICMOT,3776
366,2023-08-04 15:20:00,3354.15,NSE,3358.85,3354.1,3357.7,EICMOT,12816
367,2023-08-04 15:21:00,3361.65,NSE,3361.75,3355.75,3356.25,EICMOT,8555
368,2023-08-04 15:22:00,3361.55,NSE,3361.75,3360.15,3360.45,EICMOT,2442
369,2023-08-04 15:23:00,3361.55,NSE,3361.75,3360.7,3361.25,EICMOT,3408
370,2023-08-04 15:24:00,3358.2,NSE,3361.95,3356.95,3361.3,EICMOT,5907
371,2023-08-04 15:25:00,3360.3,NSE,3360.5,3358.15,3358.15,EICMOT,2713
372,2023-08-04 15:26:00,3362.15,NSE,3362.4,3359.9,3360.3,EICMOT,4443
373,2023-08-04 15:27:00,3359.95,NSE,3362.5,3359.0,3362.3,EICMOT,3287
374,2023-08-04 15:28:00,3356.0,NSE,3358.8,3354.0,3358.8,EICMOT,1989
375,2023-08-04 15:29:00,3359.9,NSE,3359.9,3354.0,3354.0,EICMOT,931
