,datetime,close,exchange_code,high,low,open,stock_code,volume
0,2021-09-30 09:30:00,4664.8,NSE,4664.95,4634.85,4639.05,LTTEC,4816
1,2021-09-30 09:31:00,4663.2,NSE,4664.9,4646.15,4661.75,LTTEC,3559
2,2021-09-30 09:32:00,4674.3,NSE,4677.0,4661.35,4663.2,LTTEC,3143
3,2021-09-30 09:33:00,4676.9,NSE,4686.05,4675.0,4675.0,LTTEC,2877
4,2021-09-30 09:34:00,4664.85,NSE,4675.0,4660.0,4674.45,LTTEC,1662
5,2021-09-30 09:35:00,4680.1,NSE,4682.0,4667.1,4667.15,LTTEC,1509
6,2021-09-30 09:36:00,4685.85,NSE,4685.85,4675.05,4680.1,LTTEC,1062
7,2021-09-30 09:37:00,4687.85,NSE,4696.0,4682.85,4685.85,LTTEC,3146
8,2021-09-30 09:38:00,4689.9,NSE,4692.0,4681.3,4683.1,LTTEC,1971
9,2021-09-30 09:39:00,4698.0,NSE,4698.0,4692.0,4692.0,LTTEC,1328
10,2021-09-30 09:40:00,4710.15,NSE,4715.8,4698.0,4699.0,LTTEC,3397
11,2021-09-30 09:41:00,4706.15,NSE,4711.15,4703.1,4708.0,LTTEC,2094
12,2021-09-30 09:42:00,4697.95,NSE,4709.5,4693.4,4709.5,LTTEC,2005
13,2021-09-30 09:43:00,4692.1,NSE,4700.0,4691.9,4696.35,LTTEC,1234
14,2021-09-30 09:44:00,4692.15,NSE,4697.95,4691.2,4691.2,LTTEC,773
15,2021-09-30 09:45:00,4699.95,NSE,4701.15,4692.65,4696.5,LTTEC,994
16,2021-09-30 09:46:00,4700.0,NSE,4706.2,4699.95,4700.0,LTTEC,1233
17,2021-09-30 09:47:00,4706.0,NSE,4706.95,4699.35,4703.0,LTTEC,905
18,2021-09-30 09:48:00,4707.0,NSE,4708.95,4705.0,4707.0,LTTEC,578
19,2021-09-30 09:49:00,4703.0,NSE,4712.05,4703.0,4707.0,LTTEC,1336
20,2021-09-30 09:50:00,4695.0,NSE,4704.3,4691.6,4700.0,LTTEC,1344
21,2021-09-30 09:51:00,4693.5,NSE,4695.0,4683.0,4691.0,LTTEC,2272
22,2021-09-30 09:52:00,4691.2,NSE,4698.1,4690.0,4691.0,LTTEC,1921
23,2021-09-30 09:53:00,4691.6,NSE,4692.6,4686.65,4692.4,LTTEC,775
24,2021-09-30 09:54:00,4684.0,NSE,4691.5,4684.0,4691.5,LTTEC,358
25,2021-09-30 09:55:00,4676.95,NSE,4686.0,4675.0,4684.0,LTTEC,1421
26,2021-09-30 09:56:00,4670.0,NSE,4677.0,4670.0,4677.0,LTTEC,1430
27,2021-09-30 09:57:00,4674.6,NSE,4674.9,4670.0,4670.0,LTTEC,1050
28,2021-09-30 09:58:00,4675.0,NSE,4675.0,4673.05,4674.55,LTTEC,920
29,2021-09-30 09:59:00,4685.1,NSE,4685.55,4674.0,4674.0,LTTEC,1964
30,2021-09-30 10:00:00,4685.95,NSE,4687.55,4682.0,4682.0,LTTEC,327
31,2021-09-30 10:01:00,4681.85,NSE,4685.6,4678.35,4685.0,LTTEC,433
32,2021-09-30 10:02:00,4681.35,NSE,4682.0,4676.25,4681.95,LTTEC,675
33,2021-09-30 10:03:00,4682.15,NSE,4682.15,4679.55,4679.55,LTTEC,395
34,2021-09-30 10:04:00,4683.0,NSE,4683.0,4680.05,4682.15,LTTEC,245
35,2021-09-30 10:05:00,4686.05,NSE,4686.1,4682.95,4683.0,LTTEC,1189
36,2021-09-30 10:06:00,4688.0,NSE,4688.0,4683.5,4686.05,LTTEC,370
37,2021-09-30 10:07:00,4705.45,NSE,4705.6,4686.1,4687.85,LTTEC,1030
38,2021-09-30 10:08:00,4696.0,NSE,4705.45,4691.3,4705.0,LTTEC,577
39,2021-09-30 10:09:00,4690.8,NSE,4697.1,4690.8,4696.0,LTTEC,465
40,2021-09-30 10:10:00,4688.7,NSE,4691.05,4685.0,4691.05,LTTEC,440
41,2021-09-30 10:11:00,4692.9,NSE,4694.7,4688.0,4690.8,LTTEC,216
42,2021-09-30 10:12:00,4694.15,NSE,4700.0,4692.85,4693.0,LTTEC,529
43,2021-09-30 10:13:00,4695.0,NSE,4696.3,4686.1,4695.0,LTTEC,700
44,2021-09-30 10:14:00,4690.15,NSE,4695.0,4687.1,4695.0,LTTEC,383
45,2021-09-30 10:15:00,4691.85,NSE,4694.95,4690.0,4690.0,LTTEC,459
46,2021-09-30 10:16:00,4688.55,NSE,4692.95,4685.0,4690.7,LTTEC,543
47,2021-09-30 10:17:00,4682.0,NSE,4688.55,4680.05,4688.55,LTTEC,697
48,2021-09-30 10:18:00,4685.0,NSE,4685.0,4682.05,4685.0,LTTEC,336
49,2021-09-30 10:19:00,4676.1,NSE,4685.3,4676.0,4683.0,LTTEC,2279
50,2021-09-30 10:20:00,4680.4,NSE,4686.0,4675.0,4675.2,LTTEC,2646
51,2021-09-30 10:21:00,4682.0,NSE,4684.0,4675.05,4680.45,LTTEC,1125
52,2021-09-30 10:22:00,4685.0,NSE,4685.0,4679.1,4682.0,LTTEC,414
53,2021-09-30 10:23:00,4686.85,NSE,4687.45,4684.05,4685.0,LTTEC,83
54,2021-09-30 10:24:00,4681.0,NSE,4686.1,4680.0,4684.0,LTTEC,683
55,2021-09-30 10:25:00,4681.95,NSE,4681.95,4675.65,4681.0,LTTEC,2154
56,2021-09-30 10:26:00,4681.8,NSE,4682.0,4680.0,4681.95,LTTEC,517
57,2021-09-30 10:27:00,4676.75,NSE,4681.8,4675.65,4681.8,LTTEC,261
58,2021-09-30 10:28:00,4690.4,NSE,4690.4,4678.9,4678.9,LTTEC,1217
59,2021-09-30 10:29:00,4692.0,NSE,4692.25,4687.0,4690.45,LTTEC,752
60,2021-09-30 10:30:00,4690.0,NSE,4692.0,4688.0,4691.95,LTTEC,206
61,2021-09-30 10:31:00,4687.0,NSE,4688.1,4686.0,4688.1,LTTEC,112
62,2021-09-30 10:32:00,4688.75,NSE,4694.85,4687.0,4687.0,LTTEC,583
63,2021-09-30 10:33:00,4697.3,NSE,4700.0,4691.05,4692.8,LTTEC,953
64,2021-09-30 10:34:00,4695.0,NSE,4700.0,4695.0,4697.5,LTTEC,761
65,2021-09-30 10:35:00,4699.7,NSE,4700.0,4692.0,4692.0,LTTEC,553
66,2021-09-30 10:36:00,4700.0,NSE,4702.35,4699.0,4701.0,LTTEC,485
67,2021-09-30 10:37:00,4704.85,NSE,4704.9,4699.0,4700.0,LTTEC,732
68,2021-09-30 10:38:00,4705.95,NSE,4708.0,4704.85,4704.85,LTTEC,343
69,2021-09-30 10:39:00,4703.95,NSE,4706.9,4701.0,4706.9,LTTEC,651
70,2021-09-30 10:40:00,4708.8,NSE,4708.8,4701.7,4701.7,LTTEC,887
71,2021-09-30 10:41:00,4710.1,NSE,4715.0,4708.0,4708.0,LTTEC,2056
72,2021-09-30 10:42:00,4719.0,NSE,4719.9,4709.0,4712.0,LTTEC,1523
73,2021-09-30 10:43:00,4728.6,NSE,4728.6,4718.0,4719.95,LTTEC,3386
74,2021-09-30 10:44:00,4721.1,NSE,4728.55,4720.0,4727.0,LTTEC,1534
75,2021-09-30 10:45:00,4717.0,NSE,4721.0,4715.0,4720.0,LTTEC,1288
76,2021-09-30 10:46:00,4722.0,NSE,4723.1,4717.75,4717.95,LTTEC,853
77,2021-09-30 10:47:00,4724.85,NSE,4726.7,4721.55,4721.85,LTTEC,663
78,2021-09-30 10:48:00,4722.95,NSE,4723.8,4721.05,4723.7,LTTEC,79
79,2021-09-30 10:49:00,4711.9,NSE,4722.95,4711.9,4722.95,LTTEC,555
80,2021-09-30 10:50:00,4706.4,NSE,4710.65,4702.05,4708.3,LTTEC,1164
81,2021-09-30 10:51:00,4716.1,NSE,4718.35,4706.45,4706.45,LTTEC,479
82,2021-09-30 10:52:00,4712.65,NSE,4716.85,4711.0,4715.75,LTTEC,357
83,2021-09-30 10:53:00,4712.1,NSE,4714.85,4712.1,4714.85,LTTEC,34
84,2021-09-30 10:54:00,4712.5,NSE,4712.5,4712.0,4712.1,LTTEC,315
85,2021-09-30 10:55:00,4714.95,NSE,4715.0,4712.0,4714.0,LTTEC,314
86,2021-09-30 10:56:00,4713.45,NSE,4716.0,4713.45,4714.95,LTTEC,172
87,2021-09-30 10:57:00,4713.0,NSE,4715.0,4713.0,4714.0,LTTEC,57
88,2021-09-30 10:58:00,4713.0,NSE,4714.0,4713.0,4714.0,LTTEC,114
89,2021-09-30 10:59:00,4710.0,NSE,4712.85,4710.0,4712.0,LTTEC,378
90,2021-09-30 11:00:00,4712.0,NSE,4712.0,4710.0,4710.0,LTTEC,197
91,2021-09-30 11:01:00,4711.65,NSE,4712.0,4709.0,4712.0,LTTEC,229
92,2021-09-30 11:02:00,4710.55,NSE,4711.65,4708.05,4709.05,LTTEC,321
93,2021-09-30 11:03:00,4708.05,NSE,4710.0,4708.05,4710.0,LTTEC,65
94,2021-09-30 11:04:00,4705.3,NSE,4710.0,4705.25,4710.0,LTTEC,441
95,2021-09-30 11:05:00,4708.5,NSE,4708.65,4705.05,4707.75,LTTEC,89
96,2021-09-30 11:06:00,4701.4,NSE,4708.5,4700.0,4708.5,LTTEC,979
97,2021-09-30 11:07:00,4700.0,NSE,4701.45,4699.0,4701.45,LTTEC,689
98,2021-09-30 11:08:00,4707.95,NSE,4708.0,4699.95,4699.95,LTTEC,1332
99,2021-09-30 11:09:00,4706.45,NSE,4707.95,4705.9,4707.95,LTTEC,117
100,2021-09-30 11:10:00,4706.6,NSE,4708.1,4706.0,4706.0,LTTEC,197
101,2021-09-30 11:11:00,4705.75,NSE,4708.8,4703.8,4706.6,LTTEC,307
102,2021-09-30 11:12:00,4704.3,NSE,4708.25,4704.05,4705.75,LTTEC,304
103,2021-09-30 11:13:00,4706.9,NSE,4706.9,4704.0,4705.0,LTTEC,212
104,2021-09-30 11:14:00,4704.5,NSE,4708.8,4701.4,4708.5,LTTEC,300
105,2021-09-30 11:15:00,4707.95,NSE,4708.2,4701.3,4704.35,LTTEC,534
106,2021-09-30 11:16:00,4707.45,NSE,4707.95,4705.45,4705.6,LTTEC,325
107,2021-09-30 11:17:00,4706.1,NSE,4711.15,4705.75,4709.0,LTTEC,540
108,2021-09-30 11:18:00,4703.65,NSE,4706.05,4703.65,4704.75,LTTEC,133
109,2021-09-30 11:19:00,4702.4,NSE,4703.7,4700.75,4702.0,LTTEC,419
110,2021-09-30 11:20:00,4701.65,NSE,4702.4,4700.0,4702.4,LTTEC,261
111,2021-09-30 11:21:00,4703.6,NSE,4703.6,4700.9,4701.65,LTTEC,451
112,2021-09-30 11:22:00,4702.8,NSE,4707.55,4700.0,4702.3,LTTEC,365
113,2021-09-30 11:23:00,4703.9,NSE,4704.8,4700.2,4702.85,LTTEC,220
114,2021-09-30 11:24:00,4700.75,NSE,4704.0,4700.0,4704.0,LTTEC,280
115,2021-09-30 11:25:00,4701.5,NSE,4702.0,4700.0,4700.6,LTTEC,317
116,2021-09-30 11:26:00,4700.2,NSE,4702.0,4700.2,4700.25,LTTEC,149
117,2021-09-30 11:27:00,4700.0,NSE,4701.0,4699.9,4700.0,LTTEC,536
118,2021-09-30 11:28:00,4701.1,NSE,4702.0,4700.05,4700.95,LTTEC,367
119,2021-09-30 11:29:00,4701.5,NSE,4704.0,4700.0,4701.05,LTTEC,263
120,2021-09-30 11:30:00,4700.85,NSE,4702.0,4699.9,4700.0,LTTEC,462
121,2021-09-30 11:31:00,4703.1,NSE,4703.7,4700.5,4700.65,LTTEC,187
122,2021-09-30 11:32:00,4707.25,NSE,4707.25,4700.5,4700.55,LTTEC,534
123,2021-09-30 11:33:00,4701.5,NSE,4705.5,4701.3,4703.05,LTTEC,228
124,2021-09-30 11:34:00,4705.9,NSE,4705.9,4701.0,4704.3,LTTEC,443
125,2021-09-30 11:35:00,4705.5,NSE,4705.7,4702.7,4702.7,LTTEC,112
126,2021-09-30 11:36:00,4700.0,NSE,4704.0,4700.0,4704.0,LTTEC,589
127,2021-09-30 11:37:00,4702.75,NSE,4704.85,4700.0,4700.0,LTTEC,150
128,2021-09-30 11:38:00,4703.25,NSE,4705.0,4701.5,4701.5,LTTEC,378
129,2021-09-30 11:39:00,4701.15,NSE,4702.05,4700.0,4702.05,LTTEC,410
130,2021-09-30 11:40:00,4700.05,NSE,4701.15,4700.05,4701.15,LTTEC,306
131,2021-09-30 11:41:00,4703.05,NSE,4703.65,4700.35,4700.4,LTTEC,137
132,2021-09-30 11:42:00,4702.9,NSE,4704.45,4700.25,4700.5,LTTEC,291
133,2021-09-30 11:43:00,4700.4,NSE,4702.95,4699.9,4700.65,LTTEC,1003
134,2021-09-30 11:44:00,4700.45,NSE,4702.85,4700.25,4700.25,LTTEC,90
135,2021-09-30 11:45:00,4701.55,NSE,4702.65,4697.55,4700.0,LTTEC,377
136,2021-09-30 11:46:00,4701.1,NSE,4704.85,4700.0,4700.0,LTTEC,194
137,2021-09-30 11:47:00,4700.75,NSE,4700.85,4700.0,4700.5,LTTEC,122
138,2021-09-30 11:48:00,4701.4,NSE,4704.0,4700.0,4700.0,LTTEC,338
139,2021-09-30 11:49:00,4700.0,NSE,4703.0,4699.8,4702.0,LTTEC,309
140,2021-09-30 11:50:00,4700.0,NSE,4702.3,4699.7,4700.0,LTTEC,586
141,2021-09-30 11:51:00,4697.75,NSE,4701.15,4696.9,4700.0,LTTEC,481
142,2021-09-30 11:52:00,4702.0,NSE,4702.0,4697.75,4699.55,LTTEC,626
143,2021-09-30 11:53:00,4699.95,NSE,4701.95,4699.9,4700.0,LTTEC,371
144,2021-09-30 11:54:00,4699.9,NSE,4702.0,4699.9,4700.0,LTTEC,205
145,2021-09-30 11:55:00,4700.0,NSE,4702.45,4699.9,4700.0,LTTEC,225
146,2021-09-30 11:56:00,4700.1,NSE,4701.9,4699.9,4699.9,LTTEC,105
147,2021-09-30 11:57:00,4691.05,NSE,4701.7,4691.05,4700.0,LTTEC,746
148,2021-09-30 11:58:00,4686.75,NSE,4695.75,4686.75,4690.8,LTTEC,886
149,2021-09-30 11:59:00,4681.65,NSE,4689.9,4681.1,4687.1,LTTEC,744
150,2021-09-30 12:00:00,4684.5,NSE,4686.8,4681.6,4681.9,LTTEC,444
151,2021-09-30 12:01:00,4686.9,NSE,4688.85,4683.55,4687.45,LTTEC,282
152,2021-09-30 12:02:00,4689.0,NSE,4689.5,4685.05,4686.6,LTTEC,189
153,2021-09-30 12:03:00,4689.35,NSE,4689.35,4686.75,4689.3,LTTEC,765
154,2021-09-30 12:04:00,4690.85,NSE,4690.85,4689.0,4689.35,LTTEC,237
155,2021-09-30 12:05:00,4690.15,NSE,4691.95,4686.85,4691.45,LTTEC,372
156,2021-09-30 12:06:00,4691.85,NSE,4691.85,4687.0,4691.2,LTTEC,524
157,2021-09-30 12:07:00,4687.0,NSE,4694.0,4687.0,4692.9,LTTEC,1240
158,2021-09-30 12:08:00,4686.0,NSE,4687.0,4685.75,4686.0,LTTEC,164
159,2021-09-30 12:09:00,4685.5,NSE,4686.55,4685.5,4686.0,LTTEC,260
160,2021-09-30 12:10:00,4683.35,NSE,4686.0,4683.35,4686.0,LTTEC,767
161,2021-09-30 12:11:00,4682.5,NSE,4684.6,4681.8,4683.35,LTTEC,377
162,2021-09-30 12:12:00,4681.55,NSE,4684.55,4681.55,4682.55,LTTEC,363
163,2021-09-30 12:13:00,4675.9,NSE,4682.55,4675.9,4681.55,LTTEC,1068
164,2021-09-30 12:14:00,4673.05,NSE,4675.9,4670.0,4675.9,LTTEC,947
165,2021-09-30 12:15:00,4669.05,NSE,4673.05,4666.9,4673.05,LTTEC,772
166,2021-09-30 12:16:00,4667.3,NSE,4668.7,4662.8,4666.5,LTTEC,1213
167,2021-09-30 12:17:00,4665.5,NSE,4670.0,4664.95,4666.0,LTTEC,725
168,2021-09-30 12:18:00,4660.1,NSE,4670.0,4660.1,4665.8,LTTEC,2131
169,2021-09-30 12:19:00,4659.9,NSE,4662.2,4655.7,4660.0,LTTEC,618
170,2021-09-30 12:20:00,4658.75,NSE,4661.2,4655.9,4661.2,LTTEC,1259
171,2021-09-30 12:21:00,4660.55,NSE,4661.95,4657.4,4658.7,LTTEC,513
172,2021-09-30 12:22:00,4666.7,NSE,4666.7,4662.0,4662.0,LTTEC,675
173,2021-09-30 12:23:00,4665.85,NSE,4666.65,4663.0,4666.65,LTTEC,426
174,2021-09-30 12:24:00,4673.05,NSE,4677.05,4665.95,4665.95,LTTEC,975
175,2021-09-30 12:25:00,4675.9,NSE,4680.0,4673.05,4674.9,LTTEC,670
176,2021-09-30 12:26:00,4682.0,NSE,4685.85,4675.9,4675.9,LTTEC,930
177,2021-09-30 12:27:00,4682.3,NSE,4684.0,4680.15,4682.0,LTTEC,382
178,2021-09-30 12:28:00,4683.2,NSE,4684.95,4680.65,4682.45,LTTEC,486
179,2021-09-30 12:29:00,4678.0,NSE,4684.8,4675.55,4684.8,LTTEC,715
180,2021-09-30 12:30:00,4678.3,NSE,4683.05,4678.3,4680.5,LTTEC,451
181,2021-09-30 12:31:00,4681.55,NSE,4684.35,4681.25,4682.75,LTTEC,404
182,2021-09-30 12:32:00,4679.15,NSE,4680.9,4675.75,4680.0,LTTEC,384
183,2021-09-30 12:33:00,4678.15,NSE,4679.65,4672.45,4679.65,LTTEC,659
184,2021-09-30 12:34:00,4674.1,NSE,4677.95,4668.05,4675.45,LTTEC,580
185,2021-09-30 12:35:00,4666.4,NSE,4672.95,4666.4,4672.95,LTTEC,497
186,2021-09-30 12:36:00,4671.1,NSE,4671.1,4667.85,4668.0,LTTEC,564
187,2021-09-30 12:37:00,4655.0,NSE,4671.0,4655.0,4668.0,LTTEC,2727
188,2021-09-30 12:38:00,4671.15,NSE,4671.15,4660.8,4660.8,LTTEC,869
189,2021-09-30 12:39:00,4676.0,NSE,4679.95,4671.8,4673.85,LTTEC,642
190,2021-09-30 12:40:00,4672.9,NSE,4677.65,4671.95,4677.65,LTTEC,477
191,2021-09-30 12:41:00,4688.4,NSE,4688.4,4671.95,4672.0,LTTEC,1657
192,2021-09-30 12:42:00,4685.55,NSE,4691.85,4685.55,4690.0,LTTEC,470
193,2021-09-30 12:43:00,4684.15,NSE,4688.0,4681.75,4687.95,LTTEC,553
194,2021-09-30 12:44:00,4673.35,NSE,4683.05,4673.35,4681.45,LTTEC,171
195,2021-09-30 12:45:00,4672.4,NSE,4674.15,4666.4,4672.65,LTTEC,408
196,2021-09-30 12:46:00,4673.35,NSE,4673.35,4667.95,4672.15,LTTEC,395
197,2021-09-30 12:47:00,4672.05,NSE,4675.45,4672.0,4672.0,LTTEC,136
198,2021-09-30 12:48:00,4674.0,NSE,4677.1,4670.0,4671.8,LTTEC,424
199,2021-09-30 12:49:00,4676.0,NSE,4677.1,4673.9,4675.55,LTTEC,381
200,2021-09-30 12:50:00,4681.0,NSE,4681.0,4676.35,4676.35,LTTEC,444
201,2021-09-30 12:51:00,4686.1,NSE,4687.9,4681.5,4681.5,LTTEC,801
202,2021-09-30 12:52:00,4689.6,NSE,4690.0,4686.95,4689.7,LTTEC,525
203,2021-09-30 12:53:00,4689.6,NSE,4689.9,4686.8,4689.6,LTTEC,479
204,2021-09-30 12:54:00,4689.85,NSE,4689.9,4688.85,4688.9,LTTEC,868
205,2021-09-30 12:55:00,4689.6,NSE,4689.9,4684.05,4688.55,LTTEC,630
206,2021-09-30 12:56:00,4697.75,NSE,4697.75,4685.05,4689.6,LTTEC,1086
207,2021-09-30 12:57:00,4696.85,NSE,4697.85,4693.65,4693.65,LTTEC,506
208,2021-09-30 12:58:00,4697.7,NSE,4698.45,4691.6,4696.75,LTTEC,817
209,2021-09-30 12:59:00,4701.15,NSE,4702.0,4696.75,4696.75,LTTEC,994
210,2021-09-30 13:00:00,4712.95,NSE,4718.3,4700.0,4701.0,LTTEC,2301
211,2021-09-30 13:01:00,4710.0,NSE,4714.0,4710.0,4712.95,LTTEC,560
212,2021-09-30 13:02:00,4703.8,NSE,4710.0,4703.8,4710.0,LTTEC,483
213,2021-09-30 13:03:00,4699.9,NSE,4704.5,4699.9,4702.95,LTTEC,651
214,2021-09-30 13:04:00,4705.0,NSE,4707.7,4696.8,4697.8,LTTEC,801
215,2021-09-30 13:05:00,4699.0,NSE,4707.0,4699.0,4705.0,LTTEC,474
216,2021-09-30 13:06:00,4690.0,NSE,4699.0,4690.0,4699.0,LTTEC,355
217,2021-09-30 13:07:00,4685.8,NSE,4690.15,4685.8,4690.0,LTTEC,402
218,2021-09-30 13:08:00,4683.95,NSE,4690.0,4681.2,4684.8,LTTEC,956
219,2021-09-30 13:09:00,4697.8,NSE,4699.0,4682.45,4682.45,LTTEC,1040
220,2021-09-30 13:10:00,4702.0,NSE,4704.95,4700.0,4700.0,LTTEC,218
221,2021-09-30 13:11:00,4700.0,NSE,4702.05,4700.0,4702.0,LTTEC,293
222,2021-09-30 13:12:00,4702.0,NSE,4702.0,4700.0,4700.0,LTTEC,363
223,2021-09-30 13:13:00,4701.55,NSE,4701.55,4700.0,4700.0,LTTEC,606
224,2021-09-30 13:14:00,4700.0,NSE,4702.95,4700.0,4701.2,LTTEC,249
225,2021-09-30 13:15:00,4700.0,NSE,4702.85,4698.0,4700.0,LTTEC,897
226,2021-09-30 13:16:00,4700.05,NSE,4702.55,4700.0,4700.35,LTTEC,180
227,2021-09-30 13:17:00,4691.15,NSE,4700.3,4688.4,4700.05,LTTEC,902
228,2021-09-30 13:18:00,4685.4,NSE,4691.0,4685.3,4688.55,LTTEC,199
229,2021-09-30 13:19:00,4689.0,NSE,4693.55,4685.0,4685.4,LTTEC,938
230,2021-09-30 13:20:00,4682.1,NSE,4697.55,4682.0,4688.7,LTTEC,865
231,2021-09-30 13:21:00,4685.15,NSE,4688.0,4675.0,4681.1,LTTEC,696
232,2021-09-30 13:22:00,4689.2,NSE,4690.0,4678.4,4684.05,LTTEC,810
233,2021-09-30 13:23:00,4694.7,NSE,4697.2,4690.0,4690.0,LTTEC,371
234,2021-09-30 13:24:00,4693.2,NSE,4698.9,4692.4,4694.8,LTTEC,1497
235,2021-09-30 13:25:00,4700.0,NSE,4702.0,4693.15,4695.8,LTTEC,534
236,2021-09-30 13:26:00,4692.9,NSE,4704.0,4692.05,4702.7,LTTEC,934
237,2021-09-30 13:27:00,4699.65,NSE,4702.45,4689.3,4689.3,LTTEC,956
238,2021-09-30 13:28:00,4702.0,NSE,4702.0,4695.4,4698.85,LTTEC,2138
239,2021-09-30 13:29:00,4700.8,NSE,4702.0,4700.35,4702.0,LTTEC,331
240,2021-09-30 13:30:00,4694.0,NSE,4701.05,4693.1,4700.8,LTTEC,682
241,2021-09-30 13:31:00,4705.0,NSE,4706.0,4694.0,4694.0,LTTEC,1067
242,2021-09-30 13:32:00,4700.0,NSE,4704.95,4700.0,4704.95,LTTEC,188
243,2021-09-30 13:33:00,4702.05,NSE,4702.05,4700.0,4701.0,LTTEC,375
244,2021-09-30 13:34:00,4700.0,NSE,4702.1,4700.0,4702.1,LTTEC,665
245,2021-09-30 13:35:00,4700.0,NSE,4700.0,4700.0,4700.0,LTTEC,150
246,2021-09-30 13:36:00,4700.0,NSE,4700.05,4700.0,4700.0,LTTEC,196
247,2021-09-30 13:37:00,4700.45,NSE,4701.0,4699.9,4700.1,LTTEC,397
248,2021-09-30 13:38:00,4695.35,NSE,4702.25,4695.35,4700.4,LTTEC,203
249,2021-09-30 13:39:00,4692.0,NSE,4695.45,4692.0,4692.0,LTTEC,198
250,2021-09-30 13:40:00,4700.0,NSE,4701.4,4692.2,4692.6,LTTEC,597
251,2021-09-30 13:41:00,4690.0,NSE,4701.4,4690.0,4701.4,LTTEC,399
252,2021-09-30 13:42:00,4698.45,NSE,4700.0,4691.75,4692.85,LTTEC,509
253,2021-09-30 13:43:00,4700.0,NSE,4701.5,4691.45,4694.2,LTTEC,851
254,2021-09-30 13:44:00,4699.0,NSE,4700.05,4691.6,4700.05,LTTEC,1162
255,2021-09-30 13:45:00,4697.2,NSE,4701.5,4690.8,4700.1,LTTEC,828
256,2021-09-30 13:46:00,4700.95,NSE,4701.5,4692.2,4700.0,LTTEC,1466
257,2021-09-30 13:47:00,4697.1,NSE,4701.75,4697.1,4701.75,LTTEC,521
258,2021-09-30 13:48:00,4700.1,NSE,4701.8,4700.0,4700.0,LTTEC,379
259,2021-09-30 13:49:00,4706.45,NSE,4706.5,4700.0,4700.0,LTTEC,1022
260,2021-09-30 13:50:00,4703.9,NSE,4706.5,4702.65,4706.5,LTTEC,74
261,2021-09-30 13:51:00,4706.45,NSE,4707.0,4703.9,4706.45,LTTEC,253
262,2021-09-30 13:52:00,4702.75,NSE,4706.45,4702.75,4706.45,LTTEC,202
263,2021-09-30 13:53:00,4702.75,NSE,4705.9,4702.75,4705.9,LTTEC,139
264,2021-09-30 13:54:00,4701.9,NSE,4702.9,4701.85,4702.0,LTTEC,179
265,2021-09-30 13:55:00,4701.9,NSE,4702.0,4700.15,4701.85,LTTEC,293
266,2021-09-30 13:56:00,4705.0,NSE,4705.0,4700.75,4701.0,LTTEC,566
267,2021-09-30 13:57:00,4706.0,NSE,4706.0,4701.25,4705.0,LTTEC,649
268,2021-09-30 13:58:00,4703.85,NSE,4706.0,4703.85,4703.85,LTTEC,186
269,2021-09-30 13:59:00,4705.9,NSE,4706.8,4701.4,4705.85,LTTEC,223
270,2021-09-30 14:00:00,4705.0,NSE,4708.4,4704.9,4706.95,LTTEC,330
271,2021-09-30 14:01:00,4705.4,NSE,4708.4,4705.0,4705.0,LTTEC,313
272,2021-09-30 14:02:00,4708.0,NSE,4709.0,4706.7,4706.7,LTTEC,424
273,2021-09-30 14:03:00,4710.0,NSE,4711.55,4706.7,4708.8,LTTEC,857
274,2021-09-30 14:04:00,4708.9,NSE,4710.9,4706.0,4710.9,LTTEC,230
275,2021-09-30 14:05:00,4707.5,NSE,4708.4,4705.9,4707.1,LTTEC,653
276,2021-09-30 14:06:00,4705.0,NSE,4706.95,4700.0,4705.95,LTTEC,1362
277,2021-09-30 14:07:00,4702.85,NSE,4706.85,4702.85,4706.85,LTTEC,166
278,2021-09-30 14:08:00,4705.0,NSE,4705.0,4700.85,4702.95,LTTEC,548
279,2021-09-30 14:09:00,4707.0,NSE,4707.0,4705.0,4705.0,LTTEC,315
280,2021-09-30 14:10:00,4705.0,NSE,4706.8,4705.0,4706.8,LTTEC,168
281,2021-09-30 14:11:00,4710.0,NSE,4711.0,4704.9,4705.0,LTTEC,1825
282,2021-09-30 14:12:00,4710.0,NSE,4710.6,4704.95,4710.6,LTTEC,1053
283,2021-09-30 14:13:00,4709.75,NSE,4710.4,4701.75,4709.35,LTTEC,1595
284,2021-09-30 14:14:00,4707.3,NSE,4709.65,4705.6,4709.65,LTTEC,143
285,2021-09-30 14:15:00,4706.3,NSE,4707.95,4701.9,4705.5,LTTEC,284
286,2021-09-30 14:16:00,4703.55,NSE,4706.85,4703.55,4704.75,LTTEC,130
287,2021-09-30 14:17:00,4698.65,NSE,4703.3,4698.65,4701.9,LTTEC,492
288,2021-09-30 14:18:00,4703.9,NSE,4703.95,4698.15,4698.65,LTTEC,722
289,2021-09-30 14:19:00,4701.95,NSE,4704.0,4697.05,4704.0,LTTEC,348
290,2021-09-30 14:20:00,4700.1,NSE,4701.4,4700.1,4700.3,LTTEC,107
291,2021-09-30 14:21:00,4700.0,NSE,4700.95,4700.0,4700.1,LTTEC,173
292,2021-09-30 14:22:00,4699.25,NSE,4700.35,4692.05,4699.55,LTTEC,968
293,2021-09-30 14:23:00,4691.7,NSE,4699.35,4690.95,4699.3,LTTEC,725
294,2021-09-30 14:24:00,4691.0,NSE,4695.8,4691.0,4695.8,LTTEC,308
295,2021-09-30 14:25:00,4688.05,NSE,4690.0,4687.4,4690.0,LTTEC,362
296,2021-09-30 14:26:00,4687.9,NSE,4689.0,4686.3,4688.05,LTTEC,404
297,2021-09-30 14:27:00,4682.85,NSE,4687.65,4682.85,4685.0,LTTEC,466
298,2021-09-30 14:28:00,4682.5,NSE,4682.85,4680.0,4682.85,LTTEC,894
299,2021-09-30 14:29:00,4683.25,NSE,4686.15,4680.05,4682.5,LTTEC,726
300,2021-09-30 14:30:00,4680.4,NSE,4683.4,4680.4,4683.4,LTTEC,188
301,2021-09-30 14:31:00,4685.1,NSE,4689.0,4680.05,4680.05,LTTEC,672
302,2021-09-30 14:32:00,4686.5,NSE,4689.0,4680.9,4685.0,LTTEC,700
303,2021-09-30 14:33:00,4697.05,NSE,4697.7,4686.5,4686.5,LTTEC,576
304,2021-09-30 14:34:00,4683.1,NSE,4696.15,4680.6,4696.15,LTTEC,189
305,2021-09-30 14:35:00,4686.15,NSE,4689.95,4682.95,4683.0,LTTEC,1047
306,2021-09-30 14:36:00,4685.0,NSE,4689.5,4683.8,4687.8,LTTEC,224
307,2021-09-30 14:37:00,4689.0,NSE,4689.7,4685.0,4685.0,LTTEC,635
308,2021-09-30 14:38:00,4690.4,NSE,4695.55,4686.5,4689.0,LTTEC,850
309,2021-09-30 14:39:00,4697.0,NSE,4697.7,4690.05,4692.95,LTTEC,566
310,2021-09-30 14:40:00,4697.95,NSE,4698.9,4696.1,4697.9,LTTEC,395
311,2021-09-30 14:41:00,4698.8,NSE,4700.0,4696.0,4696.0,LTTEC,526
312,2021-09-30 14:42:00,4698.0,NSE,4700.85,4698.0,4698.0,LTTEC,474
313,2021-09-30 14:43:00,4698.9,NSE,4701.0,4698.9,4700.0,LTTEC,272
314,2021-09-30 14:44:00,4698.5,NSE,4701.85,4698.5,4701.8,LTTEC,194
315,2021-09-30 14:45:00,4700.0,NSE,4700.2,4698.3,4698.3,LTTEC,865
316,2021-09-30 14:46:00,4701.95,NSE,4702.0,4698.95,4701.05,LTTEC,112
317,2021-09-30 14:47:00,4685.65,NSE,4705.0,4681.0,4702.0,LTTEC,1873
318,2021-09-30 14:48:00,4689.85,NSE,4689.9,4680.0,4685.25,LTTEC,1231
319,2021-09-30 14:49:00,4690.95,NSE,4694.25,4688.95,4688.95,LTTEC,363
320,2021-09-30 14:50:00,4692.1,NSE,4699.75,4690.05,4690.05,LTTEC,320
321,2021-09-30 14:51:00,4695.6,NSE,4698.95,4692.15,4692.15,LTTEC,299
322,2021-09-30 14:52:00,4692.05,NSE,4699.9,4692.0,4698.7,LTTEC,401
323,2021-09-30 14:53:00,4699.0,NSE,4699.95,4692.05,4694.0,LTTEC,1194
324,2021-09-30 14:54:00,4699.7,NSE,4701.25,4697.0,4697.05,LTTEC,740
325,2021-09-30 14:55:00,4700.0,NSE,4701.7,4698.05,4698.05,LTTEC,522
326,2021-09-30 14:56:00,4696.6,NSE,4701.95,4696.6,4700.0,LTTEC,493
327,2021-09-30 14:57:00,4691.45,NSE,4697.0,4691.2,4696.8,LTTEC,278
328,2021-09-30 14:58:00,4695.45,NSE,4698.7,4692.1,4694.0,LTTEC,1589
329,2021-09-30 14:59:00,4695.5,NSE,4696.75,4692.65,4695.5,LTTEC,261
330,2021-09-30 15:00:00,4694.15,NSE,4699.8,4693.1,4696.0,LTTEC,756
331,2021-09-30 15:01:00,4696.0,NSE,4696.7,4692.35,4692.6,LTTEC,584
332,2021-09-30 15:02:00,4694.8,NSE,4695.0,4691.0,4691.65,LTTEC,481
333,2021-09-30 15:03:00,4694.75,NSE,4698.0,4694.75,4697.15,LTTEC,509
334,2021-09-30 15:04:00,4697.35,NSE,4697.95,4692.35,4693.8,LTTEC,915
335,2021-09-30 15:05:00,4696.35,NSE,4700.0,4694.0,4694.4,LTTEC,1860
336,2021-09-30 15:06:00,4699.5,NSE,4699.75,4696.4,4696.4,LTTEC,478
337,2021-09-30 15:07:00,4703.95,NSE,4703.95,4699.15,4699.5,LTTEC,1484
338,2021-09-30 15:08:00,4700.05,NSE,4703.95,4699.35,4703.85,LTTEC,465
339,2021-09-30 15:09:00,4702.45,NSE,4703.0,4701.4,4703.0,LTTEC,1088
340,2021-09-30 15:10:00,4703.0,NSE,4703.0,4700.0,4702.95,LTTEC,1501
341,2021-09-30 15:11:00,4703.0,NSE,4705.35,4696.25,4703.0,LTTEC,3019
342,2021-09-30 15:12:00,4695.0,NSE,4704.0,4695.0,4703.0,LTTEC,1028
343,2021-09-30 15:13:00,4697.6,NSE,4701.9,4694.7,4697.8,LTTEC,1676
344,2021-09-30 15:14:00,4702.35,NSE,4702.5,4696.5,4697.5,LTTEC,1710
345,2021-09-30 15:15:00,4697.6,NSE,4702.4,4697.6,4702.4,LTTEC,1071
346,2021-09-30 15:16:00,4694.7,NSE,4698.05,4694.05,4696.0,LTTEC,648
347,2021-09-30 15:17:00,4692.25,NSE,4697.0,4691.75,4694.65,LTTEC,1023
348,2021-09-30 15:18:00,4694.0,NSE,4695.95,4692.15,4694.35,LTTEC,569
349,2021-09-30 15:19:00,4697.0,NSE,4697.0,4692.05,4693.05,LTTEC,1080
350,2021-09-30 15:20:00,4695.5,NSE,4697.0,4693.8,4696.0,LTTEC,1176
351,2021-09-30 15:21:00,4692.1,NSE,4699.8,4691.7,4695.7,LTTEC,3766
352,2021-09-30 15:22:00,4694.8,NSE,4696.0,4692.1,4692.1,LTTEC,512
353,2021-09-30 15:23:00,4694.65,NSE,4694.95,4694.1,4694.8,LTTEC,515
354,2021-09-30 15:24:00,4696.6,NSE,4696.8,4694.35,4694.8,LTTEC,1393
355,2021-09-30 15:25:00,4693.65,NSE,4697.2,4693.05,4697.2,LTTEC,978
356,2021-09-30 15:26:00,4700.0,NSE,4700.0,4694.65,4694.65,LTTEC,1161
357,2021-09-30 15:27:00,4694.5,NSE,4700.0,4694.5,4700.0,LTTEC,818
358,2021-09-30 15:28:00,4692.0,NSE,4694.5,4691.0,4694.0,LTTEC,1103
359,2021-09-30 15:29:00,4690.0,NSE,4693.0,4690.0,4693.0,LTTEC,977
