,datetime,close,exchange_code,high,low,open,stock_code,volume
0,2020-10-28 09:30:00,77.6,NSE,77.7,77.45,77.7,INDOIL,99541
1,2020-10-28 09:31:00,77.7,NSE,77.7,77.5,77.6,INDOIL,18131
2,2020-10-28 09:32:00,77.75,NSE,77.75,77.65,77.65,INDOIL,11530
3,2020-10-28 09:33:00,77.75,NSE,77.85,77.65,77.65,INDOIL,69847
4,2020-10-28 09:34:00,77.75,NSE,77.8,77.7,77.8,INDOIL,36836
5,2020-10-28 09:35:00,77.7,NSE,77.75,77.7,77.75,INDOIL,48393
6,2020-10-28 09:36:00,77.8,NSE,77.8,77.65,77.65,INDOIL,46269
7,2020-10-28 09:37:00,77.8,NSE,77.9,77.75,77.85,INDOIL,40812
8,2020-10-28 09:38:00,77.85,NSE,77.85,77.8,77.85,INDOIL,7396
9,2020-10-28 09:39:00,77.8,NSE,77.85,77.8,77.8,INDOIL,12078
10,2020-10-28 09:40:00,77.75,NSE,77.8,77.7,77.75,INDOIL,25129
11,2020-10-28 09:41:00,77.7,NSE,77.8,77.65,77.7,INDOIL,34882
12,2020-10-28 09:42:00,77.7,NSE,77.7,77.65,77.65,INDOIL,10208
13,2020-10-28 09:43:00,77.6,NSE,77.7,77.6,77.7,INDOIL,31560
14,2020-10-28 09:44:00,77.5,NSE,77.7,77.5,77.65,INDOIL,60348
15,2020-10-28 09:45:00,77.6,NSE,77.6,77.5,77.55,INDOIL,21639
16,2020-10-28 09:46:00,77.75,NSE,77.75,77.55,77.55,INDOIL,40316
17,2020-10-28 09:47:00,77.8,NSE,77.8,77.7,77.7,INDOIL,6218
18,2020-10-28 09:48:00,77.75,NSE,77.85,77.7,77.8,INDOIL,75581
19,2020-10-28 09:49:00,77.7,NSE,77.75,77.65,77.75,INDOIL,16240
20,2020-10-28 09:50:00,77.65,NSE,77.75,77.6,77.7,INDOIL,6949
21,2020-10-28 09:51:00,77.6,NSE,77.7,77.6,77.7,INDOIL,3822
22,2020-10-28 09:52:00,77.65,NSE,77.75,77.6,77.7,INDOIL,43108
23,2020-10-28 09:53:00,77.65,NSE,77.7,77.6,77.7,INDOIL,8066
24,2020-10-28 09:54:00,77.65,NSE,77.65,77.6,77.65,INDOIL,23988
25,2020-10-28 09:55:00,77.6,NSE,77.65,77.6,77.6,INDOIL,20291
26,2020-10-28 09:56:00,77.55,NSE,77.65,77.55,77.65,INDOIL,4669
27,2020-10-28 09:57:00,77.7,NSE,77.7,77.55,77.55,INDOIL,52214
28,2020-10-28 09:58:00,77.6,NSE,77.7,77.6,77.7,INDOIL,8471
29,2020-10-28 09:59:00,77.65,NSE,77.7,77.6,77.6,INDOIL,5354
30,2020-10-28 10:00:00,77.6,NSE,77.7,77.6,77.65,INDOIL,2665
31,2020-10-28 10:01:00,77.7,NSE,77.7,77.6,77.6,INDOIL,5388
32,2020-10-28 10:02:00,77.75,NSE,77.75,77.6,77.7,INDOIL,38549
33,2020-10-28 10:03:00,77.7,NSE,77.75,77.65,77.75,INDOIL,6961
34,2020-10-28 10:04:00,77.7,NSE,77.7,77.6,77.65,INDOIL,20093
35,2020-10-28 10:05:00,77.8,NSE,77.8,77.65,77.65,INDOIL,49744
36,2020-10-28 10:06:00,77.9,NSE,77.9,77.8,77.85,INDOIL,36234
37,2020-10-28 10:07:00,77.95,NSE,78.1,77.85,77.85,INDOIL,169798
38,2020-10-28 10:08:00,77.85,NSE,78.0,77.8,77.95,INDOIL,39652
39,2020-10-28 10:09:00,77.75,NSE,77.9,77.7,77.85,INDOIL,56291
40,2020-10-28 10:10:00,77.8,NSE,77.8,77.75,77.8,INDOIL,3251
41,2020-10-28 10:11:00,77.75,NSE,77.8,77.75,77.8,INDOIL,4290
42,2020-10-28 10:12:00,77.75,NSE,77.8,77.75,77.75,INDOIL,3027
43,2020-10-28 10:13:00,77.8,NSE,77.8,77.7,77.75,INDOIL,7066
44,2020-10-28 10:14:00,77.8,NSE,77.8,77.75,77.8,INDOIL,8197
45,2020-10-28 10:15:00,77.8,NSE,77.85,77.75,77.75,INDOIL,15169
46,2020-10-28 10:16:00,77.75,NSE,77.85,77.75,77.75,INDOIL,8115
47,2020-10-28 10:17:00,77.8,NSE,77.85,77.7,77.8,INDOIL,39780
48,2020-10-28 10:18:00,77.75,NSE,77.8,77.7,77.8,INDOIL,27648
49,2020-10-28 10:19:00,77.75,NSE,77.8,77.75,77.75,INDOIL,18413
50,2020-10-28 10:20:00,77.8,NSE,77.8,77.7,77.75,INDOIL,32182
51,2020-10-28 10:21:00,77.9,NSE,77.9,77.8,77.8,INDOIL,15915
52,2020-10-28 10:22:00,77.8,NSE,77.9,77.8,77.85,INDOIL,8543
53,2020-10-28 10:23:00,77.85,NSE,77.85,77.8,77.85,INDOIL,6367
54,2020-10-28 10:24:00,77.8,NSE,77.85,77.7,77.85,INDOIL,47334
55,2020-10-28 10:25:00,77.85,NSE,77.85,77.75,77.8,INDOIL,28607
56,2020-10-28 10:26:00,77.8,NSE,77.8,77.75,77.8,INDOIL,862
57,2020-10-28 10:27:00,77.7,NSE,77.8,77.7,77.8,INDOIL,9118
58,2020-10-28 10:28:00,77.75,NSE,77.75,77.7,77.75,INDOIL,3357
59,2020-10-28 10:29:00,77.7,NSE,77.75,77.7,77.75,INDOIL,3667
60,2020-10-28 10:30:00,77.8,NSE,77.8,77.75,77.8,INDOIL,7669
61,2020-10-28 10:31:00,77.8,NSE,77.8,77.75,77.75,INDOIL,2246
62,2020-10-28 10:32:00,77.85,NSE,77.85,77.75,77.75,INDOIL,15456
63,2020-10-28 10:33:00,77.8,NSE,77.85,77.75,77.85,INDOIL,20778
64,2020-10-28 10:34:00,77.85,NSE,77.85,77.8,77.85,INDOIL,4009
65,2020-10-28 10:35:00,77.85,NSE,77.85,77.8,77.85,INDOIL,5046
66,2020-10-28 10:36:00,77.7,NSE,77.8,77.7,77.8,INDOIL,18774
67,2020-10-28 10:37:00,77.7,NSE,77.75,77.7,77.75,INDOIL,58517
68,2020-10-28 10:38:00,77.7,NSE,77.8,77.7,77.7,INDOIL,79958
69,2020-10-28 10:39:00,77.8,NSE,77.8,77.7,77.75,INDOIL,6773
70,2020-10-28 10:40:00,77.7,NSE,77.8,77.7,77.8,INDOIL,45183
71,2020-10-28 10:41:00,77.75,NSE,77.75,77.7,77.7,INDOIL,20963
72,2020-10-28 10:42:00,77.75,NSE,77.75,77.7,77.7,INDOIL,5044
73,2020-10-28 10:43:00,77.75,NSE,77.75,77.65,77.7,INDOIL,24126
74,2020-10-28 10:44:00,77.7,NSE,77.75,77.65,77.75,INDOIL,7163
75,2020-10-28 10:45:00,77.65,NSE,77.7,77.6,77.65,INDOIL,12332
76,2020-10-28 10:46:00,77.55,NSE,77.65,77.55,77.6,INDOIL,13151
77,2020-10-28 10:47:00,77.6,NSE,77.6,77.55,77.6,INDOIL,49381
78,2020-10-28 10:48:00,77.65,NSE,77.65,77.55,77.6,INDOIL,26462
79,2020-10-28 10:49:00,77.65,NSE,77.65,77.6,77.65,INDOIL,7660
80,2020-10-28 10:50:00,77.55,NSE,77.65,77.55,77.65,INDOIL,70110
81,2020-10-28 10:51:00,77.6,NSE,77.65,77.55,77.55,INDOIL,11636
82,2020-10-28 10:52:00,77.65,NSE,77.7,77.6,77.6,INDOIL,6237
83,2020-10-28 10:53:00,77.65,NSE,77.7,77.65,77.65,INDOIL,3556
84,2020-10-28 10:54:00,77.65,NSE,77.7,77.65,77.7,INDOIL,653
85,2020-10-28 10:55:00,77.65,NSE,77.7,77.65,77.65,INDOIL,3124
86,2020-10-28 10:56:00,77.7,NSE,77.7,77.65,77.7,INDOIL,1720
87,2020-10-28 10:57:00,77.75,NSE,77.75,77.65,77.65,INDOIL,83531
88,2020-10-28 10:58:00,77.7,NSE,77.75,77.65,77.7,INDOIL,8801
89,2020-10-28 10:59:00,77.75,NSE,77.75,77.7,77.7,INDOIL,8348
90,2020-10-28 11:00:00,77.7,NSE,77.75,77.65,77.65,INDOIL,23341
91,2020-10-28 11:01:00,77.75,NSE,77.8,77.7,77.75,INDOIL,43308
92,2020-10-28 11:02:00,77.7,NSE,77.75,77.7,77.75,INDOIL,15084
93,2020-10-28 11:03:00,77.7,NSE,77.8,77.7,77.75,INDOIL,3353
94,2020-10-28 11:04:00,77.8,NSE,77.8,77.75,77.8,INDOIL,1857
95,2020-10-28 11:05:00,77.75,NSE,77.8,77.7,77.8,INDOIL,2480
96,2020-10-28 11:06:00,77.7,NSE,77.75,77.7,77.75,INDOIL,13831
97,2020-10-28 11:07:00,77.8,NSE,77.8,77.7,77.7,INDOIL,4701
98,2020-10-28 11:08:00,77.7,NSE,77.8,77.7,77.8,INDOIL,8074
99,2020-10-28 11:09:00,77.8,NSE,77.8,77.7,77.75,INDOIL,36089
100,2020-10-28 11:10:00,77.75,NSE,77.8,77.7,77.8,INDOIL,10517
101,2020-10-28 11:11:00,77.75,NSE,77.75,77.7,77.75,INDOIL,6571
102,2020-10-28 11:12:00,77.75,NSE,77.75,77.7,77.75,INDOIL,1628
103,2020-10-28 11:13:00,77.75,NSE,77.75,77.7,77.75,INDOIL,23019
104,2020-10-28 11:14:00,77.65,NSE,77.75,77.65,77.75,INDOIL,21508
105,2020-10-28 11:15:00,77.6,NSE,77.65,77.55,77.65,INDOIL,43727
106,2020-10-28 11:16:00,77.7,NSE,77.7,77.55,77.6,INDOIL,45112
107,2020-10-28 11:17:00,77.7,NSE,77.7,77.65,77.7,INDOIL,4150
108,2020-10-28 11:18:00,77.7,NSE,77.75,77.65,77.65,INDOIL,29299
109,2020-10-28 11:19:00,77.7,NSE,77.7,77.65,77.7,INDOIL,1214
110,2020-10-28 11:20:00,77.7,NSE,77.7,77.65,77.7,INDOIL,5832
111,2020-10-28 11:21:00,77.7,NSE,77.7,77.65,77.65,INDOIL,2420
112,2020-10-28 11:22:00,77.65,NSE,77.7,77.65,77.65,INDOIL,1936
113,2020-10-28 11:23:00,77.7,NSE,77.7,77.65,77.65,INDOIL,4832
114,2020-10-28 11:24:00,77.65,NSE,77.75,77.65,77.7,INDOIL,17689
115,2020-10-28 11:25:00,77.7,NSE,77.7,77.65,77.7,INDOIL,2021
116,2020-10-28 11:26:00,77.6,NSE,77.7,77.6,77.7,INDOIL,14582
117,2020-10-28 11:27:00,77.65,NSE,77.65,77.6,77.65,INDOIL,8324
118,2020-10-28 11:28:00,77.65,NSE,77.65,77.6,77.6,INDOIL,1249
119,2020-10-28 11:29:00,77.6,NSE,77.65,77.6,77.65,INDOIL,4359
120,2020-10-28 11:30:00,77.65,NSE,77.65,77.6,77.65,INDOIL,27698
121,2020-10-28 11:31:00,77.65,NSE,77.7,77.6,77.7,INDOIL,5200
122,2020-10-28 11:32:00,77.65,NSE,77.65,77.6,77.65,INDOIL,3112
123,2020-10-28 11:33:00,77.7,NSE,77.7,77.6,77.65,INDOIL,40440
124,2020-10-28 11:34:00,77.8,NSE,77.8,77.65,77.7,INDOIL,74480
125,2020-10-28 11:35:00,77.75,NSE,77.75,77.7,77.75,INDOIL,1184
126,2020-10-28 11:36:00,77.75,NSE,77.75,77.7,77.7,INDOIL,1362
127,2020-10-28 11:37:00,77.8,NSE,77.8,77.7,77.7,INDOIL,15519
128,2020-10-28 11:38:00,77.8,NSE,77.8,77.75,77.75,INDOIL,4205
129,2020-10-28 11:39:00,77.9,NSE,77.9,77.75,77.8,INDOIL,79857
130,2020-10-28 11:40:00,77.85,NSE,77.9,77.8,77.8,INDOIL,3611
131,2020-10-28 11:41:00,77.75,NSE,77.8,77.7,77.8,INDOIL,15756
132,2020-10-28 11:42:00,77.8,NSE,77.8,77.7,77.75,INDOIL,8933
133,2020-10-28 11:43:00,77.8,NSE,77.8,77.7,77.8,INDOIL,5629
134,2020-10-28 11:44:00,77.8,NSE,77.8,77.75,77.8,INDOIL,157
135,2020-10-28 11:45:00,77.75,NSE,77.8,77.75,77.8,INDOIL,3439
136,2020-10-28 11:46:00,77.85,NSE,77.85,77.75,77.75,INDOIL,12832
137,2020-10-28 11:47:00,77.85,NSE,77.85,77.8,77.8,INDOIL,15992
138,2020-10-28 11:48:00,77.9,NSE,77.9,77.85,77.85,INDOIL,4833
139,2020-10-28 11:49:00,77.95,NSE,77.95,77.85,77.85,INDOIL,55197
140,2020-10-28 11:50:00,77.9,NSE,78.0,77.9,77.95,INDOIL,30926
141,2020-10-28 11:51:00,77.85,NSE,77.95,77.8,77.9,INDOIL,3400
142,2020-10-28 11:52:00,77.8,NSE,77.85,77.8,77.85,INDOIL,3751
143,2020-10-28 11:53:00,77.8,NSE,77.85,77.8,77.85,INDOIL,1692
144,2020-10-28 11:54:00,77.8,NSE,77.85,77.8,77.85,INDOIL,7390
145,2020-10-28 11:55:00,77.85,NSE,77.85,77.8,77.8,INDOIL,384
146,2020-10-28 11:56:00,77.8,NSE,77.85,77.8,77.8,INDOIL,9574
147,2020-10-28 11:57:00,77.8,NSE,77.85,77.8,77.85,INDOIL,2280
148,2020-10-28 11:58:00,77.8,NSE,77.85,77.8,77.85,INDOIL,7848
149,2020-10-28 11:59:00,77.7,NSE,77.85,77.7,77.8,INDOIL,57070
150,2020-10-28 12:00:00,77.65,NSE,77.75,77.65,77.75,INDOIL,7818
151,2020-10-28 12:01:00,77.7,NSE,77.8,77.7,77.75,INDOIL,8339
152,2020-10-28 12:02:00,77.7,NSE,77.8,77.65,77.7,INDOIL,20136
153,2020-10-28 12:03:00,77.7,NSE,77.7,77.65,77.7,INDOIL,1212
154,2020-10-28 12:04:00,77.7,NSE,77.75,77.65,77.7,INDOIL,24210
155,2020-10-28 12:05:00,77.65,NSE,77.7,77.6,77.65,INDOIL,28845
156,2020-10-28 12:06:00,77.65,NSE,77.7,77.6,77.65,INDOIL,2433
157,2020-10-28 12:07:00,77.65,NSE,77.7,77.6,77.7,INDOIL,15796
158,2020-10-28 12:08:00,77.65,NSE,77.65,77.6,77.65,INDOIL,8117
159,2020-10-28 12:09:00,77.65,NSE,77.7,77.6,77.6,INDOIL,6786
160,2020-10-28 12:10:00,77.7,NSE,77.7,77.65,77.7,INDOIL,18208
161,2020-10-28 12:11:00,77.65,NSE,77.7,77.6,77.7,INDOIL,19072
162,2020-10-28 12:12:00,77.65,NSE,77.7,77.6,77.65,INDOIL,19621
163,2020-10-28 12:13:00,77.65,NSE,77.65,77.6,77.65,INDOIL,4060
164,2020-10-28 12:14:00,77.65,NSE,77.7,77.55,77.7,INDOIL,104705
165,2020-10-28 12:15:00,77.65,NSE,77.75,77.65,77.65,INDOIL,52076
166,2020-10-28 12:16:00,77.7,NSE,77.7,77.65,77.7,INDOIL,695
167,2020-10-28 12:17:00,77.65,NSE,77.7,77.65,77.65,INDOIL,1674
168,2020-10-28 12:18:00,77.75,NSE,77.75,77.65,77.7,INDOIL,5931
169,2020-10-28 12:19:00,77.7,NSE,77.75,77.65,77.65,INDOIL,11639
170,2020-10-28 12:20:00,77.7,NSE,77.7,77.65,77.65,INDOIL,457
171,2020-10-28 12:21:00,77.65,NSE,77.7,77.65,77.65,INDOIL,20302
172,2020-10-28 12:22:00,77.65,NSE,77.7,77.6,77.65,INDOIL,2938
173,2020-10-28 12:23:00,77.7,NSE,77.7,77.6,77.6,INDOIL,30024
174,2020-10-28 12:24:00,77.7,NSE,77.8,77.7,77.7,INDOIL,23004
175,2020-10-28 12:25:00,77.65,NSE,77.75,77.65,77.7,INDOIL,16584
176,2020-10-28 12:26:00,77.65,NSE,77.7,77.6,77.65,INDOIL,16052
177,2020-10-28 12:27:00,77.5,NSE,77.6,77.5,77.6,INDOIL,57004
178,2020-10-28 12:28:00,77.4,NSE,77.55,77.35,77.5,INDOIL,143088
179,2020-10-28 12:29:00,77.35,NSE,77.45,77.35,77.45,INDOIL,15488
180,2020-10-28 12:30:00,77.35,NSE,77.4,77.35,77.35,INDOIL,39592
181,2020-10-28 12:31:00,77.55,NSE,77.55,77.35,77.4,INDOIL,88552
182,2020-10-28 12:32:00,77.5,NSE,77.55,77.45,77.5,INDOIL,21683
183,2020-10-28 12:33:00,77.5,NSE,77.6,77.5,77.55,INDOIL,16213
184,2020-10-28 12:34:00,77.5,NSE,77.55,77.5,77.5,INDOIL,61044
185,2020-10-28 12:35:00,77.55,NSE,77.55,77.5,77.5,INDOIL,46671
186,2020-10-28 12:36:00,77.5,NSE,77.6,77.5,77.55,INDOIL,50953
187,2020-10-28 12:37:00,77.5,NSE,77.6,77.5,77.5,INDOIL,28053
188,2020-10-28 12:38:00,77.5,NSE,77.55,77.5,77.55,INDOIL,27211
189,2020-10-28 12:39:00,77.5,NSE,77.55,77.5,77.5,INDOIL,131762
190,2020-10-28 12:40:00,77.5,NSE,77.55,77.45,77.5,INDOIL,45230
191,2020-10-28 12:41:00,77.5,NSE,77.55,77.5,77.5,INDOIL,21808
192,2020-10-28 12:42:00,77.5,NSE,77.55,77.5,77.5,INDOIL,26505
193,2020-10-28 12:43:00,77.55,NSE,77.55,77.5,77.5,INDOIL,5356
194,2020-10-28 12:44:00,77.55,NSE,77.55,77.5,77.5,INDOIL,9404
195,2020-10-28 12:45:00,77.5,NSE,77.55,77.45,77.5,INDOIL,32313
196,2020-10-28 12:46:00,77.5,NSE,77.55,77.45,77.45,INDOIL,16033
197,2020-10-28 12:47:00,77.4,NSE,77.55,77.35,77.5,INDOIL,128494
198,2020-10-28 12:48:00,77.35,NSE,77.4,77.35,77.4,INDOIL,7019
199,2020-10-28 12:49:00,77.3,NSE,77.35,77.3,77.35,INDOIL,57825
200,2020-10-28 12:50:00,77.25,NSE,77.35,77.25,77.35,INDOIL,77904
201,2020-10-28 12:51:00,77.3,NSE,77.3,77.2,77.25,INDOIL,13640
202,2020-10-28 12:52:00,77.2,NSE,77.3,77.2,77.25,INDOIL,7436
203,2020-10-28 12:53:00,77.3,NSE,77.3,77.2,77.25,INDOIL,17256
204,2020-10-28 12:54:00,77.25,NSE,77.3,77.2,77.25,INDOIL,32358
205,2020-10-28 12:55:00,77.2,NSE,77.25,77.15,77.25,INDOIL,27352
206,2020-10-28 12:56:00,77.2,NSE,77.25,77.15,77.25,INDOIL,14793
207,2020-10-28 12:57:00,77.15,NSE,77.25,77.15,77.15,INDOIL,3474
208,2020-10-28 12:58:00,77.2,NSE,77.25,77.15,77.2,INDOIL,9999
209,2020-10-28 12:59:00,77.2,NSE,77.2,77.15,77.15,INDOIL,10677
210,2020-10-28 13:00:00,77.15,NSE,77.25,77.15,77.15,INDOIL,9467
211,2020-10-28 13:01:00,77.3,NSE,77.4,77.15,77.25,INDOIL,67316
212,2020-10-28 13:02:00,77.25,NSE,77.3,77.25,77.25,INDOIL,27933
213,2020-10-28 13:03:00,77.3,NSE,77.4,77.25,77.25,INDOIL,17710
214,2020-10-28 13:04:00,77.3,NSE,77.35,77.25,77.3,INDOIL,19791
215,2020-10-28 13:05:00,77.25,NSE,77.35,77.25,77.3,INDOIL,11925
216,2020-10-28 13:06:00,77.25,NSE,77.3,77.25,77.25,INDOIL,3593
217,2020-10-28 13:07:00,77.5,NSE,77.55,77.25,77.25,INDOIL,314770
218,2020-10-28 13:08:00,77.55,NSE,77.6,77.5,77.5,INDOIL,55691
219,2020-10-28 13:09:00,77.5,NSE,77.6,77.5,77.6,INDOIL,100747
220,2020-10-28 13:10:00,77.3,NSE,77.55,77.3,77.5,INDOIL,130362
221,2020-10-28 13:11:00,77.35,NSE,77.4,77.25,77.35,INDOIL,60684
222,2020-10-28 13:12:00,77.35,NSE,77.4,77.3,77.35,INDOIL,7743
223,2020-10-28 13:13:00,77.35,NSE,77.4,77.3,77.35,INDOIL,9469
224,2020-10-28 13:14:00,77.4,NSE,77.4,77.3,77.3,INDOIL,11819
225,2020-10-28 13:15:00,77.5,NSE,77.55,77.35,77.35,INDOIL,145262
226,2020-10-28 13:16:00,77.55,NSE,77.55,77.5,77.55,INDOIL,3903
227,2020-10-28 13:17:00,77.55,NSE,77.6,77.5,77.5,INDOIL,14123
228,2020-10-28 13:18:00,77.55,NSE,77.6,77.55,77.55,INDOIL,3379
229,2020-10-28 13:19:00,77.55,NSE,77.6,77.55,77.6,INDOIL,9578
230,2020-10-28 13:20:00,77.5,NSE,77.6,77.5,77.6,INDOIL,5014
231,2020-10-28 13:21:00,77.5,NSE,77.55,77.5,77.55,INDOIL,31660
232,2020-10-28 13:22:00,77.5,NSE,77.6,77.5,77.5,INDOIL,21098
233,2020-10-28 13:23:00,77.55,NSE,77.6,77.55,77.55,INDOIL,1727
234,2020-10-28 13:24:00,77.5,NSE,77.6,77.5,77.55,INDOIL,11995
235,2020-10-28 13:25:00,77.55,NSE,77.6,77.5,77.55,INDOIL,32705
236,2020-10-28 13:26:00,77.5,NSE,77.6,77.5,77.6,INDOIL,34950
237,2020-10-28 13:27:00,77.55,NSE,77.55,77.5,77.5,INDOIL,39227
238,2020-10-28 13:28:00,77.5,NSE,77.6,77.5,77.5,INDOIL,25950
239,2020-10-28 13:29:00,77.55,NSE,77.55,77.5,77.5,INDOIL,12533
240,2020-10-28 13:30:00,77.55,NSE,77.55,77.5,77.55,INDOIL,6098
241,2020-10-28 13:31:00,77.5,NSE,77.55,77.5,77.5,INDOIL,20165
242,2020-10-28 13:32:00,77.55,NSE,77.55,77.5,77.5,INDOIL,12014
243,2020-10-28 13:33:00,77.5,NSE,77.55,77.5,77.5,INDOIL,4322
244,2020-10-28 13:34:00,77.5,NSE,77.55,77.5,77.55,INDOIL,26105
245,2020-10-28 13:35:00,77.55,NSE,77.55,77.5,77.5,INDOIL,23288
246,2020-10-28 13:36:00,77.5,NSE,77.55,77.5,77.55,INDOIL,83203
247,2020-10-28 13:37:00,77.5,NSE,77.55,77.5,77.5,INDOIL,3899
248,2020-10-28 13:38:00,77.55,NSE,77.55,77.5,77.55,INDOIL,30064
249,2020-10-28 13:39:00,77.5,NSE,77.55,77.5,77.5,INDOIL,32732
250,2020-10-28 13:40:00,77.5,NSE,77.6,77.5,77.5,INDOIL,38694
251,2020-10-28 13:41:00,77.4,NSE,77.55,77.3,77.5,INDOIL,146616
252,2020-10-28 13:42:00,77.35,NSE,77.45,77.35,77.4,INDOIL,16407
253,2020-10-28 13:43:00,77.3,NSE,77.4,77.3,77.35,INDOIL,23890
254,2020-10-28 13:44:00,77.35,NSE,77.4,77.3,77.3,INDOIL,9802
255,2020-10-28 13:45:00,77.3,NSE,77.4,77.3,77.35,INDOIL,16712
256,2020-10-28 13:46:00,77.3,NSE,77.35,77.25,77.3,INDOIL,91212
257,2020-10-28 13:47:00,77.45,NSE,77.5,77.3,77.35,INDOIL,113195
258,2020-10-28 13:48:00,77.5,NSE,77.55,77.45,77.5,INDOIL,58456
259,2020-10-28 13:49:00,77.6,NSE,77.6,77.5,77.55,INDOIL,32964
260,2020-10-28 13:50:00,77.55,NSE,77.6,77.5,77.55,INDOIL,15147
261,2020-10-28 13:51:00,77.5,NSE,77.55,77.5,77.5,INDOIL,2081
262,2020-10-28 13:52:00,77.5,NSE,77.55,77.5,77.5,INDOIL,9224
263,2020-10-28 13:53:00,77.5,NSE,77.6,77.5,77.5,INDOIL,8172
264,2020-10-28 13:54:00,77.55,NSE,77.6,77.5,77.5,INDOIL,8556
265,2020-10-28 13:55:00,77.5,NSE,77.55,77.5,77.55,INDOIL,13573
266,2020-10-28 13:56:00,77.55,NSE,77.55,77.5,77.5,INDOIL,11008
267,2020-10-28 13:57:00,77.5,NSE,77.55,77.5,77.55,INDOIL,79754
268,2020-10-28 13:58:00,77.65,NSE,77.65,77.45,77.55,INDOIL,207317
269,2020-10-28 13:59:00,77.55,NSE,77.7,77.55,77.7,INDOIL,13319
270,2020-10-28 14:00:00,77.6,NSE,77.6,77.55,77.6,INDOIL,8916
271,2020-10-28 14:01:00,77.55,NSE,77.6,77.5,77.55,INDOIL,17595
272,2020-10-28 14:02:00,77.5,NSE,77.55,77.5,77.55,INDOIL,13614
273,2020-10-28 14:03:00,77.55,NSE,77.55,77.5,77.5,INDOIL,33534
274,2020-10-28 14:04:00,77.5,NSE,77.55,77.5,77.55,INDOIL,55890
275,2020-10-28 14:05:00,77.6,NSE,77.65,77.5,77.5,INDOIL,54361
276,2020-10-28 14:06:00,77.5,NSE,77.6,77.5,77.6,INDOIL,5069
277,2020-10-28 14:07:00,77.6,NSE,77.65,77.5,77.5,INDOIL,27931
278,2020-10-28 14:08:00,77.7,NSE,77.7,77.55,77.55,INDOIL,60751
279,2020-10-28 14:09:00,77.6,NSE,77.7,77.6,77.65,INDOIL,14205
280,2020-10-28 14:10:00,77.65,NSE,77.65,77.6,77.6,INDOIL,4245
281,2020-10-28 14:11:00,77.65,NSE,77.65,77.6,77.6,INDOIL,15921
282,2020-10-28 14:12:00,77.55,NSE,77.65,77.55,77.6,INDOIL,4919
283,2020-10-28 14:13:00,77.65,NSE,77.7,77.55,77.55,INDOIL,7638
284,2020-10-28 14:14:00,77.65,NSE,77.7,77.6,77.65,INDOIL,9804
285,2020-10-28 14:15:00,77.6,NSE,77.7,77.6,77.65,INDOIL,12533
286,2020-10-28 14:16:00,77.65,NSE,77.65,77.6,77.6,INDOIL,3639
287,2020-10-28 14:17:00,77.6,NSE,77.7,77.6,77.6,INDOIL,8007
288,2020-10-28 14:18:00,77.6,NSE,77.7,77.6,77.6,INDOIL,8112
289,2020-10-28 14:19:00,77.75,NSE,77.75,77.6,77.6,INDOIL,78651
290,2020-10-28 14:20:00,77.85,NSE,77.9,77.7,77.75,INDOIL,85008
291,2020-10-28 14:21:00,77.8,NSE,77.85,77.8,77.8,INDOIL,15244
292,2020-10-28 14:22:00,77.8,NSE,77.85,77.7,77.85,INDOIL,24695
293,2020-10-28 14:23:00,77.75,NSE,77.8,77.75,77.75,INDOIL,3844
294,2020-10-28 14:24:00,77.75,NSE,77.8,77.75,77.75,INDOIL,15470
295,2020-10-28 14:25:00,77.75,NSE,77.8,77.75,77.75,INDOIL,4308
296,2020-10-28 14:26:00,77.75,NSE,77.85,77.75,77.8,INDOIL,11352
297,2020-10-28 14:27:00,77.8,NSE,77.85,77.75,77.8,INDOIL,10625
298,2020-10-28 14:28:00,77.7,NSE,77.8,77.7,77.75,INDOIL,25899
299,2020-10-28 14:29:00,77.85,NSE,77.85,77.7,77.7,INDOIL,57327
300,2020-10-28 14:30:00,77.85,NSE,77.9,77.8,77.85,INDOIL,8028
301,2020-10-28 14:31:00,77.9,NSE,77.9,77.8,77.8,INDOIL,10257
302,2020-10-28 14:32:00,77.85,NSE,77.9,77.8,77.85,INDOIL,18889
303,2020-10-28 14:33:00,77.85,NSE,77.9,77.8,77.85,INDOIL,25215
304,2020-10-28 14:34:00,77.8,NSE,77.85,77.75,77.8,INDOIL,23740
305,2020-10-28 14:35:00,78.0,NSE,78.0,77.85,77.85,INDOIL,96132
306,2020-10-28 14:36:00,78.0,NSE,78.1,77.9,78.0,INDOIL,80461
307,2020-10-28 14:37:00,78.0,NSE,78.1,78.0,78.1,INDOIL,7076
308,2020-10-28 14:38:00,78.0,NSE,78.1,78.0,78.05,INDOIL,43359
309,2020-10-28 14:39:00,78.05,NSE,78.1,78.0,78.05,INDOIL,76310
310,2020-10-28 14:40:00,78.05,NSE,78.1,78.0,78.0,INDOIL,12685
311,2020-10-28 14:41:00,78.05,NSE,78.1,78.05,78.05,INDOIL,10330
312,2020-10-28 14:42:00,78.0,NSE,78.1,78.0,78.05,INDOIL,36281
313,2020-10-28 14:43:00,78.0,NSE,78.05,78.0,78.05,INDOIL,22618
314,2020-10-28 14:44:00,78.15,NSE,78.15,77.95,78.05,INDOIL,88704
315,2020-10-28 14:45:00,78.1,NSE,78.15,78.1,78.1,INDOIL,10158
316,2020-10-28 14:46:00,78.1,NSE,78.15,78.05,78.15,INDOIL,28610
317,2020-10-28 14:47:00,78.05,NSE,78.1,78.0,78.05,INDOIL,36249
318,2020-10-28 14:48:00,78.1,NSE,78.15,78.05,78.1,INDOIL,22389
319,2020-10-28 14:49:00,78.05,NSE,78.15,78.05,78.1,INDOIL,11263
320,2020-10-28 14:50:00,78.2,NSE,78.2,78.05,78.05,INDOIL,34355
321,2020-10-28 14:51:00,78.1,NSE,78.2,78.1,78.15,INDOIL,16757
322,2020-10-28 14:52:00,78.0,NSE,78.15,78.0,78.15,INDOIL,24138
323,2020-10-28 14:53:00,78.05,NSE,78.15,78.05,78.1,INDOIL,18964
324,2020-10-28 14:54:00,78.05,NSE,78.1,78.0,78.0,INDOIL,17407
325,2020-10-28 14:55:00,78.1,NSE,78.15,78.05,78.1,INDOIL,14821
326,2020-10-28 14:56:00,78.05,NSE,78.1,78.05,78.1,INDOIL,6763
327,2020-10-28 14:57:00,78.05,NSE,78.1,78.05,78.1,INDOIL,12447
328,2020-10-28 14:58:00,78.1,NSE,78.1,78.05,78.1,INDOIL,15748
329,2020-10-28 14:59:00,78.1,NSE,78.1,78.05,78.1,INDOIL,5025
330,2020-10-28 15:00:00,78.05,NSE,78.1,78.05,78.1,INDOIL,28054
331,2020-10-28 15:01:00,78.05,NSE,78.1,78.0,78.05,INDOIL,31225
332,2020-10-28 15:02:00,78.0,NSE,78.05,78.0,78.0,INDOIL,31958
333,2020-10-28 15:03:00,78.1,NSE,78.1,78.0,78.0,INDOIL,78015
334,2020-10-28 15:04:00,78.05,NSE,78.1,78.05,78.1,INDOIL,19312
335,2020-10-28 15:05:00,78.05,NSE,78.1,78.0,78.05,INDOIL,30682
336,2020-10-28 15:06:00,78.05,NSE,78.05,78.0,78.05,INDOIL,97360
337,2020-10-28 15:07:00,78.05,NSE,78.1,78.0,78.0,INDOIL,31208
338,2020-10-28 15:08:00,78.05,NSE,78.05,78.0,78.0,INDOIL,14703
339,2020-10-28 15:09:00,78.05,NSE,78.1,78.0,78.0,INDOIL,54714
340,2020-10-28 15:10:00,78.0,NSE,78.1,78.0,78.05,INDOIL,30867
341,2020-10-28 15:11:00,78.0,NSE,78.1,78.0,78.05,INDOIL,27582
342,2020-10-28 15:12:00,78.05,NSE,78.15,78.05,78.05,INDOIL,51655
343,2020-10-28 15:13:00,78.15,NSE,78.15,78.1,78.15,INDOIL,23028
344,2020-10-28 15:14:00,78.1,NSE,78.15,78.1,78.1,INDOIL,22951
345,2020-10-28 15:15:00,78.1,NSE,78.2,78.1,78.1,INDOIL,38240
346,2020-10-28 15:16:00,78.15,NSE,78.2,78.1,78.15,INDOIL,64292
347,2020-10-28 15:17:00,78.15,NSE,78.2,78.1,78.15,INDOIL,86686
348,2020-10-28 15:18:00,78.15,NSE,78.2,78.1,78.1,INDOIL,65550
349,2020-10-28 15:19:00,78.15,NSE,78.2,78.1,78.1,INDOIL,101173
350,2020-10-28 15:20:00,78.0,NSE,78.2,78.0,78.2,INDOIL,69414
351,2020-10-28 15:21:00,78.0,NSE,78.15,78.0,78.05,INDOIL,115834
352,2020-10-28 15:22:00,78.0,NSE,78.05,78.0,78.0,INDOIL,43937
353,2020-10-28 15:23:00,78.05,NSE,78.05,78.0,78.05,INDOIL,34152
354,2020-10-28 15:24:00,78.0,NSE,78.05,78.0,78.05,INDOIL,21906
355,2020-10-28 15:25:00,78.0,NSE,78.05,78.0,78.05,INDOIL,26884
356,2020-10-28 15:26:00,78.0,NSE,78.05,78.0,78.05,INDOIL,28808
357,2020-10-28 15:27:00,78.0,NSE,78.05,78.0,78.0,INDOIL,33243
358,2020-10-28 15:28:00,78.05,NSE,78.05,78.0,78.05,INDOIL,47685
359,2020-10-28 15:29:00,78.0,NSE,78.05,78.0,78.05,INDOIL,34775
