,datetime,close,exchange_code,high,low,open,stock_code,volume
0,2023-05-16 09:30:00,78.9,NSE,78.9,78.8,78.85,MOTSUM,36414
1,2023-05-16 09:31:00,78.9,NSE,78.95,78.8,78.85,MOTSUM,13688
2,2023-05-16 09:32:00,78.95,NSE,79.0,78.9,78.9,MOTSUM,28237
3,2023-05-16 09:33:00,78.95,NSE,79.0,78.85,79.0,MOTSUM,24243
4,2023-05-16 09:34:00,78.8,NSE,78.9,78.8,78.85,MOTSUM,25632
5,2023-05-16 09:35:00,78.75,NSE,78.8,78.75,78.8,MOTSUM,33572
6,2023-05-16 09:36:00,78.65,NSE,78.7,78.65,78.7,MOTSUM,27861
7,2023-05-16 09:37:00,78.75,NSE,78.8,78.65,78.65,MOTSUM,32626
8,2023-05-16 09:38:00,78.65,NSE,78.7,78.65,78.7,MOTSUM,20975
9,2023-05-16 09:39:00,78.55,NSE,78.7,78.55,78.7,MOTSUM,36122
10,2023-05-16 09:40:00,78.55,NSE,78.6,78.5,78.55,MOTSUM,22176
11,2023-05-16 09:41:00,78.55,NSE,78.6,78.5,78.5,MOTSUM,23114
12,2023-05-16 09:42:00,78.55,NSE,78.6,78.55,78.55,MOTSUM,28808
13,2023-05-16 09:43:00,78.7,NSE,78.7,78.55,78.55,MOTSUM,22041
14,2023-05-16 09:44:00,78.65,NSE,78.65,78.6,78.65,MOTSUM,17843
15,2023-05-16 09:45:00,78.7,NSE,78.75,78.7,78.7,MOTSUM,31752
16,2023-05-16 09:46:00,78.75,NSE,78.8,78.7,78.7,MOTSUM,22744
17,2023-05-16 09:47:00,78.75,NSE,78.8,78.75,78.75,MOTSUM,14354
18,2023-05-16 09:48:00,78.8,NSE,78.8,78.75,78.75,MOTSUM,16492
19,2023-05-16 09:49:00,78.75,NSE,78.8,78.75,78.75,MOTSUM,17365
20,2023-05-16 09:50:00,78.7,NSE,78.8,78.7,78.75,MOTSUM,20649
21,2023-05-16 09:51:00,78.6,NSE,78.75,78.6,78.75,MOTSUM,39037
22,2023-05-16 09:52:00,78.65,NSE,78.65,78.6,78.6,MOTSUM,13704
23,2023-05-16 09:53:00,78.6,NSE,78.65,78.55,78.65,MOTSUM,17600
24,2023-05-16 09:54:00,78.5,NSE,78.6,78.5,78.6,MOTSUM,16757
25,2023-05-16 09:55:00,78.55,NSE,78.6,78.5,78.6,MOTSUM,20551
26,2023-05-16 09:56:00,78.5,NSE,78.55,78.5,78.5,MOTSUM,26623
27,2023-05-16 09:57:00,78.55,NSE,78.6,78.5,78.55,MOTSUM,25203
28,2023-05-16 09:58:00,78.55,NSE,78.6,78.55,78.6,MOTSUM,18078
29,2023-05-16 09:59:00,78.55,NSE,78.55,78.45,78.55,MOTSUM,62758
30,2023-05-16 10:00:00,78.5,NSE,78.6,78.5,78.55,MOTSUM,15188
31,2023-05-16 10:01:00,78.55,NSE,78.55,78.5,78.5,MOTSUM,27421
32,2023-05-16 10:02:00,78.6,NSE,78.6,78.5,78.5,MOTSUM,14901
33,2023-05-16 10:03:00,78.65,NSE,78.65,78.6,78.6,MOTSUM,32358
34,2023-05-16 10:04:00,78.65,NSE,78.7,78.6,78.6,MOTSUM,20034
35,2023-05-16 10:05:00,78.7,NSE,78.75,78.65,78.65,MOTSUM,30704
36,2023-05-16 10:06:00,78.7,NSE,78.75,78.65,78.75,MOTSUM,24421
37,2023-05-16 10:07:00,78.65,NSE,78.7,78.65,78.65,MOTSUM,20342
38,2023-05-16 10:08:00,78.6,NSE,78.7,78.6,78.65,MOTSUM,13250
39,2023-05-16 10:09:00,78.55,NSE,78.65,78.55,78.6,MOTSUM,21454
40,2023-05-16 10:10:00,78.55,NSE,78.6,78.55,78.6,MOTSUM,20578
41,2023-05-16 10:11:00,78.6,NSE,78.6,78.5,78.55,MOTSUM,16037
42,2023-05-16 10:12:00,78.4,NSE,78.6,78.4,78.5,MOTSUM,64198
43,2023-05-16 10:13:00,78.35,NSE,78.4,78.35,78.4,MOTSUM,43473
44,2023-05-16 10:14:00,78.4,NSE,78.4,78.3,78.3,MOTSUM,16960
45,2023-05-16 10:15:00,78.35,NSE,78.45,78.35,78.4,MOTSUM,25199
46,2023-05-16 10:16:00,78.35,NSE,78.4,78.35,78.35,MOTSUM,17701
47,2023-05-16 10:17:00,78.55,NSE,78.55,78.35,78.4,MOTSUM,26676
48,2023-05-16 10:18:00,78.45,NSE,78.5,78.4,78.5,MOTSUM,27301
49,2023-05-16 10:19:00,78.4,NSE,78.5,78.4,78.4,MOTSUM,29285
50,2023-05-16 10:20:00,78.4,NSE,78.45,78.4,78.45,MOTSUM,23503
51,2023-05-16 10:21:00,78.35,NSE,78.45,78.35,78.35,MOTSUM,24572
52,2023-05-16 10:22:00,78.35,NSE,78.4,78.3,78.35,MOTSUM,27872
53,2023-05-16 10:23:00,78.25,NSE,78.4,78.25,78.35,MOTSUM,52434
54,2023-05-16 10:24:00,78.2,NSE,78.35,78.2,78.25,MOTSUM,48713
55,2023-05-16 10:25:00,78.25,NSE,78.3,78.2,78.25,MOTSUM,24862
56,2023-05-16 10:26:00,78.3,NSE,78.3,78.2,78.25,MOTSUM,21374
57,2023-05-16 10:27:00,78.2,NSE,78.3,78.2,78.2,MOTSUM,31892
58,2023-05-16 10:28:00,78.25,NSE,78.3,78.2,78.2,MOTSUM,33608
59,2023-05-16 10:29:00,78.3,NSE,78.3,78.2,78.25,MOTSUM,28376
60,2023-05-16 10:30:00,78.35,NSE,78.35,78.2,78.25,MOTSUM,38345
61,2023-05-16 10:31:00,78.25,NSE,78.35,78.25,78.35,MOTSUM,19609
62,2023-05-16 10:32:00,78.25,NSE,78.3,78.2,78.25,MOTSUM,18059
63,2023-05-16 10:33:00,78.25,NSE,78.25,78.2,78.25,MOTSUM,20752
64,2023-05-16 10:34:00,78.25,NSE,78.3,78.2,78.2,MOTSUM,25918
65,2023-05-16 10:35:00,78.2,NSE,78.3,78.2,78.3,MOTSUM,16625
66,2023-05-16 10:36:00,78.2,NSE,78.25,78.2,78.2,MOTSUM,28715
67,2023-05-16 10:37:00,78.15,NSE,78.2,78.15,78.2,MOTSUM,22070
68,2023-05-16 10:38:00,78.15,NSE,78.2,78.15,78.2,MOTSUM,23116
69,2023-05-16 10:39:00,78.2,NSE,78.25,78.15,78.15,MOTSUM,23531
70,2023-05-16 10:40:00,78.25,NSE,78.25,78.15,78.2,MOTSUM,19947
71,2023-05-16 10:41:00,78.3,NSE,78.3,78.15,78.15,MOTSUM,56947
72,2023-05-16 10:42:00,78.2,NSE,78.25,78.2,78.25,MOTSUM,34667
73,2023-05-16 10:43:00,78.25,NSE,78.3,78.2,78.25,MOTSUM,16369
74,2023-05-16 10:44:00,78.2,NSE,78.3,78.2,78.2,MOTSUM,14865
75,2023-05-16 10:45:00,78.2,NSE,78.25,78.2,78.2,MOTSUM,17100
76,2023-05-16 10:46:00,78.25,NSE,78.3,78.2,78.3,MOTSUM,32716
77,2023-05-16 10:47:00,78.25,NSE,78.25,78.2,78.2,MOTSUM,11829
78,2023-05-16 10:48:00,78.25,NSE,78.25,78.2,78.25,MOTSUM,19347
79,2023-05-16 10:49:00,78.3,NSE,78.3,78.2,78.2,MOTSUM,45029
80,2023-05-16 10:50:00,78.3,NSE,78.3,78.2,78.2,MOTSUM,31523
81,2023-05-16 10:51:00,78.25,NSE,78.3,78.2,78.3,MOTSUM,16368
82,2023-05-16 10:52:00,78.2,NSE,78.3,78.2,78.2,MOTSUM,26214
83,2023-05-16 10:53:00,78.25,NSE,78.3,78.2,78.2,MOTSUM,13985
84,2023-05-16 10:54:00,78.3,NSE,78.3,78.2,78.25,MOTSUM,13136
85,2023-05-16 10:55:00,78.25,NSE,78.3,78.2,78.25,MOTSUM,21979
86,2023-05-16 10:56:00,78.25,NSE,78.3,78.2,78.2,MOTSUM,16134
87,2023-05-16 10:57:00,78.2,NSE,78.25,78.2,78.2,MOTSUM,16430
88,2023-05-16 10:58:00,78.3,NSE,78.3,78.2,78.25,MOTSUM,17391
89,2023-05-16 10:59:00,78.3,NSE,78.3,78.25,78.25,MOTSUM,32593
90,2023-05-16 11:00:00,78.3,NSE,78.3,78.2,78.25,MOTSUM,18215
91,2023-05-16 11:01:00,78.2,NSE,78.3,78.2,78.2,MOTSUM,16468
92,2023-05-16 11:02:00,78.25,NSE,78.3,78.2,78.2,MOTSUM,14510
93,2023-05-16 11:03:00,78.3,NSE,78.3,78.2,78.3,MOTSUM,26229
94,2023-05-16 11:04:00,78.2,NSE,78.3,78.2,78.3,MOTSUM,18605
95,2023-05-16 11:05:00,78.2,NSE,78.25,78.2,78.25,MOTSUM,14721
96,2023-05-16 11:06:00,78.25,NSE,78.25,78.2,78.25,MOTSUM,13942
97,2023-05-16 11:07:00,78.2,NSE,78.25,78.2,78.2,MOTSUM,123055
98,2023-05-16 11:08:00,78.15,NSE,78.25,78.15,78.25,MOTSUM,16902
99,2023-05-16 11:09:00,78.15,NSE,78.15,78.1,78.15,MOTSUM,17314
100,2023-05-16 11:10:00,78.1,NSE,78.15,78.05,78.15,MOTSUM,18986
101,2023-05-16 11:11:00,78.15,NSE,78.25,78.05,78.05,MOTSUM,79470
102,2023-05-16 11:12:00,78.05,NSE,78.15,78.05,78.15,MOTSUM,35394
103,2023-05-16 11:13:00,78.1,NSE,78.1,78.05,78.05,MOTSUM,17648
104,2023-05-16 11:14:00,78.05,NSE,78.15,78.05,78.1,MOTSUM,26413
105,2023-05-16 11:15:00,78.25,NSE,78.25,78.05,78.1,MOTSUM,49822
106,2023-05-16 11:16:00,78.2,NSE,78.2,78.1,78.15,MOTSUM,41455
107,2023-05-16 11:17:00,78.1,NSE,78.2,78.1,78.2,MOTSUM,16140
108,2023-05-16 11:18:00,78.1,NSE,78.15,78.05,78.1,MOTSUM,15713
109,2023-05-16 11:19:00,78.1,NSE,78.15,78.05,78.05,MOTSUM,20787
110,2023-05-16 11:20:00,78.1,NSE,78.1,78.05,78.1,MOTSUM,15431
111,2023-05-16 11:21:00,78.05,NSE,78.15,78.05,78.1,MOTSUM,16990
112,2023-05-16 11:22:00,78.1,NSE,78.15,78.0,78.05,MOTSUM,38776
113,2023-05-16 11:23:00,78.05,NSE,78.05,78.0,78.0,MOTSUM,15422
114,2023-05-16 11:24:00,78.05,NSE,78.05,78.0,78.05,MOTSUM,17983
115,2023-05-16 11:25:00,78.0,NSE,78.05,78.0,78.0,MOTSUM,30433
116,2023-05-16 11:26:00,78.05,NSE,78.05,78.0,78.05,MOTSUM,13699
117,2023-05-16 11:27:00,78.0,NSE,78.1,78.0,78.05,MOTSUM,16349
118,2023-05-16 11:28:00,78.0,NSE,78.1,78.0,78.1,MOTSUM,13511
119,2023-05-16 11:29:00,78.0,NSE,78.05,77.95,78.0,MOTSUM,75967
120,2023-05-16 11:30:00,77.9,NSE,78.0,77.9,78.0,MOTSUM,19153
121,2023-05-16 11:31:00,78.0,NSE,78.0,77.9,77.95,MOTSUM,19091
122,2023-05-16 11:32:00,78.0,NSE,78.0,77.95,78.0,MOTSUM,11307
123,2023-05-16 11:33:00,78.0,NSE,78.0,77.95,77.95,MOTSUM,3526
124,2023-05-16 11:34:00,78.0,NSE,78.0,77.95,77.95,MOTSUM,1568
125,2023-05-16 11:35:00,78.05,NSE,78.05,77.95,77.95,MOTSUM,15158
126,2023-05-16 11:36:00,78.2,NSE,78.2,78.05,78.1,MOTSUM,10822
127,2023-05-16 11:37:00,78.2,NSE,78.2,78.1,78.2,MOTSUM,7600
128,2023-05-16 11:38:00,78.2,NSE,78.2,78.1,78.2,MOTSUM,3574
129,2023-05-16 11:39:00,78.15,NSE,78.2,78.15,78.2,MOTSUM,2853
130,2023-05-16 11:40:00,78.3,NSE,78.3,78.15,78.15,MOTSUM,15768
131,2023-05-16 11:41:00,78.5,NSE,78.5,78.3,78.3,MOTSUM,25596
132,2023-05-16 11:42:00,78.6,NSE,78.6,78.45,78.5,MOTSUM,52788
133,2023-05-16 11:43:00,78.6,NSE,78.6,78.55,78.6,MOTSUM,7816
134,2023-05-16 11:44:00,78.65,NSE,78.7,78.55,78.6,MOTSUM,16581
135,2023-05-16 11:45:00,78.6,NSE,78.7,78.6,78.65,MOTSUM,14902
136,2023-05-16 11:46:00,78.6,NSE,78.65,78.6,78.65,MOTSUM,12705
137,2023-05-16 11:47:00,78.65,NSE,78.7,78.6,78.6,MOTSUM,21714
138,2023-05-16 11:48:00,78.6,NSE,78.65,78.6,78.6,MOTSUM,7154
139,2023-05-16 11:49:00,78.6,NSE,78.65,78.6,78.65,MOTSUM,3852
140,2023-05-16 11:50:00,78.6,NSE,78.6,78.55,78.6,MOTSUM,19313
141,2023-05-16 11:51:00,78.55,NSE,78.6,78.55,78.6,MOTSUM,11768
142,2023-05-16 11:52:00,78.55,NSE,78.55,78.5,78.55,MOTSUM,4748
143,2023-05-16 11:53:00,78.6,NSE,78.6,78.5,78.55,MOTSUM,23963
144,2023-05-16 11:54:00,78.65,NSE,78.7,78.6,78.6,MOTSUM,22148
145,2023-05-16 11:55:00,78.65,NSE,78.7,78.65,78.65,MOTSUM,1857
146,2023-05-16 11:56:00,78.65,NSE,78.7,78.65,78.65,MOTSUM,4119
147,2023-05-16 11:57:00,78.7,NSE,78.7,78.65,78.65,MOTSUM,6634
148,2023-05-16 11:58:00,78.7,NSE,78.75,78.65,78.65,MOTSUM,8133
149,2023-05-16 11:59:00,78.65,NSE,78.7,78.65,78.7,MOTSUM,5688
150,2023-05-16 12:00:00,78.7,NSE,78.7,78.65,78.65,MOTSUM,13556
151,2023-05-16 12:01:00,78.75,NSE,78.75,78.7,78.75,MOTSUM,35073
152,2023-05-16 12:02:00,78.85,NSE,78.9,78.8,78.8,MOTSUM,21470
153,2023-05-16 12:03:00,78.85,NSE,78.85,78.8,78.85,MOTSUM,2646
154,2023-05-16 12:04:00,78.85,NSE,78.85,78.8,78.85,MOTSUM,4834
155,2023-05-16 12:05:00,78.8,NSE,78.85,78.8,78.85,MOTSUM,8234
156,2023-05-16 12:06:00,78.75,NSE,78.85,78.75,78.85,MOTSUM,2856
157,2023-05-16 12:07:00,78.8,NSE,78.85,78.75,78.8,MOTSUM,7949
158,2023-05-16 12:08:00,78.75,NSE,78.8,78.75,78.75,MOTSUM,2270
159,2023-05-16 12:09:00,78.8,NSE,78.8,78.75,78.8,MOTSUM,7159
160,2023-05-16 12:10:00,78.8,NSE,78.8,78.7,78.8,MOTSUM,13682
161,2023-05-16 12:11:00,78.75,NSE,78.8,78.7,78.7,MOTSUM,13487
162,2023-05-16 12:12:00,78.85,NSE,78.85,78.75,78.75,MOTSUM,36602
163,2023-05-16 12:13:00,78.85,NSE,78.9,78.85,78.85,MOTSUM,11783
164,2023-05-16 12:14:00,78.9,NSE,78.9,78.85,78.9,MOTSUM,5223
165,2023-05-16 12:15:00,78.95,NSE,78.95,78.85,78.9,MOTSUM,10534
166,2023-05-16 12:16:00,78.95,NSE,78.95,78.85,78.95,MOTSUM,5764
167,2023-05-16 12:17:00,78.95,NSE,78.95,78.85,78.95,MOTSUM,3886
168,2023-05-16 12:18:00,78.85,NSE,78.95,78.85,78.85,MOTSUM,2736
169,2023-05-16 12:19:00,78.9,NSE,78.9,78.85,78.9,MOTSUM,6475
170,2023-05-16 12:20:00,78.9,NSE,78.9,78.85,78.9,MOTSUM,5142
171,2023-05-16 12:21:00,78.9,NSE,78.9,78.85,78.9,MOTSUM,4930
172,2023-05-16 12:22:00,78.95,NSE,78.95,78.85,78.9,MOTSUM,4329
173,2023-05-16 12:23:00,78.95,NSE,78.95,78.85,78.95,MOTSUM,2731
174,2023-05-16 12:24:00,78.95,NSE,78.95,78.9,78.95,MOTSUM,3122
175,2023-05-16 12:25:00,78.9,NSE,78.95,78.9,78.95,MOTSUM,4656
176,2023-05-16 12:26:00,78.9,NSE,79.0,78.9,78.95,MOTSUM,33780
177,2023-05-16 12:27:00,78.95,NSE,78.95,78.9,78.95,MOTSUM,5876
178,2023-05-16 12:28:00,78.85,NSE,78.95,78.85,78.95,MOTSUM,15000
179,2023-05-16 12:29:00,78.9,NSE,78.9,78.85,78.9,MOTSUM,9495
180,2023-05-16 12:30:00,78.9,NSE,78.9,78.85,78.9,MOTSUM,1544
181,2023-05-16 12:31:00,78.9,NSE,78.9,78.85,78.9,MOTSUM,5587
182,2023-05-16 12:32:00,78.95,NSE,78.95,78.85,78.85,MOTSUM,7862
183,2023-05-16 12:33:00,78.9,NSE,78.95,78.9,78.95,MOTSUM,12069
184,2023-05-16 12:34:00,78.95,NSE,79.0,78.9,78.95,MOTSUM,16332
185,2023-05-16 12:35:00,78.95,NSE,79.0,78.9,79.0,MOTSUM,5359
186,2023-05-16 12:36:00,78.9,NSE,78.95,78.9,78.9,MOTSUM,3140
187,2023-05-16 12:37:00,78.9,NSE,78.95,78.85,78.95,MOTSUM,4617
188,2023-05-16 12:38:00,78.85,NSE,78.9,78.85,78.85,MOTSUM,4112
189,2023-05-16 12:39:00,79.0,NSE,79.0,78.85,78.85,MOTSUM,29538
190,2023-05-16 12:40:00,79.05,NSE,79.05,78.9,79.0,MOTSUM,56185
191,2023-05-16 12:41:00,79.05,NSE,79.05,79.0,79.0,MOTSUM,10566
192,2023-05-16 12:42:00,79.05,NSE,79.05,79.0,79.0,MOTSUM,3596
193,2023-05-16 12:43:00,78.95,NSE,79.05,78.95,79.05,MOTSUM,14915
194,2023-05-16 12:44:00,79.0,NSE,79.0,78.95,79.0,MOTSUM,2512
195,2023-05-16 12:45:00,78.9,NSE,79.0,78.9,79.0,MOTSUM,14073
196,2023-05-16 12:46:00,79.0,NSE,79.0,78.9,79.0,MOTSUM,366
197,2023-05-16 12:47:00,78.9,NSE,79.0,78.9,79.0,MOTSUM,1783
198,2023-05-16 12:48:00,78.95,NSE,78.95,78.9,78.95,MOTSUM,1462
199,2023-05-16 12:49:00,78.9,NSE,78.95,78.9,78.95,MOTSUM,6028
200,2023-05-16 12:50:00,78.9,NSE,78.95,78.9,78.9,MOTSUM,2409
201,2023-05-16 12:51:00,78.95,NSE,78.95,78.85,78.95,MOTSUM,11379
202,2023-05-16 12:52:00,78.85,NSE,78.95,78.85,78.95,MOTSUM,3744
203,2023-05-16 12:53:00,78.9,NSE,78.9,78.85,78.85,MOTSUM,2548
204,2023-05-16 12:54:00,78.8,NSE,78.9,78.8,78.9,MOTSUM,13971
205,2023-05-16 12:55:00,78.8,NSE,78.85,78.8,78.85,MOTSUM,5318
206,2023-05-16 12:56:00,78.75,NSE,78.85,78.75,78.8,MOTSUM,11118
207,2023-05-16 12:57:00,78.75,NSE,78.8,78.7,78.8,MOTSUM,12956
208,2023-05-16 12:58:00,78.75,NSE,78.75,78.7,78.75,MOTSUM,11378
209,2023-05-16 12:59:00,78.75,NSE,78.75,78.7,78.7,MOTSUM,3944
210,2023-05-16 13:00:00,78.7,NSE,78.75,78.6,78.75,MOTSUM,16456
211,2023-05-16 13:01:00,78.75,NSE,78.75,78.7,78.75,MOTSUM,9584
212,2023-05-16 13:02:00,78.85,NSE,78.85,78.75,78.8,MOTSUM,13546
213,2023-05-16 13:03:00,78.75,NSE,78.85,78.75,78.75,MOTSUM,2639
214,2023-05-16 13:04:00,78.75,NSE,78.8,78.75,78.8,MOTSUM,1848
215,2023-05-16 13:05:00,78.8,NSE,78.8,78.75,78.8,MOTSUM,1538
216,2023-05-16 13:06:00,78.85,NSE,78.9,78.75,78.8,MOTSUM,11047
217,2023-05-16 13:07:00,78.85,NSE,78.85,78.8,78.8,MOTSUM,2002
218,2023-05-16 13:08:00,78.85,NSE,78.9,78.8,78.85,MOTSUM,1938
219,2023-05-16 13:09:00,78.8,NSE,78.85,78.8,78.8,MOTSUM,3475
220,2023-05-16 13:10:00,78.85,NSE,78.85,78.8,78.85,MOTSUM,5708
221,2023-05-16 13:11:00,78.8,NSE,78.85,78.75,78.85,MOTSUM,2209
222,2023-05-16 13:12:00,78.85,NSE,78.85,78.75,78.8,MOTSUM,2765
223,2023-05-16 13:13:00,78.75,NSE,78.85,78.75,78.85,MOTSUM,9368
224,2023-05-16 13:14:00,78.8,NSE,78.8,78.75,78.75,MOTSUM,3199
225,2023-05-16 13:15:00,78.8,NSE,78.8,78.75,78.8,MOTSUM,6253
226,2023-05-16 13:16:00,78.85,NSE,78.85,78.8,78.8,MOTSUM,7043
227,2023-05-16 13:17:00,78.85,NSE,78.85,78.8,78.85,MOTSUM,3741
228,2023-05-16 13:18:00,78.8,NSE,78.85,78.8,78.85,MOTSUM,1777
229,2023-05-16 13:19:00,78.85,NSE,78.85,78.8,78.8,MOTSUM,2479
230,2023-05-16 13:20:00,78.8,NSE,78.9,78.8,78.85,MOTSUM,6584
231,2023-05-16 13:21:00,78.9,NSE,78.9,78.8,78.9,MOTSUM,9456
232,2023-05-16 13:22:00,78.85,NSE,78.95,78.85,78.85,MOTSUM,4618
233,2023-05-16 13:23:00,78.9,NSE,78.9,78.85,78.85,MOTSUM,5113
234,2023-05-16 13:24:00,78.9,NSE,78.9,78.85,78.85,MOTSUM,5791
235,2023-05-16 13:25:00,78.8,NSE,78.9,78.8,78.9,MOTSUM,11067
236,2023-05-16 13:26:00,78.8,NSE,78.85,78.8,78.85,MOTSUM,10488
237,2023-05-16 13:27:00,78.8,NSE,78.85,78.75,78.8,MOTSUM,11814
238,2023-05-16 13:28:00,78.8,NSE,78.9,78.8,78.85,MOTSUM,1497
239,2023-05-16 13:29:00,78.8,NSE,78.85,78.8,78.85,MOTSUM,2834
240,2023-05-16 13:30:00,78.8,NSE,78.85,78.8,78.85,MOTSUM,3387
241,2023-05-16 13:31:00,78.8,NSE,78.85,78.8,78.85,MOTSUM,3917
242,2023-05-16 13:32:00,78.8,NSE,78.85,78.8,78.85,MOTSUM,12551
243,2023-05-16 13:33:00,78.8,NSE,78.85,78.75,78.85,MOTSUM,8615
244,2023-05-16 13:34:00,78.8,NSE,78.8,78.75,78.75,MOTSUM,1833
245,2023-05-16 13:35:00,78.85,NSE,78.9,78.8,78.8,MOTSUM,24024
246,2023-05-16 13:36:00,78.9,NSE,78.9,78.85,78.9,MOTSUM,7031
247,2023-05-16 13:37:00,78.9,NSE,78.9,78.85,78.85,MOTSUM,4237
248,2023-05-16 13:38:00,78.9,NSE,78.9,78.85,78.9,MOTSUM,5064
249,2023-05-16 13:39:00,78.9,NSE,78.9,78.85,78.9,MOTSUM,1508
250,2023-05-16 13:40:00,78.9,NSE,78.9,78.85,78.9,MOTSUM,1902
251,2023-05-16 13:41:00,78.9,NSE,78.9,78.85,78.85,MOTSUM,2956
252,2023-05-16 13:42:00,78.85,NSE,78.9,78.85,78.85,MOTSUM,2506
253,2023-05-16 13:43:00,78.85,NSE,78.9,78.85,78.9,MOTSUM,4083
254,2023-05-16 13:44:00,78.95,NSE,78.95,78.9,78.9,MOTSUM,30791
255,2023-05-16 13:45:00,78.9,NSE,78.95,78.9,78.95,MOTSUM,1824
256,2023-05-16 13:46:00,78.9,NSE,78.95,78.9,78.95,MOTSUM,4712
257,2023-05-16 13:47:00,78.95,NSE,78.95,78.9,78.9,MOTSUM,3704
258,2023-05-16 13:48:00,78.9,NSE,78.95,78.9,78.95,MOTSUM,3907
259,2023-05-16 13:49:00,78.95,NSE,78.95,78.9,78.95,MOTSUM,4451
260,2023-05-16 13:50:00,78.95,NSE,78.95,78.9,78.95,MOTSUM,4670
261,2023-05-16 13:51:00,78.95,NSE,78.95,78.9,78.95,MOTSUM,2447
262,2023-05-16 13:52:00,78.95,NSE,79.0,78.9,78.95,MOTSUM,6295
263,2023-05-16 13:53:00,78.95,NSE,79.0,78.95,79.0,MOTSUM,5956
264,2023-05-16 13:54:00,79.0,NSE,79.0,78.95,78.95,MOTSUM,9257
265,2023-05-16 13:55:00,79.0,NSE,79.0,78.95,79.0,MOTSUM,2897
266,2023-05-16 13:56:00,79.0,NSE,79.0,78.9,78.95,MOTSUM,3355
267,2023-05-16 13:57:00,78.9,NSE,79.0,78.9,78.9,MOTSUM,1228
268,2023-05-16 13:58:00,78.95,NSE,79.0,78.9,78.9,MOTSUM,11785
269,2023-05-16 13:59:00,78.95,NSE,79.0,78.9,78.95,MOTSUM,22170
270,2023-05-16 14:00:00,78.9,NSE,78.95,78.9,78.95,MOTSUM,6306
271,2023-05-16 14:01:00,78.9,NSE,78.95,78.9,78.95,MOTSUM,3624
272,2023-05-16 14:02:00,78.95,NSE,78.95,78.9,78.9,MOTSUM,628
273,2023-05-16 14:03:00,78.95,NSE,78.95,78.9,78.95,MOTSUM,7750
274,2023-05-16 14:04:00,78.95,NSE,78.95,78.9,78.95,MOTSUM,1826
275,2023-05-16 14:05:00,78.9,NSE,78.95,78.9,78.95,MOTSUM,3008
276,2023-05-16 14:06:00,78.95,NSE,78.95,78.9,78.9,MOTSUM,3688
277,2023-05-16 14:07:00,78.95,NSE,78.95,78.9,78.9,MOTSUM,4209
278,2023-05-16 14:08:00,78.9,NSE,78.95,78.9,78.95,MOTSUM,8862
279,2023-05-16 14:09:00,78.95,NSE,78.95,78.9,78.95,MOTSUM,11845
280,2023-05-16 14:10:00,78.95,NSE,78.95,78.9,78.95,MOTSUM,2869
281,2023-05-16 14:11:00,78.95,NSE,78.95,78.85,78.95,MOTSUM,6186
282,2023-05-16 14:12:00,78.95,NSE,78.95,78.85,78.85,MOTSUM,2757
283,2023-05-16 14:13:00,78.9,NSE,78.95,78.85,78.85,MOTSUM,3462
284,2023-05-16 14:14:00,78.95,NSE,78.95,78.9,78.95,MOTSUM,4198
285,2023-05-16 14:15:00,78.95,NSE,78.95,78.9,78.95,MOTSUM,4383
286,2023-05-16 14:16:00,78.9,NSE,78.95,78.9,78.95,MOTSUM,4466
287,2023-05-16 14:17:00,78.9,NSE,78.95,78.9,78.95,MOTSUM,3898
288,2023-05-16 14:18:00,78.9,NSE,78.95,78.85,78.95,MOTSUM,8684
289,2023-05-16 14:19:00,78.85,NSE,78.9,78.85,78.85,MOTSUM,5147
290,2023-05-16 14:20:00,78.85,NSE,78.9,78.85,78.9,MOTSUM,6646
291,2023-05-16 14:21:00,78.85,NSE,78.9,78.8,78.85,MOTSUM,1858
292,2023-05-16 14:22:00,78.85,NSE,78.85,78.8,78.85,MOTSUM,2934
293,2023-05-16 14:23:00,78.85,NSE,78.85,78.8,78.85,MOTSUM,4963
294,2023-05-16 14:24:00,78.85,NSE,78.85,78.8,78.85,MOTSUM,4566
295,2023-05-16 14:25:00,78.8,NSE,78.85,78.8,78.8,MOTSUM,7008
296,2023-05-16 14:26:00,78.8,NSE,78.85,78.8,78.85,MOTSUM,2341
297,2023-05-16 14:27:00,78.85,NSE,78.85,78.8,78.85,MOTSUM,3768
298,2023-05-16 14:28:00,78.8,NSE,78.85,78.8,78.85,MOTSUM,4365
299,2023-05-16 14:29:00,78.85,NSE,78.85,78.8,78.85,MOTSUM,1201
300,2023-05-16 14:30:00,78.85,NSE,78.85,78.8,78.85,MOTSUM,2840
301,2023-05-16 14:31:00,78.85,NSE,78.85,78.8,78.8,MOTSUM,2849
302,2023-05-16 14:32:00,78.8,NSE,78.85,78.8,78.8,MOTSUM,8238
303,2023-05-16 14:33:00,78.85,NSE,78.85,78.8,78.8,MOTSUM,2562
304,2023-05-16 14:34:00,78.85,NSE,78.85,78.8,78.85,MOTSUM,7074
305,2023-05-16 14:35:00,78.7,NSE,78.85,78.7,78.8,MOTSUM,13368
306,2023-05-16 14:36:00,78.75,NSE,78.75,78.7,78.75,MOTSUM,2264
307,2023-05-16 14:37:00,78.7,NSE,78.75,78.7,78.75,MOTSUM,7781
308,2023-05-16 14:38:00,78.65,NSE,78.7,78.65,78.65,MOTSUM,2898
309,2023-05-16 14:39:00,78.7,NSE,78.7,78.65,78.7,MOTSUM,1929
310,2023-05-16 14:40:00,78.65,NSE,78.7,78.6,78.7,MOTSUM,13279
311,2023-05-16 14:41:00,78.7,NSE,78.7,78.65,78.7,MOTSUM,3436
312,2023-05-16 14:42:00,78.7,NSE,78.75,78.65,78.7,MOTSUM,3331
313,2023-05-16 14:43:00,78.8,NSE,78.8,78.65,78.7,MOTSUM,9039
314,2023-05-16 14:44:00,78.85,NSE,78.85,78.75,78.85,MOTSUM,4224
315,2023-05-16 14:45:00,78.9,NSE,78.9,78.8,78.8,MOTSUM,8955
316,2023-05-16 14:46:00,78.8,NSE,78.9,78.8,78.85,MOTSUM,1985
317,2023-05-16 14:47:00,78.85,NSE,78.85,78.8,78.8,MOTSUM,8266
318,2023-05-16 14:48:00,78.85,NSE,78.85,78.75,78.8,MOTSUM,8412
319,2023-05-16 14:49:00,78.75,NSE,78.85,78.75,78.85,MOTSUM,2578
320,2023-05-16 14:50:00,78.7,NSE,78.8,78.7,78.8,MOTSUM,13178
321,2023-05-16 14:51:00,78.7,NSE,78.75,78.7,78.75,MOTSUM,1461
322,2023-05-16 14:52:00,78.75,NSE,78.75,78.7,78.75,MOTSUM,2611
323,2023-05-16 14:53:00,78.7,NSE,78.75,78.65,78.75,MOTSUM,30126
324,2023-05-16 14:54:00,78.65,NSE,78.7,78.6,78.65,MOTSUM,13014
325,2023-05-16 14:55:00,78.6,NSE,78.65,78.6,78.65,MOTSUM,5589
326,2023-05-16 14:56:00,78.65,NSE,78.65,78.6,78.6,MOTSUM,476
327,2023-05-16 14:57:00,78.6,NSE,78.65,78.6,78.6,MOTSUM,3175
328,2023-05-16 14:58:00,78.65,NSE,78.65,78.6,78.6,MOTSUM,10680
329,2023-05-16 14:59:00,78.65,NSE,78.7,78.65,78.7,MOTSUM,11426
330,2023-05-16 15:00:00,78.65,NSE,78.7,78.6,78.7,MOTSUM,51016
331,2023-05-16 15:01:00,78.55,NSE,78.65,78.5,78.65,MOTSUM,141626
332,2023-05-16 15:02:00,78.5,NSE,78.6,78.45,78.5,MOTSUM,162806
333,2023-05-16 15:03:00,78.4,NSE,78.5,78.4,78.5,MOTSUM,22339
334,2023-05-16 15:04:00,78.35,NSE,78.45,78.35,78.4,MOTSUM,23095
335,2023-05-16 15:05:00,78.3,NSE,78.4,78.3,78.35,MOTSUM,6505
336,2023-05-16 15:06:00,78.4,NSE,78.4,78.3,78.3,MOTSUM,14414
337,2023-05-16 15:07:00,78.4,NSE,78.4,78.35,78.4,MOTSUM,3649
338,2023-05-16 15:08:00,78.3,NSE,78.4,78.3,78.4,MOTSUM,21637
339,2023-05-16 15:09:00,78.35,NSE,78.35,78.3,78.3,MOTSUM,8617
340,2023-05-16 15:10:00,78.4,NSE,78.4,78.35,78.35,MOTSUM,14098
341,2023-05-16 15:11:00,78.4,NSE,78.5,78.4,78.4,MOTSUM,21611
342,2023-05-16 15:12:00,78.45,NSE,78.45,78.4,78.4,MOTSUM,6011
343,2023-05-16 15:13:00,78.4,NSE,78.45,78.35,78.4,MOTSUM,20550
344,2023-05-16 15:14:00,78.4,NSE,78.4,78.35,78.35,MOTSUM,13749
345,2023-05-16 15:15:00,78.45,NSE,78.45,78.4,78.45,MOTSUM,18809
346,2023-05-16 15:16:00,78.45,NSE,78.45,78.4,78.4,MOTSUM,6658
347,2023-05-16 15:17:00,78.4,NSE,78.45,78.4,78.45,MOTSUM,6879
348,2023-05-16 15:18:00,78.4,NSE,78.45,78.35,78.45,MOTSUM,45620
349,2023-05-16 15:19:00,78.35,NSE,78.4,78.35,78.35,MOTSUM,13458
350,2023-05-16 15:20:00,78.35,NSE,78.4,78.35,78.35,MOTSUM,19449
351,2023-05-16 15:21:00,78.4,NSE,78.4,78.35,78.35,MOTSUM,9524
352,2023-05-16 15:22:00,78.35,NSE,78.4,78.35,78.35,MOTSUM,25139
353,2023-05-16 15:23:00,78.35,NSE,78.4,78.35,78.4,MOTSUM,19880
354,2023-05-16 15:24:00,78.35,NSE,78.4,78.35,78.4,MOTSUM,23661
355,2023-05-16 15:25:00,78.35,NSE,78.4,78.35,78.35,MOTSUM,9139
356,2023-05-16 15:26:00,78.4,NSE,78.4,78.35,78.4,MOTSUM,34422
357,2023-05-16 15:27:00,78.35,NSE,78.4,78.35,78.4,MOTSUM,21151
358,2023-05-16 15:28:00,78.5,NSE,78.5,78.35,78.35,MOTSUM,25497
359,2023-05-16 15:29:00,78.5,NSE,78.55,78.35,78.55,MOTSUM,42825
