,datetime,close,exchange_code,high,low,open,stock_code,volume
0,2023-12-05 09:07:00,1002.5,NSE,1002.5,1002.5,1002.5,ICIBAN,0
1,2023-12-05 09:15:00,1001.8,NSE,1003.45,1001.7,1003.45,ICIBAN,1341108
2,2023-12-05 09:16:00,999.6,NSE,1002.5,999.15,1001.55,ICIBAN,267705
3,2023-12-05 09:17:00,1000.7,NSE,1001.0,999.5,999.7,ICIBAN,279392
4,2023-12-05 09:18:00,999.05,NSE,1000.95,999.0,1000.75,ICIBAN,169873
5,2023-12-05 09:19:00,999.75,NSE,1000.5,998.5,998.5,ICIBAN,208590
6,2023-12-05 09:20:00,998.95,NSE,1000.8,998.75,999.2,ICIBAN,273043
7,2023-12-05 09:21:00,998.0,NSE,999.0,997.8,998.95,ICIBAN,158682
8,2023-12-05 09:22:00,997.25,NSE,998.4,997.2,998.1,ICIBAN,140889
9,2023-12-05 09:23:00,996.9,NSE,997.8,996.45,997.6,ICIBAN,193070
10,2023-12-05 09:24:00,995.95,NSE,997.45,995.75,996.85,ICIBAN,104323
11,2023-12-05 09:25:00,995.9,NSE,996.05,995.05,995.25,ICIBAN,63029
12,2023-12-05 09:26:00,997.55,NSE,997.95,995.85,995.9,ICIBAN,166426
13,2023-12-05 09:27:00,997.8,NSE,998.6,997.2,997.65,ICIBAN,187047
14,2023-12-05 09:28:00,998.2,NSE,998.75,997.5,997.95,ICIBAN,114490
15,2023-12-05 09:29:00,998.95,NSE,998.95,997.9,998.1,ICIBAN,93714
16,2023-12-05 09:30:00,997.65,NSE,998.95,996.75,998.95,ICIBAN,106597
17,2023-12-05 09:31:00,997.35,NSE,998.15,997.35,997.5,ICIBAN,57939
18,2023-12-05 09:32:00,999.0,NSE,999.3,997.05,997.05,ICIBAN,149072
19,2023-12-05 09:33:00,999.45,NSE,999.9,998.8,998.95,ICIBAN,197180
20,2023-12-05 09:34:00,999.65,NSE,999.9,998.85,999.5,ICIBAN,93871
21,2023-12-05 09:35:00,999.45,NSE,999.75,998.9,999.65,ICIBAN,62102
22,2023-12-05 09:36:00,999.4,NSE,999.95,999.05,999.45,ICIBAN,43078
23,2023-12-05 09:37:00,999.35,NSE,999.65,998.5,999.4,ICIBAN,34938
24,2023-12-05 09:38:00,999.25,NSE,999.55,998.8,999.3,ICIBAN,44175
25,2023-12-05 09:39:00,999.55,NSE,999.55,999.0,999.4,ICIBAN,29337
26,2023-12-05 09:40:00,999.75,NSE,999.8,998.9,999.25,ICIBAN,57331
27,2023-12-05 09:41:00,999.9,NSE,1000.3,999.35,999.75,ICIBAN,70483
28,2023-12-05 09:42:00,1000.05,NSE,1000.35,999.6,999.65,ICIBAN,33103
29,2023-12-05 09:43:00,998.6,NSE,1000.05,998.5,1000.05,ICIBAN,44782
30,2023-12-05 09:44:00,998.75,NSE,999.1,998.6,998.65,ICIBAN,18632
31,2023-12-05 09:45:00,999.75,NSE,999.75,998.5,998.7,ICIBAN,21324
32,2023-12-05 09:46:00,999.0,NSE,999.5,998.95,999.45,ICIBAN,15151
33,2023-12-05 09:47:00,999.7,NSE,999.7,998.95,999.05,ICIBAN,41501
34,2023-12-05 09:48:00,1001.3,NSE,1001.45,999.65,999.65,ICIBAN,138859
35,2023-12-05 09:49:00,1001.2,NSE,1001.7,1001.0,1001.3,ICIBAN,34410
36,2023-12-05 09:50:00,1001.6,NSE,1001.85,1001.0,1001.05,ICIBAN,24930
37,2023-12-05 09:51:00,1002.35,NSE,1002.35,1001.45,1001.6,ICIBAN,130082
38,2023-12-05 09:52:00,1004.2,NSE,1004.45,1002.3,1002.45,ICIBAN,208136
39,2023-12-05 09:53:00,1004.6,NSE,1004.95,1003.75,1004.6,ICIBAN,148947
40,2023-12-05 09:54:00,1003.7,NSE,1004.7,1003.6,1004.55,ICIBAN,79404
41,2023-12-05 09:55:00,1004.0,NSE,1004.0,1002.45,1003.7,ICIBAN,79710
42,2023-12-05 09:56:00,1004.9,NSE,1005.0,1003.8,1004.0,ICIBAN,78788
43,2023-12-05 09:57:00,1003.75,NSE,1004.85,1003.75,1004.75,ICIBAN,42894
44,2023-12-05 09:58:00,1004.4,NSE,1004.8,1003.65,1003.65,ICIBAN,46010
45,2023-12-05 09:59:00,1005.85,NSE,1006.0,1004.65,1004.8,ICIBAN,143385
46,2023-12-05 10:00:00,1005.2,NSE,1006.45,1005.2,1005.9,ICIBAN,45960
47,2023-12-05 10:01:00,1005.1,NSE,1005.4,1004.8,1005.3,ICIBAN,27040
48,2023-12-05 10:02:00,1004.3,NSE,1005.05,1003.9,1005.0,ICIBAN,36766
49,2023-12-05 10:03:00,1004.3,NSE,1004.35,1003.7,1004.3,ICIBAN,24170
50,2023-12-05 10:04:00,1005.1,NSE,1005.5,1003.85,1004.35,ICIBAN,34978
51,2023-12-05 10:05:00,1004.75,NSE,1005.3,1004.35,1005.3,ICIBAN,56126
52,2023-12-05 10:06:00,1004.8,NSE,1004.95,1003.95,1004.95,ICIBAN,46520
53,2023-12-05 10:07:00,1004.65,NSE,1004.9,1003.8,1004.6,ICIBAN,56607
54,2023-12-05 10:08:00,1005.1,NSE,1005.45,1004.6,1004.6,ICIBAN,57134
55,2023-12-05 10:09:00,1005.25,NSE,1005.25,1004.95,1005.1,ICIBAN,59281
56,2023-12-05 10:10:00,1005.5,NSE,1005.85,1004.95,1005.0,ICIBAN,68552
57,2023-12-05 10:11:00,1006.25,NSE,1006.3,1004.65,1005.5,ICIBAN,204625
58,2023-12-05 10:12:00,1007.0,NSE,1007.35,1006.05,1006.2,ICIBAN,80967
59,2023-12-05 10:13:00,1007.3,NSE,1007.4,1006.8,1007.0,ICIBAN,43705
60,2023-12-05 10:14:00,1008.5,NSE,1008.85,1007.05,1007.3,ICIBAN,115008
61,2023-12-05 10:15:00,1007.75,NSE,1008.85,1007.7,1008.45,ICIBAN,67559
62,2023-12-05 10:16:00,1008.6,NSE,1009.05,1007.5,1008.0,ICIBAN,125774
63,2023-12-05 10:17:00,1008.85,NSE,1009.1,1008.55,1008.85,ICIBAN,55749
64,2023-12-05 10:18:00,1009.8,NSE,1010.0,1008.65,1008.95,ICIBAN,242435
65,2023-12-05 10:19:00,1008.1,NSE,1010.8,1008.1,1009.95,ICIBAN,359723
66,2023-12-05 10:20:00,1010.4,NSE,1010.6,1008.2,1008.4,ICIBAN,276268
67,2023-12-05 10:21:00,1010.55,NSE,1011.75,1008.95,1010.75,ICIBAN,336729
68,2023-12-05 10:22:00,1009.95,NSE,1010.95,1009.3,1010.95,ICIBAN,178143
69,2023-12-05 10:23:00,1008.9,NSE,1010.45,1008.9,1010.0,ICIBAN,178811
70,2023-12-05 10:24:00,1011.05,NSE,1011.05,1008.95,1008.95,ICIBAN,175655
71,2023-12-05 10:25:00,1011.35,NSE,1011.45,1010.6,1011.35,ICIBAN,124958
72,2023-12-05 10:26:00,1011.0,NSE,1011.9,1011.0,1011.35,ICIBAN,79196
73,2023-12-05 10:27:00,1011.5,NSE,1011.85,1011.0,1011.0,ICIBAN,59943
74,2023-12-05 10:28:00,1011.25,NSE,1012.0,1011.25,1011.5,ICIBAN,96803
75,2023-12-05 10:29:00,1011.5,NSE,1011.65,1010.9,1011.2,ICIBAN,59933
76,2023-12-05 10:30:00,1011.6,NSE,1011.8,1011.0,1011.55,ICIBAN,130842
77,2023-12-05 10:31:00,1010.95,NSE,1012.5,1010.4,1011.15,ICIBAN,386327
78,2023-12-05 10:32:00,1011.45,NSE,1012.2,1010.8,1010.9,ICIBAN,198286
79,2023-12-05 10:33:00,1011.35,NSE,1011.5,1010.25,1011.3,ICIBAN,86302
80,2023-12-05 10:34:00,1011.0,NSE,1011.7,1010.8,1011.3,ICIBAN,149603
81,2023-12-05 10:35:00,1009.5,NSE,1011.0,1009.5,1011.0,ICIBAN,51736
82,2023-12-05 10:36:00,1008.7,NSE,1009.9,1008.35,1009.4,ICIBAN,98779
83,2023-12-05 10:37:00,1007.65,NSE,1008.7,1007.0,1008.3,ICIBAN,130886
84,2023-12-05 10:38:00,1009.6,NSE,1010.5,1007.85,1007.85,ICIBAN,76808
85,2023-12-05 10:39:00,1011.4,NSE,1011.45,1009.3,1009.6,ICIBAN,127892
86,2023-12-05 10:40:00,1012.0,NSE,1012.7,1011.3,1011.7,ICIBAN,200305
87,2023-12-05 10:41:00,1012.8,NSE,1013.3,1011.9,1012.0,ICIBAN,155788
88,2023-12-05 10:42:00,1011.65,NSE,1013.75,1011.65,1013.0,ICIBAN,209516
89,2023-12-05 10:43:00,1010.75,NSE,1012.0,1009.95,1011.5,ICIBAN,128350
90,2023-12-05 10:44:00,1011.6,NSE,1011.65,1010.7,1010.8,ICIBAN,51819
91,2023-12-05 10:45:00,1011.2,NSE,1011.75,1010.2,1011.75,ICIBAN,57674
92,2023-12-05 10:46:00,1011.35,NSE,1011.7,1011.0,1011.3,ICIBAN,65098
93,2023-12-05 10:47:00,1012.6,NSE,1012.6,1011.3,1011.5,ICIBAN,61262
94,2023-12-05 10:48:00,1011.7,NSE,1012.65,1010.95,1012.65,ICIBAN,58899
95,2023-12-05 10:49:00,1011.95,NSE,1012.0,1011.2,1011.95,ICIBAN,32385
96,2023-12-05 10:50:00,1010.95,NSE,1011.95,1010.65,1011.95,ICIBAN,59432
97,2023-12-05 10:51:00,1009.95,NSE,1011.3,1009.55,1011.0,ICIBAN,103615
98,2023-12-05 10:52:00,1010.25,NSE,1010.5,1009.7,1010.1,ICIBAN,50716
99,2023-12-05 10:53:00,1010.0,NSE,1010.35,1009.15,1010.25,ICIBAN,187257
100,2023-12-05 10:54:00,1010.5,NSE,1010.7,1009.6,1009.9,ICIBAN,108025
101,2023-12-05 10:55:00,1010.35,NSE,1010.65,1009.5,1010.55,ICIBAN,114662
102,2023-12-05 10:56:00,1010.8,NSE,1011.2,1010.35,1010.4,ICIBAN,49068
103,2023-12-05 10:57:00,1012.05,NSE,1012.35,1010.65,1010.9,ICIBAN,47707
104,2023-12-05 10:58:00,1012.4,NSE,1013.0,1011.95,1012.05,ICIBAN,88690
105,2023-12-05 10:59:00,1012.0,NSE,1012.75,1012.0,1012.55,ICIBAN,48974
106,2023-12-05 11:00:00,1012.0,NSE,1012.15,1011.25,1012.15,ICIBAN,34213
107,2023-12-05 11:01:00,1011.7,NSE,1012.25,1011.55,1011.9,ICIBAN,47643
108,2023-12-05 11:02:00,1011.95,NSE,1012.0,1011.0,1011.75,ICIBAN,54127
109,2023-12-05 11:03:00,1011.6,NSE,1012.1,1011.6,1011.95,ICIBAN,27492
110,2023-12-05 11:04:00,1011.8,NSE,1012.0,1011.55,1011.8,ICIBAN,31833
111,2023-12-05 11:05:00,1011.95,NSE,1012.0,1011.25,1011.8,ICIBAN,34789
112,2023-12-05 11:06:00,1011.7,NSE,1012.3,1011.6,1012.0,ICIBAN,45004
113,2023-12-05 11:07:00,1011.75,NSE,1012.0,1011.4,1011.7,ICIBAN,26131
114,2023-12-05 11:08:00,1011.75,NSE,1012.05,1011.45,1011.75,ICIBAN,52340
115,2023-12-05 11:09:00,1007.55,NSE,1011.7,1007.55,1011.7,ICIBAN,267004
116,2023-12-05 11:10:00,1006.5,NSE,1007.55,1004.2,1007.55,ICIBAN,240052
117,2023-12-05 11:11:00,1007.0,NSE,1008.4,1006.35,1006.9,ICIBAN,72762
118,2023-12-05 11:12:00,1007.25,NSE,1007.25,1006.2,1007.0,ICIBAN,69443
119,2023-12-05 11:13:00,1007.35,NSE,1007.35,1006.05,1007.35,ICIBAN,96143
120,2023-12-05 11:14:00,1006.65,NSE,1007.95,1006.5,1007.45,ICIBAN,42200
121,2023-12-05 11:15:00,1005.85,NSE,1007.0,1005.6,1006.75,ICIBAN,82004
122,2023-12-05 11:16:00,1005.2,NSE,1006.2,1005.1,1006.0,ICIBAN,88045
123,2023-12-05 11:17:00,1004.65,NSE,1005.35,1003.55,1004.9,ICIBAN,72220
124,2023-12-05 11:18:00,1004.15,NSE,1005.65,1003.85,1004.8,ICIBAN,56327
125,2023-12-05 11:19:00,1002.45,NSE,1004.4,1001.95,1003.85,ICIBAN,251928
126,2023-12-05 11:20:00,1003.0,NSE,1003.15,1001.2,1002.55,ICIBAN,340470
127,2023-12-05 11:21:00,1004.0,NSE,1004.5,1002.9,1002.9,ICIBAN,106823
128,2023-12-05 11:22:00,1005.15,NSE,1005.15,1004.0,1004.0,ICIBAN,42862
129,2023-12-05 11:23:00,1005.4,NSE,1005.85,1005.1,1005.15,ICIBAN,32350
130,2023-12-05 11:24:00,1005.15,NSE,1005.8,1004.9,1005.45,ICIBAN,33336
131,2023-12-05 11:25:00,1004.95,NSE,1005.45,1004.6,1005.05,ICIBAN,38356
132,2023-12-05 11:26:00,1003.95,NSE,1005.0,1003.55,1004.95,ICIBAN,41264
133,2023-12-05 11:27:00,1004.55,NSE,1004.65,1003.8,1003.95,ICIBAN,39527
134,2023-12-05 11:28:00,1004.0,NSE,1004.65,1003.7,1004.4,ICIBAN,38865
135,2023-12-05 11:29:00,1003.95,NSE,1004.0,1003.5,1003.95,ICIBAN,52648
136,2023-12-05 11:30:00,1003.95,NSE,1004.0,1003.8,1003.95,ICIBAN,35534
137,2023-12-05 11:31:00,1003.8,NSE,1004.0,1003.6,1004.0,ICIBAN,53654
138,2023-12-05 11:32:00,1003.55,NSE,1004.0,1003.5,1003.7,ICIBAN,92721
139,2023-12-05 11:33:00,1003.4,NSE,1004.0,1003.2,1003.4,ICIBAN,113563
140,2023-12-05 11:34:00,1003.75,NSE,1003.85,1002.75,1003.4,ICIBAN,70720
141,2023-12-05 11:35:00,1002.3,NSE,1004.0,1002.0,1003.65,ICIBAN,90322
142,2023-12-05 11:36:00,1000.65,NSE,1002.85,1000.55,1002.5,ICIBAN,148010
143,2023-12-05 11:37:00,1001.05,NSE,1001.05,999.25,1000.8,ICIBAN,135104
144,2023-12-05 11:38:00,1001.1,NSE,1001.65,1000.9,1001.05,ICIBAN,46440
145,2023-12-05 11:39:00,1001.6,NSE,1001.9,1000.8,1001.3,ICIBAN,43935
146,2023-12-05 11:40:00,1002.9,NSE,1002.9,1001.45,1001.75,ICIBAN,52402
147,2023-12-05 11:41:00,1003.55,NSE,1003.9,1002.5,1002.6,ICIBAN,44219
148,2023-12-05 11:42:00,1002.7,NSE,1003.8,1002.55,1003.8,ICIBAN,32036
149,2023-12-05 11:43:00,1002.25,NSE,1003.2,1002.15,1003.0,ICIBAN,49857
150,2023-12-05 11:44:00,1003.4,NSE,1003.65,1002.3,1002.3,ICIBAN,43886
151,2023-12-05 11:45:00,1003.55,NSE,1003.95,1003.05,1003.35,ICIBAN,34851
152,2023-12-05 11:46:00,1005.25,NSE,1005.25,1003.5,1003.5,ICIBAN,50514
153,2023-12-05 11:47:00,1004.4,NSE,1005.6,1004.2,1005.4,ICIBAN,71690
154,2023-12-05 11:48:00,1005.0,NSE,1005.0,1004.4,1004.4,ICIBAN,25908
155,2023-12-05 11:49:00,1004.95,NSE,1005.3,1004.8,1005.3,ICIBAN,49185
156,2023-12-05 11:50:00,1005.75,NSE,1006.45,1005.0,1005.0,ICIBAN,52022
157,2023-12-05 11:51:00,1005.6,NSE,1006.1,1005.4,1005.4,ICIBAN,29741
158,2023-12-05 11:52:00,1005.05,NSE,1005.7,1005.0,1005.45,ICIBAN,36730
159,2023-12-05 11:53:00,1005.3,NSE,1005.65,1004.95,1005.2,ICIBAN,29477
160,2023-12-05 11:54:00,1004.85,NSE,1005.45,1004.75,1005.3,ICIBAN,47991
161,2023-12-05 11:55:00,1005.7,NSE,1006.0,1004.75,1005.0,ICIBAN,49639
162,2023-12-05 11:56:00,1006.05,NSE,1006.45,1005.35,1005.8,ICIBAN,99426
163,2023-12-05 11:57:00,1007.45,NSE,1007.45,1005.9,1006.2,ICIBAN,48503
164,2023-12-05 11:58:00,1008.45,NSE,1008.55,1007.1,1007.35,ICIBAN,79672
165,2023-12-05 11:59:00,1008.15,NSE,1008.55,1007.6,1008.45,ICIBAN,53458
166,2023-12-05 12:00:00,1009.0,NSE,1009.2,1008.0,1008.15,ICIBAN,86306
167,2023-12-05 12:01:00,1009.9,NSE,1009.9,1008.55,1009.05,ICIBAN,116561
168,2023-12-05 12:02:00,1009.75,NSE,1009.9,1009.4,1009.85,ICIBAN,62775
169,2023-12-05 12:03:00,1009.4,NSE,1009.9,1008.7,1009.65,ICIBAN,115147
170,2023-12-05 12:04:00,1009.2,NSE,1009.6,1008.9,1009.45,ICIBAN,27006
171,2023-12-05 12:05:00,1009.0,NSE,1009.5,1008.35,1009.2,ICIBAN,43950
172,2023-12-05 12:06:00,1009.2,NSE,1009.8,1009.0,1009.25,ICIBAN,44084
173,2023-12-05 12:07:00,1009.5,NSE,1009.75,1009.2,1009.2,ICIBAN,34634
174,2023-12-05 12:08:00,1008.7,NSE,1009.6,1008.4,1009.5,ICIBAN,36805
175,2023-12-05 12:09:00,1007.85,NSE,1008.65,1007.85,1008.3,ICIBAN,76404
176,2023-12-05 12:10:00,1007.95,NSE,1008.55,1007.5,1007.7,ICIBAN,69875
177,2023-12-05 12:11:00,1008.2,NSE,1008.6,1007.8,1008.0,ICIBAN,37136
178,2023-12-05 12:12:00,1009.0,NSE,1009.0,1008.1,1008.2,ICIBAN,26695
179,2023-12-05 12:13:00,1009.1,NSE,1009.1,1008.8,1008.95,ICIBAN,37576
180,2023-12-05 12:14:00,1008.45,NSE,1009.25,1008.45,1009.05,ICIBAN,56555
181,2023-12-05 12:15:00,1008.75,NSE,1008.95,1008.05,1008.15,ICIBAN,26565
182,2023-12-05 12:16:00,1008.95,NSE,1009.0,1008.5,1008.7,ICIBAN,26439
183,2023-12-05 12:17:00,1008.95,NSE,1009.4,1008.6,1009.0,ICIBAN,40070
184,2023-12-05 12:18:00,1009.6,NSE,1009.6,1008.95,1008.95,ICIBAN,19161
185,2023-12-05 12:19:00,1009.0,NSE,1009.65,1008.9,1009.55,ICIBAN,47695
186,2023-12-05 12:20:00,1009.0,NSE,1009.6,1008.9,1009.0,ICIBAN,21106
187,2023-12-05 12:21:00,1009.25,NSE,1009.55,1008.95,1009.1,ICIBAN,26933
188,2023-12-05 12:22:00,1008.9,NSE,1009.35,1008.55,1009.25,ICIBAN,52159
189,2023-12-05 12:23:00,1010.25,NSE,1010.5,1008.7,1008.75,ICIBAN,121837
190,2023-12-05 12:24:00,1009.85,NSE,1010.5,1009.5,1010.25,ICIBAN,67695
191,2023-12-05 12:25:00,1010.45,NSE,1010.5,1009.85,1009.85,ICIBAN,32387
192,2023-12-05 12:26:00,1010.7,NSE,1010.7,1009.9,1010.45,ICIBAN,28346
193,2023-12-05 12:27:00,1012.65,NSE,1012.75,1010.6,1010.7,ICIBAN,212742
194,2023-12-05 12:28:00,1012.95,NSE,1013.25,1012.6,1012.65,ICIBAN,119587
195,2023-12-05 12:29:00,1011.95,NSE,1013.0,1011.5,1012.8,ICIBAN,37464
196,2023-12-05 12:30:00,1011.95,NSE,1012.45,1011.6,1011.95,ICIBAN,44188
197,2023-12-05 12:31:00,1012.0,NSE,1012.35,1011.6,1012.0,ICIBAN,36313
198,2023-12-05 12:32:00,1011.7,NSE,1012.15,1011.45,1012.0,ICIBAN,26231
199,2023-12-05 12:33:00,1011.4,NSE,1011.8,1011.0,1011.55,ICIBAN,36923
200,2023-12-05 12:34:00,1011.25,NSE,1011.75,1011.0,1011.35,ICIBAN,40856
201,2023-12-05 12:35:00,1011.6,NSE,1011.6,1010.55,1011.0,ICIBAN,88371
202,2023-12-05 12:36:00,1011.5,NSE,1011.6,1011.0,1011.6,ICIBAN,43064
203,2023-12-05 12:37:00,1010.75,NSE,1011.6,1010.6,1011.4,ICIBAN,53239
204,2023-12-05 12:38:00,1010.15,NSE,1011.5,1010.15,1010.75,ICIBAN,46036
205,2023-12-05 12:39:00,1010.75,NSE,1011.15,1010.05,1010.1,ICIBAN,73105
206,2023-12-05 12:40:00,1011.1,NSE,1011.9,1010.65,1010.8,ICIBAN,50245
207,2023-12-05 12:41:00,1010.0,NSE,1011.15,1010.0,1011.15,ICIBAN,29096
208,2023-12-05 12:42:00,1009.9,NSE,1010.25,1009.6,1010.15,ICIBAN,80620
209,2023-12-05 12:43:00,1010.55,NSE,1010.6,1009.55,1009.9,ICIBAN,19064
210,2023-12-05 12:44:00,1010.45,NSE,1010.6,1010.05,1010.55,ICIBAN,13863
211,2023-12-05 12:45:00,1009.9,NSE,1010.5,1009.9,1010.45,ICIBAN,17975
212,2023-12-05 12:46:00,1010.15,NSE,1010.25,1009.6,1009.7,ICIBAN,32841
213,2023-12-05 12:47:00,1009.95,NSE,1010.2,1009.65,1009.7,ICIBAN,34355
214,2023-12-05 12:48:00,1009.85,NSE,1010.0,1009.6,1010.0,ICIBAN,36014
215,2023-12-05 12:49:00,1011.0,NSE,1011.0,1009.95,1009.95,ICIBAN,65365
216,2023-12-05 12:50:00,1010.15,NSE,1011.9,1010.0,1010.95,ICIBAN,109876
217,2023-12-05 12:51:00,1011.6,NSE,1011.8,1010.2,1010.4,ICIBAN,43644
218,2023-12-05 12:52:00,1011.9,NSE,1012.35,1011.55,1011.55,ICIBAN,104259
219,2023-12-05 12:53:00,1012.85,NSE,1013.0,1011.85,1011.85,ICIBAN,43607
220,2023-12-05 12:54:00,1012.5,NSE,1013.0,1012.5,1012.8,ICIBAN,37872
221,2023-12-05 12:55:00,1012.75,NSE,1012.8,1012.5,1012.7,ICIBAN,35278
222,2023-12-05 12:56:00,1013.2,NSE,1013.45,1012.8,1012.9,ICIBAN,63034
223,2023-12-05 12:57:00,1012.55,NSE,1013.2,1012.5,1013.15,ICIBAN,28117
224,2023-12-05 12:58:00,1012.55,NSE,1012.8,1012.5,1012.7,ICIBAN,39519
225,2023-12-05 12:59:00,1012.35,NSE,1012.55,1012.25,1012.5,ICIBAN,41774
226,2023-12-05 13:00:00,1012.05,NSE,1012.5,1011.95,1012.25,ICIBAN,27442
227,2023-12-05 13:01:00,1011.9,NSE,1012.05,1011.25,1012.05,ICIBAN,30577
228,2023-12-05 13:02:00,1012.1,NSE,1012.45,1011.9,1012.0,ICIBAN,44553
229,2023-12-05 13:03:00,1012.0,NSE,1012.3,1011.95,1012.15,ICIBAN,20578
230,2023-12-05 13:04:00,1012.5,NSE,1012.5,1011.9,1011.95,ICIBAN,40241
231,2023-12-05 13:05:00,1011.95,NSE,1012.5,1011.15,1012.5,ICIBAN,40705
232,2023-12-05 13:06:00,1012.15,NSE,1012.4,1011.75,1011.95,ICIBAN,30605
233,2023-12-05 13:07:00,1012.35,NSE,1012.45,1012.0,1012.15,ICIBAN,29112
234,2023-12-05 13:08:00,1013.05,NSE,1013.5,1012.3,1012.35,ICIBAN,68585
235,2023-12-05 13:09:00,1012.65,NSE,1013.25,1012.45,1013.0,ICIBAN,20615
236,2023-12-05 13:10:00,1012.15,NSE,1012.85,1011.9,1012.65,ICIBAN,31286
237,2023-12-05 13:11:00,1012.85,NSE,1012.95,1012.05,1012.15,ICIBAN,37611
238,2023-12-05 13:12:00,1013.8,NSE,1014.0,1012.85,1012.85,ICIBAN,161142
239,2023-12-05 13:13:00,1014.0,NSE,1014.5,1013.7,1013.85,ICIBAN,62368
240,2023-12-05 13:14:00,1014.6,NSE,1014.8,1013.9,1013.95,ICIBAN,38827
241,2023-12-05 13:15:00,1014.8,NSE,1015.0,1014.55,1014.65,ICIBAN,60749
242,2023-12-05 13:16:00,1014.3,NSE,1014.75,1014.3,1014.75,ICIBAN,33474
243,2023-12-05 13:17:00,1013.8,NSE,1014.4,1013.8,1014.4,ICIBAN,38708
244,2023-12-05 13:18:00,1013.8,NSE,1014.25,1013.45,1013.8,ICIBAN,28033
245,2023-12-05 13:19:00,1013.45,NSE,1014.05,1013.2,1013.7,ICIBAN,55244
246,2023-12-05 13:20:00,1012.6,NSE,1013.65,1012.6,1013.5,ICIBAN,81585
247,2023-12-05 13:21:00,1012.1,NSE,1013.15,1012.0,1012.6,ICIBAN,61557
248,2023-12-05 13:22:00,1011.95,NSE,1012.85,1011.95,1012.4,ICIBAN,56876
249,2023-12-05 13:23:00,1011.9,NSE,1012.55,1011.9,1012.05,ICIBAN,49686
250,2023-12-05 13:24:00,1012.7,NSE,1013.35,1011.95,1012.0,ICIBAN,99464
251,2023-12-05 13:25:00,1013.25,NSE,1013.55,1012.8,1012.9,ICIBAN,108591
252,2023-12-05 13:26:00,1012.85,NSE,1013.25,1012.6,1013.25,ICIBAN,53316
253,2023-12-05 13:27:00,1013.7,NSE,1014.0,1012.7,1012.85,ICIBAN,214773
254,2023-12-05 13:28:00,1013.45,NSE,1013.75,1013.15,1013.75,ICIBAN,25306
255,2023-12-05 13:29:00,1013.25,NSE,1013.9,1013.2,1013.4,ICIBAN,40222
256,2023-12-05 13:30:00,1014.25,NSE,1014.25,1013.25,1013.25,ICIBAN,42873
257,2023-12-05 13:31:00,1014.35,NSE,1014.7,1013.75,1014.35,ICIBAN,51778
258,2023-12-05 13:32:00,1014.45,NSE,1014.8,1014.2,1014.4,ICIBAN,33167
259,2023-12-05 13:33:00,1014.4,NSE,1014.6,1014.2,1014.45,ICIBAN,30779
260,2023-12-05 13:34:00,1014.6,NSE,1014.95,1014.25,1014.6,ICIBAN,65370
261,2023-12-05 13:35:00,1014.3,NSE,1015.0,1014.1,1014.7,ICIBAN,66486
262,2023-12-05 13:36:00,1014.25,NSE,1014.3,1013.6,1014.25,ICIBAN,53169
263,2023-12-05 13:37:00,1013.55,NSE,1014.35,1013.5,1014.35,ICIBAN,40002
264,2023-12-05 13:38:00,1013.5,NSE,1014.05,1013.45,1013.55,ICIBAN,41105
265,2023-12-05 13:39:00,1014.65,NSE,1015.0,1013.55,1013.55,ICIBAN,240077
266,2023-12-05 13:40:00,1015.3,NSE,1015.6,1014.75,1014.95,ICIBAN,103008
267,2023-12-05 13:41:00,1015.1,NSE,1015.65,1015.0,1015.35,ICIBAN,34779
268,2023-12-05 13:42:00,1015.2,NSE,1015.2,1014.45,1015.0,ICIBAN,52497
269,2023-12-05 13:43:00,1015.0,NSE,1015.4,1014.7,1015.4,ICIBAN,79329
270,2023-12-05 13:44:00,1015.1,NSE,1015.3,1014.75,1015.0,ICIBAN,36743
271,2023-12-05 13:45:00,1015.2,NSE,1015.5,1015.0,1015.1,ICIBAN,87480
272,2023-12-05 13:46:00,1014.25,NSE,1015.1,1013.95,1015.05,ICIBAN,59463
273,2023-12-05 13:47:00,1013.8,NSE,1014.6,1013.55,1014.35,ICIBAN,111217
274,2023-12-05 13:48:00,1014.55,NSE,1014.55,1013.5,1014.15,ICIBAN,53676
275,2023-12-05 13:49:00,1014.0,NSE,1014.7,1013.95,1014.5,ICIBAN,37336
276,2023-12-05 13:50:00,1013.8,NSE,1014.1,1013.65,1014.0,ICIBAN,48121
277,2023-12-05 13:51:00,1013.4,NSE,1013.95,1013.2,1013.65,ICIBAN,54122
278,2023-12-05 13:52:00,1014.6,NSE,1014.6,1013.2,1013.2,ICIBAN,60413
279,2023-12-05 13:53:00,1013.4,NSE,1014.6,1013.3,1014.5,ICIBAN,43796
280,2023-12-05 13:54:00,1013.8,NSE,1013.95,1013.3,1013.5,ICIBAN,64579
281,2023-12-05 13:55:00,1013.8,NSE,1014.4,1013.75,1013.85,ICIBAN,82012
282,2023-12-05 13:56:00,1014.4,NSE,1014.55,1013.8,1013.85,ICIBAN,55792
283,2023-12-05 13:57:00,1014.45,NSE,1014.6,1013.4,1014.4,ICIBAN,81864
284,2023-12-05 13:58:00,1014.65,NSE,1015.2,1014.15,1014.6,ICIBAN,97923
285,2023-12-05 13:59:00,1014.35,NSE,1015.5,1014.0,1014.75,ICIBAN,97304
286,2023-12-05 14:00:00,1014.55,NSE,1014.7,1013.8,1014.5,ICIBAN,60700
287,2023-12-05 14:01:00,1014.15,NSE,1014.8,1013.7,1014.55,ICIBAN,50540
288,2023-12-05 14:02:00,1013.1,NSE,1014.3,1013.05,1013.7,ICIBAN,75748
289,2023-12-05 14:03:00,1012.3,NSE,1013.25,1011.6,1013.1,ICIBAN,114663
290,2023-12-05 14:04:00,1011.65,NSE,1012.35,1011.35,1012.0,ICIBAN,39175
291,2023-12-05 14:05:00,1012.4,NSE,1013.0,1011.75,1011.85,ICIBAN,38609
292,2023-12-05 14:06:00,1011.9,NSE,1012.8,1011.9,1012.3,ICIBAN,55645
293,2023-12-05 14:07:00,1013.9,NSE,1013.9,1012.15,1012.3,ICIBAN,143236
294,2023-12-05 14:08:00,1014.95,NSE,1014.95,1013.85,1013.9,ICIBAN,37107
295,2023-12-05 14:09:00,1014.65,NSE,1015.0,1014.05,1014.9,ICIBAN,41555
296,2023-12-05 14:10:00,1014.25,NSE,1014.85,1014.25,1014.65,ICIBAN,28289
297,2023-12-05 14:11:00,1014.35,NSE,1014.5,1014.15,1014.2,ICIBAN,27909
298,2023-12-05 14:12:00,1014.2,NSE,1014.4,1014.05,1014.35,ICIBAN,20839
299,2023-12-05 14:13:00,1013.7,NSE,1014.5,1013.7,1014.25,ICIBAN,30611
300,2023-12-05 14:14:00,1013.65,NSE,1014.05,1013.25,1013.7,ICIBAN,28460
301,2023-12-05 14:15:00,1013.45,NSE,1013.75,1012.5,1013.6,ICIBAN,34571
302,2023-12-05 14:16:00,1013.6,NSE,1013.95,1013.2,1013.3,ICIBAN,32817
303,2023-12-05 14:17:00,1013.45,NSE,1013.7,1013.05,1013.6,ICIBAN,23755
304,2023-12-05 14:18:00,1012.3,NSE,1013.5,1012.3,1013.4,ICIBAN,52642
305,2023-12-05 14:19:00,1012.0,NSE,1012.65,1012.0,1012.3,ICIBAN,46860
306,2023-12-05 14:20:00,1012.55,NSE,1012.65,1011.65,1011.85,ICIBAN,65649
307,2023-12-05 14:21:00,1013.6,NSE,1013.65,1012.35,1012.6,ICIBAN,60135
308,2023-12-05 14:22:00,1012.95,NSE,1013.7,1012.7,1013.55,ICIBAN,40996
309,2023-12-05 14:23:00,1011.75,NSE,1013.0,1011.75,1013.0,ICIBAN,41406
310,2023-12-05 14:24:00,1013.1,NSE,1013.1,1011.6,1011.75,ICIBAN,55788
311,2023-12-05 14:25:00,1013.2,NSE,1013.2,1013.05,1013.05,ICIBAN,24369
312,2023-12-05 14:26:00,1013.35,NSE,1013.45,1013.15,1013.15,ICIBAN,29470
313,2023-12-05 14:27:00,1013.15,NSE,1013.8,1013.15,1013.35,ICIBAN,36453
314,2023-12-05 14:28:00,1013.55,NSE,1013.6,1013.25,1013.25,ICIBAN,20719
315,2023-12-05 14:29:00,1013.65,NSE,1014.3,1013.55,1013.55,ICIBAN,54310
316,2023-12-05 14:30:00,1014.3,NSE,1014.7,1013.6,1013.65,ICIBAN,41015
317,2023-12-05 14:31:00,1014.5,NSE,1014.5,1013.85,1014.3,ICIBAN,28022
318,2023-12-05 14:32:00,1015.35,NSE,1015.45,1014.45,1014.5,ICIBAN,93281
319,2023-12-05 14:33:00,1014.95,NSE,1015.35,1014.85,1015.35,ICIBAN,29650
320,2023-12-05 14:34:00,1013.85,NSE,1015.0,1013.8,1014.95,ICIBAN,43731
321,2023-12-05 14:35:00,1014.75,NSE,1014.8,1013.75,1013.75,ICIBAN,31074
322,2023-12-05 14:36:00,1013.25,NSE,1014.85,1013.2,1014.7,ICIBAN,47872
323,2023-12-05 14:37:00,1014.15,NSE,1014.45,1013.4,1013.6,ICIBAN,32630
324,2023-12-05 14:38:00,1014.5,NSE,1015.0,1014.15,1014.35,ICIBAN,39526
325,2023-12-05 14:39:00,1014.65,NSE,1014.95,1014.4,1014.5,ICIBAN,26440
326,2023-12-05 14:40:00,1014.45,NSE,1014.95,1014.05,1014.7,ICIBAN,43086
327,2023-12-05 14:41:00,1014.9,NSE,1015.0,1014.15,1014.2,ICIBAN,37477
328,2023-12-05 14:42:00,1015.15,NSE,1015.25,1014.6,1014.9,ICIBAN,45097
329,2023-12-05 14:43:00,1015.0,NSE,1015.25,1014.8,1015.0,ICIBAN,52241
330,2023-12-05 14:44:00,1013.95,NSE,1015.2,1013.95,1015.05,ICIBAN,92865
331,2023-12-05 14:45:00,1015.0,NSE,1015.05,1013.95,1014.0,ICIBAN,88584
332,2023-12-05 14:46:00,1014.65,NSE,1015.2,1014.4,1014.95,ICIBAN,81194
333,2023-12-05 14:47:00,1014.9,NSE,1015.1,1014.4,1014.65,ICIBAN,53643
334,2023-12-05 14:48:00,1015.0,NSE,1015.15,1014.85,1014.85,ICIBAN,36111
335,2023-12-05 14:49:00,1015.0,NSE,1015.2,1014.9,1014.95,ICIBAN,38727
336,2023-12-05 14:50:00,1014.65,NSE,1015.0,1014.45,1014.9,ICIBAN,85268
337,2023-12-05 14:51:00,1015.15,NSE,1015.4,1014.05,1014.55,ICIBAN,144269
338,2023-12-05 14:52:00,1015.0,NSE,1015.55,1014.8,1015.35,ICIBAN,95673
339,2023-12-05 14:53:00,1014.7,NSE,1015.4,1014.5,1014.85,ICIBAN,53166
340,2023-12-05 14:54:00,1014.45,NSE,1014.9,1014.45,1014.7,ICIBAN,33764
341,2023-12-05 14:55:00,1013.0,NSE,1014.45,1013.0,1014.45,ICIBAN,75931
342,2023-12-05 14:56:00,1015.05,NSE,1015.15,1013.0,1013.0,ICIBAN,57640
343,2023-12-05 14:57:00,1015.3,NSE,1015.4,1014.65,1015.05,ICIBAN,43032
344,2023-12-05 14:58:00,1015.0,NSE,1015.5,1014.55,1015.4,ICIBAN,69291
345,2023-12-05 14:59:00,1015.0,NSE,1015.55,1014.95,1014.95,ICIBAN,64824
346,2023-12-05 15:00:00,1014.65,NSE,1015.4,1014.05,1014.95,ICIBAN,86754
347,2023-12-05 15:01:00,1013.75,NSE,1014.7,1013.75,1014.6,ICIBAN,101103
348,2023-12-05 15:02:00,1013.85,NSE,1014.0,1013.1,1013.75,ICIBAN,170784
349,2023-12-05 15:03:00,1015.0,NSE,1015.0,1013.85,1013.85,ICIBAN,262172
350,2023-12-05 15:04:00,1013.7,NSE,1014.8,1013.7,1014.75,ICIBAN,105449
351,2023-12-05 15:05:00,1012.9,NSE,1013.65,1012.9,1013.6,ICIBAN,200798
352,2023-12-05 15:06:00,1014.8,NSE,1014.8,1012.65,1012.9,ICIBAN,123325
353,2023-12-05 15:07:00,1015.0,NSE,1015.0,1013.75,1014.75,ICIBAN,111021
354,2023-12-05 15:08:00,1015.55,NSE,1015.7,1014.75,1015.0,ICIBAN,335463
355,2023-12-05 15:09:00,1014.7,NSE,1015.65,1014.3,1015.6,ICIBAN,74979
356,2023-12-05 15:10:00,1015.15,NSE,1015.2,1014.55,1014.8,ICIBAN,182690
357,2023-12-05 15:11:00,1014.0,NSE,1015.5,1013.95,1015.2,ICIBAN,174498
358,2023-12-05 15:12:00,1014.45,NSE,1014.45,1013.15,1013.75,ICIBAN,85728
359,2023-12-05 15:13:00,1013.75,NSE,1014.95,1013.75,1014.45,ICIBAN,105159
360,2023-12-05 15:14:00,1014.2,NSE,1014.3,1013.0,1013.75,ICIBAN,128909
361,2023-12-05 15:15:00,1014.2,NSE,1014.4,1013.9,1014.1,ICIBAN,116787
362,2023-12-05 15:16:00,1012.4,NSE,1014.35,1012.35,1014.25,ICIBAN,267502
363,2023-12-05 15:17:00,1011.55,NSE,1012.35,1011.45,1012.35,ICIBAN,139989
364,2023-12-05 15:18:00,1013.2,NSE,1013.2,1011.45,1011.45,ICIBAN,128732
365,2023-12-05 15:19:00,1012.35,NSE,1013.8,1012.3,1013.35,ICIBAN,141384
366,2023-12-05 15:20:00,1012.75,NSE,1013.25,1012.25,1012.35,ICIBAN,118612
367,2023-12-05 15:21:00,1012.05,NSE,1012.95,1011.9,1012.75,ICIBAN,87347
368,2023-12-05 15:22:00,1011.3,NSE,1012.4,1011.1,1012.35,ICIBAN,88927
369,2023-12-05 15:23:00,1012.4,NSE,1012.55,1011.55,1011.55,ICIBAN,98241
370,2023-12-05 15:24:00,1012.5,NSE,1012.7,1012.0,1012.15,ICIBAN,81802
371,2023-12-05 15:25:00,1011.8,NSE,1012.8,1011.75,1012.8,ICIBAN,98236
372,2023-12-05 15:26:00,1011.8,NSE,1012.1,1011.6,1011.75,ICIBAN,73247
373,2023-12-05 15:27:00,1011.0,NSE,1012.0,1010.65,1011.85,ICIBAN,151007
374,2023-12-05 15:28:00,1010.8,NSE,1011.05,1010.65,1011.0,ICIBAN,92612
375,2023-12-05 15:29:00,1010.85,NSE,1011.95,1010.3,1010.65,ICIBAN,48646
