,datetime,close,exchange_code,high,low,open,stock_code,volume
0,2020-11-02 09:30:00,644.0,NSE,647.85,640.95,647.85,TRENT,10587
1,2020-11-02 09:31:00,643.05,NSE,643.9,642.55,643.65,TRENT,990
2,2020-11-02 09:32:00,644.3,NSE,644.75,643.25,643.7,TRENT,600
3,2020-11-02 09:33:00,646.5,NSE,646.5,644.8,644.8,TRENT,822
4,2020-11-02 09:34:00,647.65,NSE,648.2,646.2,646.2,TRENT,1012
5,2020-11-02 09:35:00,648.35,NSE,648.55,647.0,648.45,TRENT,538
6,2020-11-02 09:36:00,647.0,NSE,648.5,647.0,648.5,TRENT,269
7,2020-11-02 09:37:00,645.95,NSE,647.95,645.15,647.35,TRENT,372
8,2020-11-02 09:38:00,645.8,NSE,646.65,645.0,645.8,TRENT,113
9,2020-11-02 09:39:00,644.0,NSE,646.05,644.0,646.05,TRENT,2249
10,2020-11-02 09:40:00,642.75,NSE,645.0,642.5,644.0,TRENT,2897
11,2020-11-02 09:41:00,644.3,NSE,644.45,643.0,643.3,TRENT,612
12,2020-11-02 09:42:00,644.25,NSE,644.7,644.05,644.3,TRENT,285
13,2020-11-02 09:43:00,645.35,NSE,645.35,644.3,644.3,TRENT,673
14,2020-11-02 09:44:00,647.7,NSE,647.7,645.7,645.7,TRENT,494
15,2020-11-02 09:45:00,647.05,NSE,649.2,647.0,647.6,TRENT,3167
16,2020-11-02 09:46:00,647.45,NSE,647.5,647.05,647.05,TRENT,837
17,2020-11-02 09:47:00,647.55,NSE,647.95,647.55,647.55,TRENT,639
18,2020-11-02 09:48:00,648.2,NSE,648.9,648.0,648.0,TRENT,1025
19,2020-11-02 09:49:00,648.05,NSE,648.2,648.05,648.05,TRENT,437
20,2020-11-02 09:50:00,649.75,NSE,649.75,648.05,648.05,TRENT,211
21,2020-11-02 09:51:00,650.4,NSE,650.4,649.75,650.0,TRENT,1122
22,2020-11-02 09:52:00,650.3,NSE,650.3,650.05,650.05,TRENT,363
23,2020-11-02 09:53:00,650.0,NSE,650.8,650.0,650.4,TRENT,1321
24,2020-11-02 09:54:00,648.2,NSE,649.8,647.55,649.8,TRENT,1108
25,2020-11-02 09:55:00,648.05,NSE,648.45,647.95,647.95,TRENT,84
26,2020-11-02 09:56:00,647.05,NSE,648.7,646.8,648.7,TRENT,766
27,2020-11-02 09:57:00,647.05,NSE,648.2,647.05,647.35,TRENT,310
28,2020-11-02 09:58:00,647.45,NSE,647.85,647.05,647.1,TRENT,1494
29,2020-11-02 09:59:00,647.75,NSE,647.75,647.45,647.75,TRENT,40
30,2020-11-02 10:00:00,647.3,NSE,647.5,647.05,647.45,TRENT,1011
31,2020-11-02 10:01:00,648.6,NSE,648.6,647.3,647.3,TRENT,127
32,2020-11-02 10:02:00,648.7,NSE,648.7,648.1,648.55,TRENT,273
33,2020-11-02 10:03:00,648.2,NSE,648.7,648.2,648.35,TRENT,11
34,2020-11-02 10:04:00,650.4,NSE,651.95,648.5,648.5,TRENT,1673
35,2020-11-02 10:05:00,651.75,NSE,652.05,650.2,650.2,TRENT,698
36,2020-11-02 10:06:00,649.5,NSE,651.75,648.95,651.75,TRENT,1194
37,2020-11-02 10:07:00,649.85,NSE,651.0,648.5,649.55,TRENT,2242
38,2020-11-02 10:08:00,650.05,NSE,650.55,648.65,649.85,TRENT,1001
39,2020-11-02 10:09:00,650.7,NSE,650.75,650.0,650.05,TRENT,725
40,2020-11-02 10:10:00,651.0,NSE,651.05,650.0,651.05,TRENT,645
41,2020-11-02 10:11:00,650.0,NSE,650.9,650.0,650.4,TRENT,1241
42,2020-11-02 10:12:00,650.1,NSE,650.9,650.1,650.3,TRENT,186
43,2020-11-02 10:13:00,650.1,NSE,650.6,650.1,650.6,TRENT,42
44,2020-11-02 10:14:00,648.65,NSE,650.45,648.65,650.1,TRENT,271
45,2020-11-02 10:15:00,649.45,NSE,649.45,647.95,648.9,TRENT,667
46,2020-11-02 10:16:00,648.85,NSE,649.4,648.85,649.4,TRENT,61
47,2020-11-02 10:17:00,650.05,NSE,650.05,648.9,648.9,TRENT,172
48,2020-11-02 10:18:00,649.55,NSE,650.0,649.55,649.55,TRENT,9
49,2020-11-02 10:19:00,649.55,NSE,649.55,649.55,649.55,TRENT,8
50,2020-11-02 10:20:00,649.6,NSE,649.9,649.55,649.55,TRENT,21
51,2020-11-02 10:21:00,649.55,NSE,650.2,649.55,650.2,TRENT,174
52,2020-11-02 10:22:00,649.55,NSE,650.0,649.55,649.6,TRENT,68
53,2020-11-02 10:23:00,649.0,NSE,649.55,649.0,649.55,TRENT,249
54,2020-11-02 10:24:00,649.3,NSE,649.55,649.0,649.0,TRENT,388
55,2020-11-02 10:25:00,649.3,NSE,649.8,649.3,649.3,TRENT,20
56,2020-11-02 10:26:00,649.75,NSE,650.15,649.0,649.0,TRENT,54
57,2020-11-02 10:27:00,650.05,NSE,650.35,649.75,649.75,TRENT,67
58,2020-11-02 10:28:00,650.4,NSE,651.25,650.35,650.85,TRENT,697
59,2020-11-02 10:29:00,650.6,NSE,650.6,650.4,650.4,TRENT,179
60,2020-11-02 10:30:00,651.85,NSE,652.0,650.6,650.6,TRENT,180
61,2020-11-02 10:31:00,648.0,NSE,651.35,647.9,651.35,TRENT,3670
62,2020-11-02 10:32:00,647.5,NSE,648.75,647.35,648.75,TRENT,863
63,2020-11-02 10:33:00,648.8,NSE,649.0,647.45,647.5,TRENT,682
64,2020-11-02 10:34:00,648.35,NSE,648.75,648.15,648.35,TRENT,56
65,2020-11-02 10:35:00,648.4,NSE,648.95,648.4,648.6,TRENT,95
66,2020-11-02 10:36:00,648.65,NSE,648.9,648.4,648.4,TRENT,98
67,2020-11-02 10:37:00,648.45,NSE,649.4,648.45,648.45,TRENT,159
68,2020-11-02 10:38:00,649.0,NSE,649.0,648.4,648.4,TRENT,28
69,2020-11-02 10:39:00,649.0,NSE,649.15,648.4,648.45,TRENT,19
70,2020-11-02 10:40:00,649.6,NSE,650.95,649.0,649.0,TRENT,1622
71,2020-11-02 10:41:00,648.8,NSE,650.0,648.65,650.0,TRENT,495
72,2020-11-02 10:42:00,649.5,NSE,649.75,648.8,648.8,TRENT,376
73,2020-11-02 10:43:00,649.0,NSE,649.5,648.8,649.5,TRENT,290
74,2020-11-02 10:44:00,649.0,NSE,649.2,649.0,649.0,TRENT,184
75,2020-11-02 10:45:00,649.45,NSE,650.75,649.05,649.4,TRENT,788
76,2020-11-02 10:46:00,649.45,NSE,650.0,649.45,649.5,TRENT,453
77,2020-11-02 10:47:00,648.8,NSE,649.6,648.8,649.45,TRENT,1991
78,2020-11-02 10:48:00,648.85,NSE,649.0,648.8,648.9,TRENT,48
79,2020-11-02 10:49:00,648.85,NSE,648.85,648.85,648.85,TRENT,88
80,2020-11-02 10:50:00,648.85,NSE,648.85,648.85,648.85,TRENT,58
81,2020-11-02 10:51:00,648.85,NSE,649.15,648.85,648.85,TRENT,153
82,2020-11-02 10:52:00,648.85,NSE,649.15,648.85,648.85,TRENT,13
83,2020-11-02 10:53:00,649.2,NSE,649.3,648.85,648.85,TRENT,205
84,2020-11-02 10:54:00,649.2,NSE,649.5,649.2,649.2,TRENT,21
85,2020-11-02 10:55:00,649.2,NSE,649.2,649.2,649.2,TRENT,8
86,2020-11-02 10:56:00,649.25,NSE,649.5,649.2,649.2,TRENT,23
87,2020-11-02 10:57:00,649.65,NSE,649.7,649.3,649.7,TRENT,44
88,2020-11-02 10:58:00,649.7,NSE,649.7,649.3,649.5,TRENT,137
89,2020-11-02 10:59:00,649.3,NSE,649.35,649.3,649.35,TRENT,15
90,2020-11-02 11:00:00,649.0,NSE,649.5,649.0,649.3,TRENT,56
91,2020-11-02 11:01:00,649.0,NSE,649.35,649.0,649.0,TRENT,142
92,2020-11-02 11:02:00,649.6,NSE,649.6,649.0,649.0,TRENT,96
93,2020-11-02 11:03:00,651.35,NSE,651.35,649.3,649.9,TRENT,712
94,2020-11-02 11:04:00,652.3,NSE,652.3,650.85,651.15,TRENT,492
95,2020-11-02 11:05:00,652.7,NSE,652.85,651.8,652.3,TRENT,100
96,2020-11-02 11:06:00,653.1,NSE,653.45,652.85,652.85,TRENT,193
97,2020-11-02 11:07:00,653.95,NSE,653.95,653.15,653.45,TRENT,1119
98,2020-11-02 11:08:00,653.65,NSE,654.0,653.65,653.95,TRENT,452
99,2020-11-02 11:09:00,653.65,NSE,654.15,653.65,654.0,TRENT,85
100,2020-11-02 11:10:00,651.75,NSE,653.95,651.55,653.65,TRENT,1346
101,2020-11-02 11:11:00,650.15,NSE,651.6,649.4,651.6,TRENT,497
102,2020-11-02 11:12:00,651.35,NSE,652.0,649.8,649.8,TRENT,808
103,2020-11-02 11:13:00,651.3,NSE,651.9,651.3,651.85,TRENT,41
104,2020-11-02 11:14:00,650.65,NSE,651.1,649.95,651.1,TRENT,840
105,2020-11-02 11:15:00,652.6,NSE,652.6,650.15,650.45,TRENT,5659
106,2020-11-02 11:16:00,652.4,NSE,653.0,652.3,652.6,TRENT,1826
107,2020-11-02 11:17:00,651.6,NSE,652.5,651.6,652.35,TRENT,373
108,2020-11-02 11:18:00,651.6,NSE,652.05,651.6,651.6,TRENT,137
109,2020-11-02 11:19:00,651.6,NSE,652.0,651.55,652.0,TRENT,252
110,2020-11-02 11:20:00,651.35,NSE,652.45,651.05,651.05,TRENT,1492
111,2020-11-02 11:21:00,651.05,NSE,651.9,651.05,651.9,TRENT,116
112,2020-11-02 11:22:00,650.15,NSE,651.45,650.15,651.05,TRENT,250
113,2020-11-02 11:23:00,650.0,NSE,650.45,650.0,650.1,TRENT,158
114,2020-11-02 11:24:00,649.75,NSE,650.45,649.75,650.45,TRENT,237
115,2020-11-02 11:25:00,650.05,NSE,650.05,649.55,649.7,TRENT,124
116,2020-11-02 11:26:00,649.4,NSE,650.0,649.35,650.0,TRENT,168
117,2020-11-02 11:27:00,649.45,NSE,650.05,649.35,649.35,TRENT,259
118,2020-11-02 11:28:00,649.7,NSE,650.05,649.4,649.4,TRENT,259
119,2020-11-02 11:29:00,649.95,NSE,649.95,649.65,649.65,TRENT,81
120,2020-11-02 11:30:00,649.95,NSE,650.0,649.95,649.95,TRENT,172
121,2020-11-02 11:31:00,649.95,NSE,650.0,649.95,649.95,TRENT,60
122,2020-11-02 11:32:00,649.95,NSE,650.0,649.95,649.95,TRENT,60
123,2020-11-02 11:33:00,649.65,NSE,650.0,649.65,649.8,TRENT,610
124,2020-11-02 11:34:00,649.7,NSE,650.55,649.65,650.0,TRENT,392
125,2020-11-02 11:35:00,649.75,NSE,650.4,649.65,649.65,TRENT,107
126,2020-11-02 11:36:00,649.0,NSE,650.2,649.0,650.2,TRENT,681
127,2020-11-02 11:37:00,649.85,NSE,650.3,648.8,649.0,TRENT,711
128,2020-11-02 11:38:00,649.4,NSE,650.4,649.4,650.4,TRENT,165
129,2020-11-02 11:39:00,650.2,NSE,650.2,649.45,649.65,TRENT,266
130,2020-11-02 11:40:00,651.4,NSE,651.9,649.85,649.85,TRENT,547
131,2020-11-02 11:41:00,651.8,NSE,651.9,651.55,651.9,TRENT,690
132,2020-11-02 11:42:00,651.6,NSE,651.85,651.6,651.85,TRENT,178
133,2020-11-02 11:43:00,651.9,NSE,651.95,651.6,651.65,TRENT,419
134,2020-11-02 11:44:00,651.9,NSE,651.9,651.6,651.6,TRENT,94
135,2020-11-02 11:45:00,650.35,NSE,651.9,650.25,651.9,TRENT,605
136,2020-11-02 11:46:00,650.05,NSE,650.45,649.65,649.9,TRENT,971
137,2020-11-02 11:47:00,650.05,NSE,650.7,650.0,650.0,TRENT,371
138,2020-11-02 11:48:00,650.05,NSE,650.5,650.05,650.5,TRENT,105
139,2020-11-02 11:49:00,650.35,NSE,650.45,650.05,650.45,TRENT,406
140,2020-11-02 11:50:00,650.65,NSE,650.7,650.05,650.35,TRENT,215
141,2020-11-02 11:51:00,650.7,NSE,651.2,650.2,650.65,TRENT,469
142,2020-11-02 11:52:00,650.95,NSE,651.4,650.3,650.75,TRENT,1760
143,2020-11-02 11:53:00,651.3,NSE,651.3,650.95,651.3,TRENT,123
144,2020-11-02 11:54:00,653.25,NSE,653.7,650.95,651.3,TRENT,1896
145,2020-11-02 11:55:00,654.45,NSE,654.45,653.3,653.3,TRENT,927
146,2020-11-02 11:56:00,652.55,NSE,654.45,652.55,654.25,TRENT,2022
147,2020-11-02 11:57:00,652.8,NSE,653.0,652.5,652.5,TRENT,672
148,2020-11-02 11:58:00,653.7,NSE,654.2,652.2,652.8,TRENT,3445
149,2020-11-02 11:59:00,653.05,NSE,653.7,653.05,653.65,TRENT,100
150,2020-11-02 12:00:00,652.65,NSE,652.9,652.65,652.9,TRENT,153
151,2020-11-02 12:01:00,653.4,NSE,653.5,651.9,652.1,TRENT,942
152,2020-11-02 12:02:00,653.55,NSE,653.55,652.9,653.35,TRENT,284
153,2020-11-02 12:03:00,654.0,NSE,654.35,653.45,653.75,TRENT,801
154,2020-11-02 12:04:00,657.7,NSE,658.0,654.0,654.0,TRENT,5488
155,2020-11-02 12:05:00,656.05,NSE,657.95,656.05,657.7,TRENT,1206
156,2020-11-02 12:06:00,654.55,NSE,655.4,653.95,655.4,TRENT,914
157,2020-11-02 12:07:00,654.7,NSE,655.45,654.1,654.1,TRENT,768
158,2020-11-02 12:08:00,654.7,NSE,655.15,654.7,654.7,TRENT,358
159,2020-11-02 12:09:00,654.45,NSE,654.7,654.35,654.35,TRENT,861
160,2020-11-02 12:10:00,653.65,NSE,654.45,653.65,654.45,TRENT,398
161,2020-11-02 12:11:00,653.0,NSE,653.95,653.0,653.95,TRENT,244
162,2020-11-02 12:12:00,653.85,NSE,653.85,652.65,653.0,TRENT,553
163,2020-11-02 12:13:00,653.9,NSE,654.0,653.5,653.85,TRENT,290
164,2020-11-02 12:14:00,653.4,NSE,654.0,653.4,654.0,TRENT,31
165,2020-11-02 12:15:00,652.65,NSE,653.6,652.65,653.1,TRENT,274
166,2020-11-02 12:16:00,653.55,NSE,653.55,652.4,652.6,TRENT,681
167,2020-11-02 12:17:00,654.4,NSE,654.9,653.75,653.75,TRENT,392
168,2020-11-02 12:18:00,654.0,NSE,654.8,654.0,654.35,TRENT,179
169,2020-11-02 12:19:00,653.9,NSE,654.05,653.6,654.05,TRENT,314
170,2020-11-02 12:20:00,653.35,NSE,653.95,653.35,653.55,TRENT,355
171,2020-11-02 12:21:00,652.85,NSE,653.4,652.85,653.1,TRENT,77
172,2020-11-02 12:22:00,653.75,NSE,653.9,653.05,653.2,TRENT,418
173,2020-11-02 12:24:00,651.9,NSE,653.7,651.9,653.6,TRENT,1705
174,2020-11-02 12:25:00,653.45,NSE,653.6,651.9,651.9,TRENT,817
175,2020-11-02 12:26:00,653.2,NSE,653.4,652.85,653.4,TRENT,118
176,2020-11-02 12:27:00,654.4,NSE,654.4,652.95,652.95,TRENT,478
177,2020-11-02 12:28:00,654.45,NSE,654.55,654.05,654.55,TRENT,97
178,2020-11-02 12:29:00,654.15,NSE,654.45,654.0,654.45,TRENT,750
179,2020-11-02 12:30:00,654.2,NSE,654.3,653.9,654.3,TRENT,226
180,2020-11-02 12:31:00,653.5,NSE,654.0,653.5,653.85,TRENT,179
181,2020-11-02 12:32:00,653.15,NSE,653.5,652.9,653.5,TRENT,375
182,2020-11-02 12:33:00,652.85,NSE,653.25,652.65,652.95,TRENT,734
183,2020-11-02 12:34:00,652.9,NSE,653.3,652.9,653.3,TRENT,31
184,2020-11-02 12:35:00,652.65,NSE,653.25,652.65,652.8,TRENT,604
185,2020-11-02 12:36:00,651.95,NSE,652.2,651.9,652.1,TRENT,698
186,2020-11-02 12:37:00,652.6,NSE,653.0,652.0,652.05,TRENT,725
187,2020-11-02 12:38:00,652.6,NSE,652.6,652.6,652.6,TRENT,56
188,2020-11-02 12:39:00,652.6,NSE,652.9,652.6,652.6,TRENT,336
189,2020-11-02 12:40:00,651.95,NSE,652.6,651.95,652.4,TRENT,581
190,2020-11-02 12:41:00,651.65,NSE,652.2,651.65,652.2,TRENT,182
191,2020-11-02 12:42:00,651.6,NSE,651.95,651.45,651.65,TRENT,526
192,2020-11-02 12:43:00,651.9,NSE,651.95,651.55,651.95,TRENT,143
193,2020-11-02 12:44:00,651.9,NSE,651.9,651.5,651.9,TRENT,365
194,2020-11-02 12:45:00,651.5,NSE,651.9,651.5,651.9,TRENT,74
195,2020-11-02 12:46:00,651.95,NSE,651.95,651.5,651.5,TRENT,519
196,2020-11-02 12:47:00,652.4,NSE,652.4,652.25,652.25,TRENT,39
197,2020-11-02 12:48:00,652.1,NSE,652.55,652.1,652.55,TRENT,322
198,2020-11-02 12:49:00,652.2,NSE,652.35,652.1,652.35,TRENT,149
199,2020-11-02 12:50:00,652.1,NSE,652.25,652.1,652.25,TRENT,619
200,2020-11-02 12:51:00,652.8,NSE,652.85,652.15,652.15,TRENT,151
201,2020-11-02 12:52:00,651.85,NSE,652.8,651.85,652.8,TRENT,435
202,2020-11-02 12:53:00,652.95,NSE,653.0,651.6,651.85,TRENT,857
203,2020-11-02 12:54:00,653.0,NSE,653.05,653.0,653.05,TRENT,38
204,2020-11-02 12:55:00,652.35,NSE,653.0,652.2,653.0,TRENT,193
205,2020-11-02 12:56:00,651.7,NSE,652.35,651.7,652.35,TRENT,292
206,2020-11-02 12:57:00,650.6,NSE,651.7,650.6,651.65,TRENT,444
207,2020-11-02 12:58:00,651.65,NSE,651.65,650.5,650.6,TRENT,632
208,2020-11-02 12:59:00,651.35,NSE,651.35,650.95,650.95,TRENT,20
209,2020-11-02 13:00:00,650.95,NSE,651.35,650.95,651.35,TRENT,143
210,2020-11-02 13:01:00,650.25,NSE,650.85,650.2,650.85,TRENT,212
211,2020-11-02 13:02:00,650.3,NSE,650.3,650.0,650.15,TRENT,788
212,2020-11-02 13:03:00,651.25,NSE,651.25,650.55,650.55,TRENT,431
213,2020-11-02 13:04:00,651.95,NSE,651.95,651.65,651.65,TRENT,122
214,2020-11-02 13:05:00,651.7,NSE,651.95,651.7,651.7,TRENT,1824
215,2020-11-02 13:06:00,654.4,NSE,654.4,650.6,650.95,TRENT,5298
216,2020-11-02 13:07:00,656.05,NSE,656.15,655.4,655.6,TRENT,155
217,2020-11-02 13:08:00,656.0,NSE,656.05,656.0,656.05,TRENT,18
218,2020-11-02 13:09:00,655.5,NSE,655.75,655.5,655.75,TRENT,255
219,2020-11-02 13:10:00,655.65,NSE,655.65,655.5,655.5,TRENT,613
220,2020-11-02 13:11:00,655.2,NSE,655.65,655.2,655.65,TRENT,646
221,2020-11-02 13:12:00,654.95,NSE,655.2,654.95,655.2,TRENT,249
222,2020-11-02 13:13:00,654.2,NSE,654.95,654.2,654.95,TRENT,418
223,2020-11-02 13:14:00,653.65,NSE,654.15,653.65,654.15,TRENT,274
224,2020-11-02 13:15:00,653.55,NSE,653.6,652.5,653.6,TRENT,854
225,2020-11-02 13:16:00,654.3,NSE,655.9,654.1,654.1,TRENT,269
226,2020-11-02 13:17:00,654.2,NSE,654.3,654.2,654.3,TRENT,17
227,2020-11-02 13:18:00,653.95,NSE,654.15,653.95,654.05,TRENT,477
228,2020-11-02 13:19:00,655.05,NSE,655.05,653.95,654.05,TRENT,432
229,2020-11-02 13:20:00,654.6,NSE,654.9,654.6,654.8,TRENT,147
230,2020-11-02 13:21:00,654.4,NSE,654.8,654.3,654.8,TRENT,407
231,2020-11-02 13:22:00,654.45,NSE,654.5,654.4,654.5,TRENT,302
232,2020-11-02 13:23:00,654.4,NSE,654.45,654.35,654.45,TRENT,225
233,2020-11-02 13:24:00,653.8,NSE,654.4,653.8,654.35,TRENT,172
234,2020-11-02 13:25:00,653.7,NSE,653.8,652.85,653.8,TRENT,412
235,2020-11-02 13:26:00,653.05,NSE,653.5,653.05,653.15,TRENT,222
236,2020-11-02 13:27:00,652.7,NSE,653.1,652.7,653.1,TRENT,246
237,2020-11-02 13:28:00,653.95,NSE,653.95,653.45,653.45,TRENT,391
238,2020-11-02 13:29:00,653.6,NSE,653.6,653.25,653.6,TRENT,143
239,2020-11-02 13:30:00,652.7,NSE,653.25,652.7,653.15,TRENT,382
240,2020-11-02 13:31:00,652.45,NSE,652.7,652.45,652.7,TRENT,484
241,2020-11-02 13:32:00,652.5,NSE,652.5,652.45,652.5,TRENT,416
242,2020-11-02 13:33:00,653.45,NSE,653.5,652.45,652.45,TRENT,254
243,2020-11-02 13:34:00,654.85,NSE,655.7,653.45,653.45,TRENT,1091
244,2020-11-02 13:35:00,654.7,NSE,654.9,654.5,654.5,TRENT,81
245,2020-11-02 13:36:00,654.9,NSE,654.9,654.65,654.7,TRENT,1018
246,2020-11-02 13:37:00,654.65,NSE,654.9,654.65,654.9,TRENT,226
247,2020-11-02 13:38:00,654.0,NSE,654.6,654.0,654.6,TRENT,285
248,2020-11-02 13:39:00,653.55,NSE,653.85,653.55,653.85,TRENT,227
249,2020-11-02 13:40:00,653.2,NSE,653.4,653.2,653.4,TRENT,105
250,2020-11-02 13:41:00,652.55,NSE,653.15,652.55,653.15,TRENT,112
251,2020-11-02 13:42:00,652.55,NSE,652.65,652.45,652.65,TRENT,468
252,2020-11-02 13:43:00,653.95,NSE,653.95,652.55,652.55,TRENT,149
253,2020-11-02 13:44:00,654.2,NSE,654.2,653.95,653.95,TRENT,174
254,2020-11-02 13:45:00,655.75,NSE,655.75,654.1,654.1,TRENT,1202
255,2020-11-02 13:46:00,656.95,NSE,656.95,655.8,655.8,TRENT,298
256,2020-11-02 13:47:00,656.95,NSE,656.95,656.15,656.95,TRENT,1129
257,2020-11-02 13:48:00,655.85,NSE,656.6,655.8,656.6,TRENT,285
258,2020-11-02 13:49:00,655.0,NSE,655.85,655.0,655.7,TRENT,242
259,2020-11-02 13:50:00,654.3,NSE,654.8,654.3,654.8,TRENT,550
260,2020-11-02 13:51:00,656.15,NSE,656.15,654.05,654.1,TRENT,689
261,2020-11-02 13:52:00,658.0,NSE,658.0,656.15,656.15,TRENT,954
262,2020-11-02 13:53:00,658.0,NSE,658.0,657.65,657.8,TRENT,930
263,2020-11-02 13:54:00,661.0,NSE,661.0,657.4,658.0,TRENT,3375
264,2020-11-02 13:55:00,664.15,NSE,664.15,661.5,661.5,TRENT,2339
265,2020-11-02 13:56:00,663.45,NSE,664.0,662.85,663.65,TRENT,931
266,2020-11-02 13:57:00,664.9,NSE,664.9,663.15,663.9,TRENT,1011
267,2020-11-02 13:58:00,667.4,NSE,668.0,664.0,665.0,TRENT,3834
268,2020-11-02 13:59:00,681.7,NSE,681.95,667.8,667.8,TRENT,15733
269,2020-11-02 14:00:00,678.3,NSE,682.0,677.85,681.35,TRENT,5598
270,2020-11-02 14:01:00,676.1,NSE,677.95,676.1,677.95,TRENT,1367
271,2020-11-02 14:02:00,679.0,NSE,679.25,676.1,676.25,TRENT,2447
272,2020-11-02 14:03:00,679.15,NSE,679.8,678.2,679.0,TRENT,1674
273,2020-11-02 14:04:00,679.1,NSE,679.8,678.3,678.3,TRENT,1484
274,2020-11-02 14:05:00,678.25,NSE,679.1,678.25,679.1,TRENT,429
275,2020-11-02 14:06:00,675.4,NSE,678.0,675.25,678.0,TRENT,2159
276,2020-11-02 14:07:00,674.0,NSE,675.75,674.0,675.75,TRENT,1317
277,2020-11-02 14:08:00,673.0,NSE,673.95,672.4,673.95,TRENT,2125
278,2020-11-02 14:09:00,675.65,NSE,676.8,672.5,673.5,TRENT,1461
279,2020-11-02 14:10:00,676.1,NSE,677.75,675.65,675.65,TRENT,1674
280,2020-11-02 14:11:00,675.0,NSE,677.45,674.35,676.55,TRENT,1582
281,2020-11-02 14:12:00,674.75,NSE,674.8,674.2,674.7,TRENT,383
282,2020-11-02 14:13:00,672.15,NSE,674.45,671.7,674.1,TRENT,3229
283,2020-11-02 14:14:00,670.25,NSE,672.15,670.1,672.15,TRENT,1781
284,2020-11-02 14:15:00,672.15,NSE,672.6,670.0,670.15,TRENT,1522
285,2020-11-02 14:16:00,672.35,NSE,672.5,670.65,672.0,TRENT,1121
286,2020-11-02 14:17:00,675.75,NSE,676.95,672.35,673.0,TRENT,1783
287,2020-11-02 14:18:00,677.25,NSE,677.3,674.75,676.4,TRENT,2458
288,2020-11-02 14:19:00,675.0,NSE,676.9,675.0,676.9,TRENT,521
289,2020-11-02 14:20:00,673.35,NSE,674.6,672.7,674.6,TRENT,639
290,2020-11-02 14:21:00,675.05,NSE,676.8,672.8,673.6,TRENT,1073
291,2020-11-02 14:22:00,676.3,NSE,676.3,673.85,675.05,TRENT,1399
292,2020-11-02 14:23:00,678.6,NSE,679.0,677.0,677.0,TRENT,3488
293,2020-11-02 14:24:00,678.35,NSE,678.7,676.95,678.6,TRENT,845
294,2020-11-02 14:25:00,676.0,NSE,677.85,676.0,677.5,TRENT,1869
295,2020-11-02 14:26:00,675.85,NSE,675.9,674.65,675.55,TRENT,1198
296,2020-11-02 14:27:00,676.8,NSE,676.8,675.6,675.9,TRENT,457
297,2020-11-02 14:28:00,675.95,NSE,676.8,675.75,676.8,TRENT,302
298,2020-11-02 14:29:00,675.35,NSE,675.6,674.8,675.6,TRENT,827
299,2020-11-02 14:30:00,676.7,NSE,676.7,675.2,675.95,TRENT,321
300,2020-11-02 14:31:00,676.55,NSE,677.9,675.95,675.95,TRENT,824
301,2020-11-02 14:32:00,676.3,NSE,676.9,676.0,676.9,TRENT,426
302,2020-11-02 14:33:00,676.35,NSE,676.35,675.7,676.3,TRENT,580
303,2020-11-02 14:34:00,678.0,NSE,678.0,676.9,676.95,TRENT,530
304,2020-11-02 14:35:00,677.2,NSE,678.85,675.85,677.85,TRENT,1068
305,2020-11-02 14:36:00,676.2,NSE,677.1,676.0,677.1,TRENT,113
306,2020-11-02 14:37:00,675.5,NSE,675.95,674.95,675.95,TRENT,819
307,2020-11-02 14:38:00,674.8,NSE,675.85,674.8,675.85,TRENT,767
308,2020-11-02 14:39:00,674.25,NSE,674.5,673.05,674.5,TRENT,1541
309,2020-11-02 14:40:00,674.2,NSE,674.2,673.9,673.9,TRENT,17
310,2020-11-02 14:41:00,674.7,NSE,675.0,673.9,673.9,TRENT,938
311,2020-11-02 14:42:00,676.05,NSE,676.05,674.9,675.0,TRENT,261
312,2020-11-02 14:43:00,674.7,NSE,675.65,674.7,675.4,TRENT,136
313,2020-11-02 14:44:00,672.75,NSE,674.7,672.4,674.7,TRENT,1752
314,2020-11-02 14:45:00,673.0,NSE,673.0,672.55,672.75,TRENT,1023
315,2020-11-02 14:46:00,673.65,NSE,674.1,673.65,674.1,TRENT,933
316,2020-11-02 14:47:00,674.25,NSE,674.8,673.65,673.65,TRENT,316
317,2020-11-02 14:48:00,674.75,NSE,674.75,674.25,674.25,TRENT,145
318,2020-11-02 14:49:00,672.6,NSE,674.5,672.6,674.25,TRENT,504
319,2020-11-02 14:50:00,672.45,NSE,672.8,672.45,672.5,TRENT,808
320,2020-11-02 14:51:00,672.55,NSE,672.6,672.45,672.45,TRENT,232
321,2020-11-02 14:52:00,672.5,NSE,672.5,672.5,672.5,TRENT,329
322,2020-11-02 14:53:00,672.8,NSE,672.8,672.45,672.45,TRENT,1611
323,2020-11-02 14:54:00,673.45,NSE,673.45,673.45,673.45,TRENT,200
324,2020-11-02 14:55:00,672.45,NSE,673.5,672.4,673.5,TRENT,896
325,2020-11-02 14:56:00,672.95,NSE,672.95,672.45,672.45,TRENT,1229
326,2020-11-02 14:57:00,672.0,NSE,672.85,670.95,672.85,TRENT,1688
327,2020-11-02 14:58:00,672.4,NSE,672.4,672.35,672.35,TRENT,213
328,2020-11-02 14:59:00,673.55,NSE,673.55,672.4,672.5,TRENT,909
329,2020-11-02 15:00:00,673.0,NSE,673.55,673.0,673.55,TRENT,251
330,2020-11-02 15:01:00,672.45,NSE,672.85,672.45,672.6,TRENT,773
331,2020-11-02 15:02:00,671.9,NSE,672.4,671.15,672.4,TRENT,621
332,2020-11-02 15:03:00,672.45,NSE,672.45,670.9,671.9,TRENT,1197
333,2020-11-02 15:04:00,672.5,NSE,672.9,672.45,672.45,TRENT,692
334,2020-11-02 15:05:00,673.45,NSE,674.0,672.9,672.9,TRENT,995
335,2020-11-02 15:06:00,673.45,NSE,673.65,673.45,673.55,TRENT,812
336,2020-11-02 15:07:00,674.0,NSE,674.0,673.45,673.45,TRENT,1431
337,2020-11-02 15:08:00,674.2,NSE,674.6,674.1,674.4,TRENT,379
338,2020-11-02 15:09:00,675.75,NSE,675.75,674.2,674.2,TRENT,1003
339,2020-11-02 15:10:00,676.9,NSE,676.9,675.75,675.75,TRENT,954
340,2020-11-02 15:11:00,676.9,NSE,677.2,676.9,676.9,TRENT,1698
341,2020-11-02 15:12:00,676.9,NSE,677.2,676.9,677.2,TRENT,800
342,2020-11-02 15:13:00,677.1,NSE,677.8,676.9,676.9,TRENT,1543
343,2020-11-02 15:14:00,677.1,NSE,677.1,677.1,677.1,TRENT,391
344,2020-11-02 15:15:00,676.05,NSE,677.2,675.95,677.2,TRENT,3500
345,2020-11-02 15:16:00,675.25,NSE,675.65,675.05,675.65,TRENT,811
346,2020-11-02 15:17:00,675.25,NSE,675.55,674.7,674.7,TRENT,495
347,2020-11-02 15:18:00,674.0,NSE,675.25,674.0,675.25,TRENT,1026
348,2020-11-02 15:19:00,673.0,NSE,673.75,673.0,673.1,TRENT,2619
349,2020-11-02 15:20:00,674.3,NSE,674.75,673.15,673.15,TRENT,2232
350,2020-11-02 15:21:00,673.9,NSE,674.3,672.65,674.3,TRENT,770
351,2020-11-02 15:22:00,673.2,NSE,673.5,673.2,673.5,TRENT,581
352,2020-11-02 15:23:00,672.65,NSE,673.35,672.65,673.35,TRENT,1230
353,2020-11-02 15:24:00,672.8,NSE,672.8,672.4,672.8,TRENT,2849
354,2020-11-02 15:25:00,673.25,NSE,673.5,672.8,672.8,TRENT,760
355,2020-11-02 15:26:00,673.95,NSE,673.95,673.25,673.25,TRENT,569
356,2020-11-02 15:27:00,676.5,NSE,676.5,673.65,673.65,TRENT,4244
357,2020-11-02 15:28:00,677.5,NSE,677.5,676.05,676.85,TRENT,2290
358,2020-11-02 15:29:00,675.0,NSE,678.0,674.5,678.0,TRENT,3222
