,datetime,close,exchange_code,high,low,open,stock_code,volume
0,2024-01-10 09:08:00,21529.3,NSE,21529.3,21529.3,21529.3,NIFTY,0
1,2024-01-10 09:09:00,21529.3,NSE,21529.3,21529.3,21529.3,NIFTY,0
2,2024-01-10 09:10:00,21529.3,NSE,21529.3,21529.3,21529.3,NIFTY,0
3,2024-01-10 09:11:00,21529.3,NSE,21529.3,21529.3,21529.3,NIFTY,0
4,2024-01-10 09:12:00,21529.3,NSE,21529.3,21529.3,21529.3,NIFTY,0
5,2024-01-10 09:13:00,21529.3,NSE,21529.3,21529.3,21529.3,NIFTY,0
6,2024-01-10 09:14:00,21529.3,NSE,21529.3,21529.3,21529.3,NIFTY,0
7,2024-01-10 09:15:00,21532.9,NSE,21538.1,21518.75,21531.75,NIFTY,0
8,2024-01-10 09:16:00,21552.05,NSE,21552.05,21533.55,21534.7,NIFTY,0
9,2024-01-10 09:17:00,21553.2,NSE,21557.1,21546.65,21549.45,NIFTY,0
10,2024-01-10 09:18:00,21558.35,NSE,21563.3,21548.2,21552.9,NIFTY,0
11,2024-01-10 09:19:00,21554.1,NSE,21558.95,21547.95,21557.55,NIFTY,0
12,2024-01-10 09:20:00,21547.1,NSE,21556.25,21541.65,21554.6,NIFTY,0
13,2024-01-10 09:21:00,21548.2,NSE,21548.2,21539.95,21545.9,NIFTY,0
14,2024-01-10 09:22:00,21538.15,NSE,21547.7,21528.95,21547.7,NIFTY,0
15,2024-01-10 09:23:00,21535.9,NSE,21540.9,21534.75,21538.2,NIFTY,0
16,2024-01-10 09:24:00,21531.7,NSE,21537.9,21530.9,21535.85,NIFTY,0
17,2024-01-10 09:25:00,21530.95,NSE,21531.8,21521.4,21531.35,NIFTY,0
18,2024-01-10 09:26:00,21529.6,NSE,21538.15,21528.45,21528.8,NIFTY,0
19,2024-01-10 09:27:00,21505.0,NSE,21530.9,21505.0,21530.0,NIFTY,0
20,2024-01-10 09:28:00,21489.3,NSE,21506.2,21486.6,21502.5,NIFTY,0
21,2024-01-10 09:29:00,21476.65,NSE,21493.4,21476.65,21488.85,NIFTY,0
22,2024-01-10 09:30:00,21494.05,NSE,21494.05,21448.75,21477.4,NIFTY,0
23,2024-01-10 09:31:00,21490.5,NSE,21504.35,21484.3,21494.9,NIFTY,0
24,2024-01-10 09:32:00,21495.75,NSE,21501.5,21485.2,21491.55,NIFTY,0
25,2024-01-10 09:33:00,21518.5,NSE,21522.15,21496.5,21496.5,NIFTY,0
26,2024-01-10 09:34:00,21529.45,NSE,21529.45,21512.15,21514.3,NIFTY,0
27,2024-01-10 09:35:00,21508.55,NSE,21539.85,21507.6,21533.25,NIFTY,0
28,2024-01-10 09:36:00,21507.55,NSE,21509.0,21499.75,21507.05,NIFTY,0
29,2024-01-10 09:37:00,21516.4,NSE,21517.85,21504.7,21508.95,NIFTY,0
30,2024-01-10 09:38:00,21513.5,NSE,21525.2,21513.5,21518.3,NIFTY,0
31,2024-01-10 09:39:00,21523.9,NSE,21524.35,21512.15,21514.5,NIFTY,0
32,2024-01-10 09:40:00,21530.35,NSE,21532.15,21524.1,21524.1,NIFTY,0
33,2024-01-10 09:41:00,21522.65,NSE,21531.0,21521.9,21531.0,NIFTY,0
34,2024-01-10 09:42:00,21535.05,NSE,21535.2,21521.35,21522.1,NIFTY,0
35,2024-01-10 09:43:00,21540.3,NSE,21545.15,21533.55,21534.05,NIFTY,0
36,2024-01-10 09:44:00,21559.25,NSE,21559.25,21541.1,21541.1,NIFTY,0
37,2024-01-10 09:45:00,21540.9,NSE,21564.3,21539.2,21561.9,NIFTY,0
38,2024-01-10 09:46:00,21538.15,NSE,21543.65,21534.7,21540.2,NIFTY,0
39,2024-01-10 09:47:00,21538.0,NSE,21541.65,21536.3,21536.35,NIFTY,0
40,2024-01-10 09:48:00,21533.95,NSE,21537.95,21521.7,21537.95,NIFTY,0
41,2024-01-10 09:49:00,21548.25,NSE,21551.25,21532.75,21532.75,NIFTY,0
42,2024-01-10 09:50:00,21548.05,NSE,21550.2,21545.4,21547.95,NIFTY,0
43,2024-01-10 09:51:00,21544.25,NSE,21551.0,21544.25,21547.7,NIFTY,0
44,2024-01-10 09:52:00,21550.85,NSE,21551.3,21541.75,21543.95,NIFTY,0
45,2024-01-10 09:53:00,21555.15,NSE,21555.15,21547.95,21550.5,NIFTY,0
46,2024-01-10 09:54:00,21549.7,NSE,21556.0,21548.5,21556.0,NIFTY,0
47,2024-01-10 09:55:00,21540.35,NSE,21549.8,21540.35,21549.3,NIFTY,0
48,2024-01-10 09:56:00,21541.2,NSE,21543.75,21538.9,21541.3,NIFTY,0
49,2024-01-10 09:57:00,21541.35,NSE,21544.4,21540.1,21540.1,NIFTY,0
50,2024-01-10 09:58:00,21519.5,NSE,21541.1,21513.05,21541.1,NIFTY,0
51,2024-01-10 09:59:00,21539.35,NSE,21544.1,21521.1,21521.1,NIFTY,0
52,2024-01-10 10:00:00,21530.7,NSE,21538.6,21526.75,21538.45,NIFTY,0
53,2024-01-10 10:01:00,21524.4,NSE,21533.45,21524.3,21530.25,NIFTY,0
54,2024-01-10 10:02:00,21524.65,NSE,21529.05,21519.65,21524.4,NIFTY,0
55,2024-01-10 10:03:00,21516.4,NSE,21527.5,21516.15,21524.55,NIFTY,0
56,2024-01-10 10:04:00,21517.7,NSE,21521.6,21513.55,21517.25,NIFTY,0
57,2024-01-10 10:05:00,21521.75,NSE,21522.35,21515.8,21517.1,NIFTY,0
58,2024-01-10 10:06:00,21512.8,NSE,21525.25,21512.0,21520.35,NIFTY,0
59,2024-01-10 10:07:00,21514.6,NSE,21517.5,21512.65,21512.65,NIFTY,0
60,2024-01-10 10:08:00,21524.95,NSE,21526.0,21513.8,21513.8,NIFTY,0
61,2024-01-10 10:09:00,21523.0,NSE,21530.35,21523.0,21524.6,NIFTY,0
62,2024-01-10 10:10:00,21528.9,NSE,21530.65,21523.0,21524.05,NIFTY,0
63,2024-01-10 10:11:00,21527.9,NSE,21530.1,21525.45,21528.75,NIFTY,0
64,2024-01-10 10:12:00,21524.2,NSE,21532.8,21524.2,21526.95,NIFTY,0
65,2024-01-10 10:13:00,21528.55,NSE,21530.7,21522.6,21522.6,NIFTY,0
66,2024-01-10 10:14:00,21542.7,NSE,21542.7,21527.35,21528.35,NIFTY,0
67,2024-01-10 10:15:00,21548.6,NSE,21549.8,21540.45,21542.45,NIFTY,0
68,2024-01-10 10:16:00,21556.3,NSE,21556.3,21550.3,21551.4,NIFTY,0
69,2024-01-10 10:17:00,21558.3,NSE,21558.7,21552.1,21557.25,NIFTY,0
70,2024-01-10 10:18:00,21567.45,NSE,21567.95,21554.35,21557.95,NIFTY,0
71,2024-01-10 10:19:00,21567.65,NSE,21573.55,21567.25,21567.4,NIFTY,0
72,2024-01-10 10:20:00,21567.0,NSE,21568.75,21560.9,21567.7,NIFTY,0
73,2024-01-10 10:21:00,21561.6,NSE,21567.8,21559.55,21564.7,NIFTY,0
74,2024-01-10 10:22:00,21557.25,NSE,21562.5,21553.4,21561.25,NIFTY,0
75,2024-01-10 10:23:00,21542.5,NSE,21557.65,21539.15,21556.7,NIFTY,0
76,2024-01-10 10:24:00,21534.85,NSE,21543.0,21534.85,21542.35,NIFTY,0
77,2024-01-10 10:25:00,21527.2,NSE,21535.35,21523.4,21535.35,NIFTY,0
78,2024-01-10 10:26:00,21530.3,NSE,21536.1,21528.05,21528.3,NIFTY,0
79,2024-01-10 10:27:00,21528.4,NSE,21532.9,21526.65,21532.9,NIFTY,0
80,2024-01-10 10:28:00,21529.65,NSE,21529.7,21523.7,21528.2,NIFTY,0
81,2024-01-10 10:29:00,21535.3,NSE,21535.7,21530.4,21530.55,NIFTY,0
82,2024-01-10 10:30:00,21544.0,NSE,21544.8,21534.05,21534.05,NIFTY,0
83,2024-01-10 10:31:00,21541.4,NSE,21545.95,21534.9,21543.8,NIFTY,0
84,2024-01-10 10:32:00,21544.65,NSE,21545.1,21539.55,21541.1,NIFTY,0
85,2024-01-10 10:33:00,21547.1,NSE,21547.85,21541.55,21543.85,NIFTY,0
86,2024-01-10 10:34:00,21550.75,NSE,21552.4,21547.85,21547.95,NIFTY,0
87,2024-01-10 10:35:00,21543.25,NSE,21551.6,21543.2,21550.4,NIFTY,0
88,2024-01-10 10:36:00,21547.4,NSE,21547.4,21542.8,21542.95,NIFTY,0
89,2024-01-10 10:37:00,21546.85,NSE,21550.7,21546.85,21547.3,NIFTY,0
90,2024-01-10 10:38:00,21548.95,NSE,21548.95,21543.45,21546.2,NIFTY,0
91,2024-01-10 10:39:00,21555.8,NSE,21555.8,21549.2,21549.2,NIFTY,0
92,2024-01-10 10:40:00,21541.6,NSE,21555.95,21540.75,21555.95,NIFTY,0
93,2024-01-10 10:41:00,21535.1,NSE,21542.3,21534.45,21541.45,NIFTY,0
94,2024-01-10 10:42:00,21526.15,NSE,21535.8,21525.6,21535.8,NIFTY,0
95,2024-01-10 10:43:00,21536.05,NSE,21540.75,21525.6,21526.45,NIFTY,0
96,2024-01-10 10:44:00,21529.25,NSE,21537.6,21528.65,21536.5,NIFTY,0
97,2024-01-10 10:45:00,21533.75,NSE,21535.15,21530.05,21530.45,NIFTY,0
98,2024-01-10 10:46:00,21533.1,NSE,21536.4,21526.0,21534.35,NIFTY,0
99,2024-01-10 10:47:00,21532.5,NSE,21536.75,21532.3,21533.0,NIFTY,0
100,2024-01-10 10:48:00,21518.8,NSE,21532.05,21518.0,21531.7,NIFTY,0
101,2024-01-10 10:49:00,21516.7,NSE,21516.7,21512.1,21516.45,NIFTY,0
102,2024-01-10 10:50:00,21516.7,NSE,21520.0,21515.15,21516.3,NIFTY,0
103,2024-01-10 10:51:00,21523.6,NSE,21523.6,21516.5,21516.75,NIFTY,0
104,2024-01-10 10:52:00,21528.75,NSE,21531.0,21523.4,21523.45,NIFTY,0
105,2024-01-10 10:53:00,21531.15,NSE,21532.45,21526.9,21527.4,NIFTY,0
106,2024-01-10 10:54:00,21530.4,NSE,21531.2,21529.65,21530.15,NIFTY,0
107,2024-01-10 10:55:00,21524.4,NSE,21530.35,21522.45,21530.35,NIFTY,0
108,2024-01-10 10:56:00,21533.85,NSE,21536.85,21525.8,21526.2,NIFTY,0
109,2024-01-10 10:57:00,21527.45,NSE,21533.95,21527.05,21533.8,NIFTY,0
110,2024-01-10 10:58:00,21526.25,NSE,21528.75,21520.45,21527.25,NIFTY,0
111,2024-01-10 10:59:00,21525.95,NSE,21529.35,21524.35,21526.85,NIFTY,0
112,2024-01-10 11:00:00,21522.9,NSE,21528.85,21520.9,21527.15,NIFTY,0
113,2024-01-10 11:01:00,21521.0,NSE,21524.55,21518.0,21522.0,NIFTY,0
114,2024-01-10 11:02:00,21523.55,NSE,21524.15,21520.85,21521.35,NIFTY,0
115,2024-01-10 11:03:00,21528.15,NSE,21528.95,21522.6,21522.6,NIFTY,0
116,2024-01-10 11:04:00,21527.3,NSE,21532.1,21526.1,21528.1,NIFTY,0
117,2024-01-10 11:05:00,21520.05,NSE,21529.0,21518.95,21525.45,NIFTY,0
118,2024-01-10 11:06:00,21519.2,NSE,21523.25,21519.2,21520.05,NIFTY,0
119,2024-01-10 11:07:00,21523.05,NSE,21523.1,21519.35,21519.35,NIFTY,0
120,2024-01-10 11:08:00,21524.8,NSE,21526.15,21520.95,21521.5,NIFTY,0
121,2024-01-10 11:09:00,21526.6,NSE,21527.75,21524.45,21525.25,NIFTY,0
122,2024-01-10 11:10:00,21532.35,NSE,21532.35,21523.05,21527.1,NIFTY,0
123,2024-01-10 11:11:00,21535.6,NSE,21536.2,21528.7,21532.3,NIFTY,0
124,2024-01-10 11:12:00,21535.6,NSE,21537.45,21534.55,21535.8,NIFTY,0
125,2024-01-10 11:13:00,21538.3,NSE,21539.45,21534.05,21535.95,NIFTY,0
126,2024-01-10 11:14:00,21542.65,NSE,21542.95,21538.0,21538.3,NIFTY,0
127,2024-01-10 11:15:00,21542.2,NSE,21548.75,21540.7,21542.8,NIFTY,0
128,2024-01-10 11:16:00,21537.75,NSE,21542.2,21537.3,21542.2,NIFTY,0
129,2024-01-10 11:17:00,21538.4,NSE,21540.3,21537.4,21537.4,NIFTY,0
130,2024-01-10 11:18:00,21535.3,NSE,21542.8,21534.55,21539.0,NIFTY,0
131,2024-01-10 11:19:00,21536.3,NSE,21538.5,21534.95,21534.95,NIFTY,0
132,2024-01-10 11:20:00,21537.4,NSE,21539.0,21534.95,21535.75,NIFTY,0
133,2024-01-10 11:21:00,21542.9,NSE,21543.6,21536.55,21537.1,NIFTY,0
134,2024-01-10 11:22:00,21540.85,NSE,21544.7,21539.85,21542.9,NIFTY,0
135,2024-01-10 11:23:00,21544.35,NSE,21544.65,21540.2,21540.85,NIFTY,0
136,2024-01-10 11:24:00,21546.95,NSE,21548.15,21541.95,21544.35,NIFTY,0
137,2024-01-10 11:25:00,21544.3,NSE,21548.4,21544.3,21545.9,NIFTY,0
138,2024-01-10 11:26:00,21546.75,NSE,21549.45,21542.9,21544.45,NIFTY,0
139,2024-01-10 11:27:00,21545.65,NSE,21548.45,21544.4,21546.6,NIFTY,0
140,2024-01-10 11:28:00,21542.25,NSE,21546.4,21542.25,21545.45,NIFTY,0
141,2024-01-10 11:29:00,21542.3,NSE,21542.95,21540.6,21542.3,NIFTY,0
142,2024-01-10 11:30:00,21545.65,NSE,21545.65,21541.9,21542.0,NIFTY,0
143,2024-01-10 11:31:00,21545.0,NSE,21548.85,21543.35,21545.2,NIFTY,0
144,2024-01-10 11:32:00,21540.05,NSE,21545.6,21539.5,21544.3,NIFTY,0
145,2024-01-10 11:33:00,21532.75,NSE,21541.9,21532.75,21539.25,NIFTY,0
146,2024-01-10 11:34:00,21534.3,NSE,21536.0,21532.3,21532.3,NIFTY,0
147,2024-01-10 11:35:00,21535.15,NSE,21536.5,21531.6,21533.7,NIFTY,0
148,2024-01-10 11:36:00,21542.05,NSE,21543.2,21535.2,21535.8,NIFTY,0
149,2024-01-10 11:37:00,21545.0,NSE,21546.1,21540.05,21542.9,NIFTY,0
150,2024-01-10 11:38:00,21544.55,NSE,21546.05,21540.75,21543.85,NIFTY,0
151,2024-01-10 11:39:00,21550.3,NSE,21553.0,21541.15,21544.75,NIFTY,0
152,2024-01-10 11:40:00,21549.35,NSE,21552.2,21547.7,21549.75,NIFTY,0
153,2024-01-10 11:41:00,21556.45,NSE,21559.25,21546.7,21549.05,NIFTY,0
154,2024-01-10 11:42:00,21551.15,NSE,21557.45,21549.6,21556.25,NIFTY,0
155,2024-01-10 11:43:00,21552.45,NSE,21554.5,21548.95,21551.3,NIFTY,0
156,2024-01-10 11:44:00,21549.85,NSE,21554.45,21548.45,21553.35,NIFTY,0
157,2024-01-10 11:45:00,21549.95,NSE,21552.6,21547.55,21549.8,NIFTY,0
158,2024-01-10 11:46:00,21546.45,NSE,21553.1,21546.45,21551.1,NIFTY,0
159,2024-01-10 11:47:00,21548.05,NSE,21549.35,21544.0,21547.15,NIFTY,0
160,2024-01-10 11:48:00,21541.0,NSE,21549.2,21540.75,21547.9,NIFTY,0
161,2024-01-10 11:49:00,21541.2,NSE,21541.9,21537.5,21541.45,NIFTY,0
162,2024-01-10 11:50:00,21545.9,NSE,21546.1,21540.5,21541.6,NIFTY,0
163,2024-01-10 11:51:00,21544.6,NSE,21547.2,21543.55,21545.95,NIFTY,0
164,2024-01-10 11:52:00,21541.7,NSE,21546.1,21539.8,21545.1,NIFTY,0
165,2024-01-10 11:53:00,21538.95,NSE,21544.85,21536.05,21542.1,NIFTY,0
166,2024-01-10 11:54:00,21544.7,NSE,21545.7,21538.2,21540.85,NIFTY,0
167,2024-01-10 11:55:00,21542.8,NSE,21547.35,21541.4,21543.6,NIFTY,0
168,2024-01-10 11:56:00,21540.55,NSE,21544.8,21538.45,21542.5,NIFTY,0
169,2024-01-10 11:57:00,21533.45,NSE,21541.7,21533.05,21540.15,NIFTY,0
170,2024-01-10 11:58:00,21535.75,NSE,21536.7,21530.4,21533.3,NIFTY,0
171,2024-01-10 11:59:00,21536.75,NSE,21538.35,21534.55,21536.85,NIFTY,0
172,2024-01-10 12:00:00,21534.4,NSE,21538.35,21532.7,21536.5,NIFTY,0
173,2024-01-10 12:01:00,21537.95,NSE,21539.85,21534.15,21534.9,NIFTY,0
174,2024-01-10 12:02:00,21532.55,NSE,21539.85,21532.55,21538.5,NIFTY,0
175,2024-01-10 12:03:00,21530.3,NSE,21533.6,21527.5,21532.35,NIFTY,0
176,2024-01-10 12:04:00,21524.25,NSE,21532.8,21524.2,21531.1,NIFTY,0
177,2024-01-10 12:05:00,21515.65,NSE,21526.15,21515.65,21524.65,NIFTY,0
178,2024-01-10 12:06:00,21511.1,NSE,21516.05,21505.8,21516.05,NIFTY,0
179,2024-01-10 12:07:00,21516.5,NSE,21518.75,21509.85,21511.05,NIFTY,0
180,2024-01-10 12:08:00,21517.15,NSE,21518.5,21511.95,21516.95,NIFTY,0
181,2024-01-10 12:09:00,21521.85,NSE,21523.0,21515.55,21517.9,NIFTY,0
182,2024-01-10 12:10:00,21520.95,NSE,21523.8,21518.45,21522.0,NIFTY,0
183,2024-01-10 12:11:00,21528.15,NSE,21530.65,21520.2,21521.85,NIFTY,0
184,2024-01-10 12:12:00,21526.1,NSE,21531.65,21525.4,21528.2,NIFTY,0
185,2024-01-10 12:13:00,21517.85,NSE,21528.6,21516.3,21526.65,NIFTY,0
186,2024-01-10 12:14:00,21522.1,NSE,21523.25,21516.35,21518.8,NIFTY,0
187,2024-01-10 12:15:00,21520.4,NSE,21523.75,21517.2,21522.1,NIFTY,0
188,2024-01-10 12:16:00,21518.85,NSE,21523.0,21517.5,21520.4,NIFTY,0
189,2024-01-10 12:17:00,21517.5,NSE,21520.9,21515.85,21519.15,NIFTY,0
190,2024-01-10 12:18:00,21523.45,NSE,21525.25,21514.45,21516.25,NIFTY,0
191,2024-01-10 12:19:00,21514.8,NSE,21524.0,21513.5,21523.7,NIFTY,0
192,2024-01-10 12:20:00,21515.45,NSE,21516.45,21512.0,21515.15,NIFTY,0
193,2024-01-10 12:21:00,21505.5,NSE,21516.25,21505.5,21515.15,NIFTY,0
194,2024-01-10 12:22:00,21515.1,NSE,21515.1,21505.3,21506.6,NIFTY,0
195,2024-01-10 12:23:00,21523.4,NSE,21525.0,21513.7,21514.85,NIFTY,0
196,2024-01-10 12:24:00,21517.05,NSE,21525.0,21515.1,21524.25,NIFTY,0
197,2024-01-10 12:25:00,21511.85,NSE,21518.65,21510.05,21516.85,NIFTY,0
198,2024-01-10 12:26:00,21508.7,NSE,21513.2,21506.6,21512.25,NIFTY,0
199,2024-01-10 12:27:00,21510.4,NSE,21513.6,21507.05,21508.55,NIFTY,0
200,2024-01-10 12:28:00,21510.75,NSE,21513.75,21507.05,21510.2,NIFTY,0
201,2024-01-10 12:29:00,21515.4,NSE,21517.2,21509.4,21512.1,NIFTY,0
202,2024-01-10 12:30:00,21513.55,NSE,21517.35,21510.25,21515.05,NIFTY,0
203,2024-01-10 12:31:00,21513.3,NSE,21514.15,21508.35,21514.05,NIFTY,0
204,2024-01-10 12:32:00,21512.95,NSE,21516.45,21512.65,21514.75,NIFTY,0
205,2024-01-10 12:33:00,21524.5,NSE,21525.15,21513.2,21513.2,NIFTY,0
206,2024-01-10 12:34:00,21524.3,NSE,21527.6,21521.8,21526.2,NIFTY,0
207,2024-01-10 12:35:00,21522.5,NSE,21527.05,21520.45,21525.3,NIFTY,0
208,2024-01-10 12:36:00,21530.05,NSE,21532.35,21520.9,21523.3,NIFTY,0
209,2024-01-10 12:37:00,21529.5,NSE,21532.45,21527.75,21529.65,NIFTY,0
210,2024-01-10 12:38:00,21529.9,NSE,21531.2,21525.2,21529.5,NIFTY,0
211,2024-01-10 12:39:00,21528.95,NSE,21531.4,21525.1,21530.65,NIFTY,0
212,2024-01-10 12:40:00,21523.75,NSE,21529.55,21523.05,21528.85,NIFTY,0
213,2024-01-10 12:41:00,21523.05,NSE,21526.0,21520.4,21523.8,NIFTY,0
214,2024-01-10 12:42:00,21518.55,NSE,21525.05,21517.65,21524.25,NIFTY,0
215,2024-01-10 12:43:00,21512.85,NSE,21520.75,21511.7,21519.1,NIFTY,0
216,2024-01-10 12:44:00,21504.05,NSE,21514.25,21503.5,21513.1,NIFTY,0
217,2024-01-10 12:45:00,21479.1,NSE,21505.7,21468.45,21503.6,NIFTY,0
218,2024-01-10 12:46:00,21483.9,NSE,21483.9,21470.9,21479.65,NIFTY,0
219,2024-01-10 12:47:00,21512.05,NSE,21514.4,21484.95,21484.95,NIFTY,0
220,2024-01-10 12:48:00,21506.7,NSE,21525.05,21505.9,21516.25,NIFTY,0
221,2024-01-10 12:49:00,21497.95,NSE,21509.0,21492.8,21507.95,NIFTY,0
222,2024-01-10 12:50:00,21496.35,NSE,21503.15,21493.45,21498.35,NIFTY,0
223,2024-01-10 12:51:00,21496.0,NSE,21498.25,21490.25,21495.95,NIFTY,0
224,2024-01-10 12:52:00,21493.35,NSE,21497.75,21492.25,21496.6,NIFTY,0
225,2024-01-10 12:53:00,21493.7,NSE,21494.3,21487.55,21493.1,NIFTY,0
226,2024-01-10 12:54:00,21504.0,NSE,21504.85,21494.75,21497.1,NIFTY,0
227,2024-01-10 12:55:00,21495.65,NSE,21503.9,21493.0,21502.4,NIFTY,0
228,2024-01-10 12:56:00,21491.1,NSE,21497.8,21488.5,21493.8,NIFTY,0
229,2024-01-10 12:57:00,21490.25,NSE,21494.9,21488.05,21491.75,NIFTY,0
230,2024-01-10 12:58:00,21493.85,NSE,21494.9,21488.55,21490.25,NIFTY,0
231,2024-01-10 12:59:00,21498.25,NSE,21500.45,21490.4,21493.85,NIFTY,0
232,2024-01-10 13:00:00,21493.5,NSE,21498.55,21490.9,21497.25,NIFTY,0
233,2024-01-10 13:01:00,21499.15,NSE,21499.35,21489.0,21493.25,NIFTY,0
234,2024-01-10 13:02:00,21499.45,NSE,21503.55,21497.55,21499.3,NIFTY,0
235,2024-01-10 13:03:00,21494.8,NSE,21500.25,21493.15,21499.5,NIFTY,0
236,2024-01-10 13:04:00,21500.8,NSE,21502.65,21493.25,21495.35,NIFTY,0
237,2024-01-10 13:05:00,21506.45,NSE,21506.45,21496.4,21501.15,NIFTY,0
238,2024-01-10 13:06:00,21515.3,NSE,21516.9,21504.7,21506.95,NIFTY,0
239,2024-01-10 13:07:00,21507.85,NSE,21515.5,21506.4,21514.15,NIFTY,0
240,2024-01-10 13:08:00,21510.4,NSE,21511.65,21504.35,21508.35,NIFTY,0
241,2024-01-10 13:09:00,21509.55,NSE,21514.55,21508.5,21513.05,NIFTY,0
242,2024-01-10 13:10:00,21508.65,NSE,21512.25,21506.45,21510.1,NIFTY,0
243,2024-01-10 13:11:00,21509.3,NSE,21512.35,21506.25,21509.1,NIFTY,0
244,2024-01-10 13:12:00,21515.0,NSE,21515.8,21509.25,21510.95,NIFTY,0
245,2024-01-10 13:13:00,21514.2,NSE,21517.3,21510.95,21515.65,NIFTY,0
246,2024-01-10 13:14:00,21510.55,NSE,21515.45,21508.7,21515.45,NIFTY,0
247,2024-01-10 13:15:00,21513.3,NSE,21515.5,21507.35,21510.8,NIFTY,0
248,2024-01-10 13:16:00,21508.55,NSE,21514.6,21507.3,21513.75,NIFTY,0
249,2024-01-10 13:17:00,21501.35,NSE,21509.95,21501.0,21508.95,NIFTY,0
250,2024-01-10 13:18:00,21502.65,NSE,21504.35,21500.35,21502.05,NIFTY,0
251,2024-01-10 13:19:00,21503.15,NSE,21505.7,21500.55,21504.4,NIFTY,0
252,2024-01-10 13:20:00,21493.75,NSE,21504.4,21493.05,21502.75,NIFTY,0
253,2024-01-10 13:21:00,21495.45,NSE,21496.6,21490.4,21493.7,NIFTY,0
254,2024-01-10 13:22:00,21503.0,NSE,21504.2,21495.3,21495.85,NIFTY,0
255,2024-01-10 13:23:00,21500.15,NSE,21505.35,21498.1,21503.6,NIFTY,0
256,2024-01-10 13:24:00,21498.15,NSE,21502.15,21496.25,21501.4,NIFTY,0
257,2024-01-10 13:25:00,21495.35,NSE,21500.25,21495.05,21498.35,NIFTY,0
258,2024-01-10 13:26:00,21494.55,NSE,21497.0,21492.85,21495.4,NIFTY,0
259,2024-01-10 13:27:00,21493.5,NSE,21495.6,21490.25,21494.2,NIFTY,0
260,2024-01-10 13:28:00,21496.35,NSE,21500.05,21493.85,21493.95,NIFTY,0
261,2024-01-10 13:29:00,21496.35,NSE,21499.15,21494.0,21498.95,NIFTY,0
262,2024-01-10 13:30:00,21499.55,NSE,21500.6,21494.5,21496.75,NIFTY,0
263,2024-01-10 13:31:00,21503.7,NSE,21506.2,21497.35,21500.15,NIFTY,0
264,2024-01-10 13:32:00,21502.0,NSE,21505.8,21500.6,21504.2,NIFTY,0
265,2024-01-10 13:33:00,21493.35,NSE,21504.25,21492.8,21501.7,NIFTY,0
266,2024-01-10 13:34:00,21489.4,NSE,21496.25,21488.35,21496.1,NIFTY,0
267,2024-01-10 13:35:00,21491.4,NSE,21491.65,21486.05,21489.3,NIFTY,0
268,2024-01-10 13:36:00,21488.25,NSE,21494.05,21486.45,21491.45,NIFTY,0
269,2024-01-10 13:37:00,21486.75,NSE,21490.8,21486.0,21488.3,NIFTY,0
270,2024-01-10 13:38:00,21483.7,NSE,21488.15,21479.75,21486.8,NIFTY,0
271,2024-01-10 13:39:00,21488.9,NSE,21491.3,21483.25,21485.55,NIFTY,0
272,2024-01-10 13:40:00,21487.25,NSE,21492.05,21483.85,21490.85,NIFTY,0
273,2024-01-10 13:41:00,21483.2,NSE,21489.4,21482.6,21488.2,NIFTY,0
274,2024-01-10 13:42:00,21486.7,NSE,21486.7,21481.3,21482.9,NIFTY,0
275,2024-01-10 13:43:00,21491.6,NSE,21492.55,21487.0,21487.0,NIFTY,0
276,2024-01-10 13:44:00,21502.5,NSE,21503.1,21490.75,21492.55,NIFTY,0
277,2024-01-10 13:45:00,21498.5,NSE,21504.7,21497.05,21503.15,NIFTY,0
278,2024-01-10 13:46:00,21490.55,NSE,21500.7,21490.2,21499.25,NIFTY,0
279,2024-01-10 13:47:00,21496.8,NSE,21498.0,21488.35,21491.0,NIFTY,0
280,2024-01-10 13:48:00,21492.85,NSE,21498.55,21492.75,21496.8,NIFTY,0
281,2024-01-10 13:49:00,21493.6,NSE,21496.45,21490.55,21493.85,NIFTY,0
282,2024-01-10 13:50:00,21495.1,NSE,21496.7,21491.95,21494.35,NIFTY,0
283,2024-01-10 13:51:00,21493.85,NSE,21495.45,21490.75,21494.65,NIFTY,0
284,2024-01-10 13:52:00,21500.1,NSE,21501.75,21492.45,21494.95,NIFTY,0
285,2024-01-10 13:53:00,21500.7,NSE,21501.9,21498.5,21500.5,NIFTY,0
286,2024-01-10 13:54:00,21505.75,NSE,21505.75,21496.75,21500.75,NIFTY,0
287,2024-01-10 13:55:00,21509.7,NSE,21510.4,21503.95,21506.1,NIFTY,0
288,2024-01-10 13:56:00,21520.25,NSE,21521.45,21508.75,21509.85,NIFTY,0
289,2024-01-10 13:57:00,21515.75,NSE,21528.45,21513.7,21521.6,NIFTY,0
290,2024-01-10 13:58:00,21514.8,NSE,21518.6,21512.95,21516.25,NIFTY,0
291,2024-01-10 13:59:00,21524.55,NSE,21526.75,21513.45,21515.7,NIFTY,0
292,2024-01-10 14:00:00,21538.65,NSE,21539.65,21524.4,21525.8,NIFTY,0
293,2024-01-10 14:01:00,21532.75,NSE,21541.95,21528.25,21538.75,NIFTY,0
294,2024-01-10 14:02:00,21529.45,NSE,21533.85,21528.0,21533.0,NIFTY,0
295,2024-01-10 14:03:00,21524.05,NSE,21530.55,21521.7,21529.65,NIFTY,0
296,2024-01-10 14:04:00,21513.9,NSE,21525.9,21511.75,21525.9,NIFTY,0
297,2024-01-10 14:05:00,21515.6,NSE,21517.45,21511.2,21513.7,NIFTY,0
298,2024-01-10 14:06:00,21510.1,NSE,21521.0,21509.4,21516.2,NIFTY,0
299,2024-01-10 14:07:00,21515.2,NSE,21515.55,21508.35,21509.55,NIFTY,0
300,2024-01-10 14:08:00,21517.9,NSE,21518.15,21513.0,21516.1,NIFTY,0
301,2024-01-10 14:09:00,21518.3,NSE,21520.6,21514.65,21520.0,NIFTY,0
302,2024-01-10 14:10:00,21523.35,NSE,21525.3,21518.1,21518.95,NIFTY,0
303,2024-01-10 14:11:00,21522.05,NSE,21524.5,21517.7,21523.65,NIFTY,0
304,2024-01-10 14:12:00,21525.6,NSE,21526.75,21519.35,21522.5,NIFTY,0
305,2024-01-10 14:13:00,21533.6,NSE,21534.8,21523.9,21525.65,NIFTY,0
306,2024-01-10 14:14:00,21531.95,NSE,21536.25,21530.55,21535.2,NIFTY,0
307,2024-01-10 14:15:00,21533.75,NSE,21544.05,21531.95,21533.25,NIFTY,0
308,2024-01-10 14:16:00,21535.5,NSE,21536.45,21528.45,21533.15,NIFTY,0
309,2024-01-10 14:17:00,21543.5,NSE,21547.1,21535.55,21536.3,NIFTY,0
310,2024-01-10 14:18:00,21548.2,NSE,21548.75,21542.25,21543.8,NIFTY,0
311,2024-01-10 14:19:00,21547.9,NSE,21557.8,21547.1,21550.25,NIFTY,0
312,2024-01-10 14:20:00,21551.4,NSE,21554.6,21546.3,21548.25,NIFTY,0
313,2024-01-10 14:21:00,21543.1,NSE,21552.9,21541.3,21551.7,NIFTY,0
314,2024-01-10 14:22:00,21531.35,NSE,21543.65,21528.55,21543.4,NIFTY,0
315,2024-01-10 14:23:00,21534.6,NSE,21534.6,21527.0,21531.7,NIFTY,0
316,2024-01-10 14:24:00,21521.6,NSE,21538.1,21520.75,21537.7,NIFTY,0
317,2024-01-10 14:25:00,21525.1,NSE,21525.35,21520.3,21522.6,NIFTY,0
318,2024-01-10 14:26:00,21521.9,NSE,21528.6,21520.95,21526.0,NIFTY,0
319,2024-01-10 14:27:00,21520.6,NSE,21523.35,21509.85,21522.7,NIFTY,0
320,2024-01-10 14:28:00,21522.85,NSE,21524.05,21519.05,21520.9,NIFTY,0
321,2024-01-10 14:29:00,21519.4,NSE,21525.15,21516.9,21524.35,NIFTY,0
322,2024-01-10 14:30:00,21526.85,NSE,21527.25,21518.0,21519.25,NIFTY,0
323,2024-01-10 14:31:00,21525.35,NSE,21531.5,21522.75,21526.55,NIFTY,0
324,2024-01-10 14:32:00,21529.5,NSE,21531.05,21525.25,21525.3,NIFTY,0
325,2024-01-10 14:33:00,21536.8,NSE,21537.5,21528.65,21528.9,NIFTY,0
326,2024-01-10 14:34:00,21543.15,NSE,21544.5,21535.55,21539.65,NIFTY,0
327,2024-01-10 14:35:00,21542.15,NSE,21548.35,21541.15,21543.8,NIFTY,0
328,2024-01-10 14:36:00,21552.2,NSE,21552.2,21541.25,21543.75,NIFTY,0
329,2024-01-10 14:37:00,21552.3,NSE,21558.85,21550.55,21552.2,NIFTY,0
330,2024-01-10 14:38:00,21565.65,NSE,21565.65,21551.7,21551.7,NIFTY,0
331,2024-01-10 14:39:00,21563.5,NSE,21569.1,21562.15,21567.55,NIFTY,0
332,2024-01-10 14:40:00,21575.5,NSE,21579.55,21563.0,21563.85,NIFTY,0
333,2024-01-10 14:41:00,21566.3,NSE,21578.55,21564.15,21574.9,NIFTY,0
334,2024-01-10 14:42:00,21573.4,NSE,21576.8,21567.35,21569.1,NIFTY,0
335,2024-01-10 14:43:00,21565.65,NSE,21580.7,21564.0,21574.55,NIFTY,0
336,2024-01-10 14:44:00,21568.6,NSE,21569.55,21561.2,21567.5,NIFTY,0
337,2024-01-10 14:45:00,21569.9,NSE,21574.9,21568.25,21569.25,NIFTY,0
338,2024-01-10 14:46:00,21568.1,NSE,21573.55,21565.45,21571.0,NIFTY,0
339,2024-01-10 14:47:00,21566.7,NSE,21572.05,21564.25,21567.8,NIFTY,0
340,2024-01-10 14:48:00,21560.6,NSE,21568.75,21559.55,21566.15,NIFTY,0
341,2024-01-10 14:49:00,21565.2,NSE,21568.45,21561.7,21561.9,NIFTY,0
342,2024-01-10 14:50:00,21569.4,NSE,21569.4,21561.65,21563.85,NIFTY,0
343,2024-01-10 14:51:00,21574.65,NSE,21575.05,21565.85,21569.85,NIFTY,0
344,2024-01-10 14:52:00,21571.2,NSE,21576.25,21570.05,21574.75,NIFTY,0
345,2024-01-10 14:53:00,21579.0,NSE,21580.15,21569.7,21571.5,NIFTY,0
346,2024-01-10 14:54:00,21588.65,NSE,21589.8,21577.75,21580.2,NIFTY,0
347,2024-01-10 14:55:00,21583.15,NSE,21589.55,21581.05,21588.6,NIFTY,0
348,2024-01-10 14:56:00,21602.05,NSE,21602.05,21581.0,21583.7,NIFTY,0
349,2024-01-10 14:57:00,21604.7,NSE,21606.4,21598.95,21602.2,NIFTY,0
350,2024-01-10 14:58:00,21615.75,NSE,21616.1,21602.25,21605.15,NIFTY,0
351,2024-01-10 14:59:00,21604.55,NSE,21617.5,21604.55,21616.4,NIFTY,0
352,2024-01-10 15:00:00,21620.05,NSE,21623.9,21603.25,21603.25,NIFTY,0
353,2024-01-10 15:01:00,21622.55,NSE,21624.0,21619.4,21619.4,NIFTY,0
354,2024-01-10 15:02:00,21627.8,NSE,21628.7,21621.65,21623.4,NIFTY,0
355,2024-01-10 15:03:00,21624.15,NSE,21628.2,21623.4,21626.5,NIFTY,0
356,2024-01-10 15:04:00,21639.4,NSE,21640.45,21625.6,21625.6,NIFTY,0
357,2024-01-10 15:05:00,21625.75,NSE,21641.3,21625.0,21640.0,NIFTY,0
358,2024-01-10 15:06:00,21608.6,NSE,21625.85,21608.15,21624.95,NIFTY,0
359,2024-01-10 15:07:00,21599.75,NSE,21608.45,21590.95,21608.45,NIFTY,0
360,2024-01-10 15:08:00,21597.7,NSE,21602.0,21595.75,21600.5,NIFTY,0
361,2024-01-10 15:09:00,21614.3,NSE,21614.3,21598.3,21598.3,NIFTY,0
362,2024-01-10 15:10:00,21604.9,NSE,21616.55,21603.75,21615.35,NIFTY,0
363,2024-01-10 15:11:00,21609.65,NSE,21609.7,21602.1,21604.6,NIFTY,0
364,2024-01-10 15:12:00,21607.6,NSE,21610.0,21606.3,21609.65,NIFTY,0
365,2024-01-10 15:13:00,21609.5,NSE,21611.2,21606.8,21607.65,NIFTY,0
366,2024-01-10 15:14:00,21608.0,NSE,21611.45,21606.9,21610.45,NIFTY,0
367,2024-01-10 15:15:00,21613.4,NSE,21613.7,21607.05,21608.8,NIFTY,0
368,2024-01-10 15:16:00,21614.0,NSE,21618.0,21613.0,21613.85,NIFTY,0
369,2024-01-10 15:17:00,21616.0,NSE,21616.15,21612.8,21614.15,NIFTY,0
370,2024-01-10 15:18:00,21619.15,NSE,21619.55,21612.6,21615.65,NIFTY,0
371,2024-01-10 15:19:00,21623.3,NSE,21623.9,21618.95,21619.65,NIFTY,0
372,2024-01-10 15:20:00,21617.15,NSE,21623.6,21617.15,21623.35,NIFTY,0
373,2024-01-10 15:21:00,21624.7,NSE,21626.0,21617.7,21617.85,NIFTY,0
374,2024-01-10 15:22:00,21622.0,NSE,21625.5,21621.6,21624.7,NIFTY,0
375,2024-01-10 15:23:00,21624.55,NSE,21625.15,21620.7,21622.0,NIFTY,0
376,2024-01-10 15:24:00,21622.8,NSE,21626.0,21622.35,21625.35,NIFTY,0
377,2024-01-10 15:25:00,21629.3,NSE,21629.35,21622.15,21622.5,NIFTY,0
378,2024-01-10 15:26:00,21632.1,NSE,21632.25,21628.2,21629.5,NIFTY,0
379,2024-01-10 15:27:00,21627.55,NSE,21632.55,21625.2,21631.45,NIFTY,0
380,2024-01-10 15:28:00,21630.0,NSE,21631.7,21625.35,21628.6,NIFTY,0
381,2024-01-10 15:29:00,21623.8,NSE,21630.75,21622.65,21628.0,NIFTY,0
