,datetime,close,exchange_code,high,low,open,stock_code,volume
0,2022-12-26 09:30:00,2966.45,NSE,2968.95,2965.3,2967.7,JKCEME,37
1,2022-12-26 09:31:00,2964.45,NSE,2966.5,2964.45,2966.45,JKCEME,140
2,2022-12-26 09:32:00,2972.45,NSE,2983.15,2965.7,2966.7,JKCEME,2028
3,2022-12-26 09:33:00,2965.25,NSE,2972.75,2965.25,2971.25,JKCEME,195
4,2022-12-26 09:34:00,2965.55,NSE,2965.55,2963.25,2963.25,JKCEME,120
5,2022-12-26 09:35:00,2962.15,NSE,2967.75,2962.15,2962.15,JKCEME,181
6,2022-12-26 09:36:00,2976.85,NSE,2976.85,2960.15,2960.15,JKCEME,211
7,2022-12-26 09:37:00,2976.55,NSE,2978.2,2974.45,2975.75,JKCEME,154
8,2022-12-26 09:38:00,2975.4,NSE,2976.55,2975.4,2976.45,JKCEME,53
9,2022-12-26 09:39:00,2987.85,NSE,2990.95,2979.0,2979.0,JKCEME,606
10,2022-12-26 09:40:00,2982.15,NSE,2988.0,2982.15,2988.0,JKCEME,617
11,2022-12-26 09:41:00,2979.95,NSE,2984.2,2979.95,2984.2,JKCEME,151
12,2022-12-26 09:42:00,2981.0,NSE,2981.25,2981.0,2981.15,JKCEME,66
13,2022-12-26 09:43:00,2983.85,NSE,2984.0,2983.85,2984.0,JKCEME,5
14,2022-12-26 09:44:00,2976.0,NSE,2981.0,2976.0,2981.0,JKCEME,134
15,2022-12-26 09:45:00,2989.85,NSE,2989.9,2977.05,2979.0,JKCEME,1046
16,2022-12-26 09:46:00,2984.8,NSE,2991.4,2984.8,2991.4,JKCEME,107
17,2022-12-26 09:47:00,2986.9,NSE,2986.9,2982.15,2983.25,JKCEME,153
18,2022-12-26 09:48:00,2979.35,NSE,2987.55,2975.4,2987.55,JKCEME,410
19,2022-12-26 09:49:00,2982.8,NSE,2982.8,2982.8,2982.8,JKCEME,62
20,2022-12-26 09:50:00,2987.7,NSE,2987.7,2982.4,2982.4,JKCEME,271
21,2022-12-26 09:51:00,2992.85,NSE,3009.9,2987.8,2987.8,JKCEME,1621
22,2022-12-26 09:52:00,2985.15,NSE,2992.85,2985.0,2992.15,JKCEME,403
23,2022-12-26 09:53:00,2983.0,NSE,2986.55,2983.0,2985.95,JKCEME,49
24,2022-12-26 09:54:00,2985.15,NSE,2985.15,2985.0,2985.0,JKCEME,120
25,2022-12-26 09:55:00,2992.05,NSE,2996.75,2989.95,2989.95,JKCEME,283
26,2022-12-26 09:56:00,2998.8,NSE,3000.25,2997.3,2997.8,JKCEME,247
27,2022-12-26 09:57:00,2997.9,NSE,3002.7,2994.5,3002.7,JKCEME,311
28,2022-12-26 09:58:00,2996.95,NSE,3002.35,2995.85,2995.85,JKCEME,341
29,2022-12-26 09:59:00,2995.0,NSE,2995.0,2992.2,2992.2,JKCEME,84
30,2022-12-26 10:00:00,2996.05,NSE,2997.5,2993.7,2996.0,JKCEME,121
31,2022-12-26 10:01:00,2995.05,NSE,3001.0,2995.05,2996.45,JKCEME,113
32,2022-12-26 10:02:00,2998.0,NSE,2998.0,2995.0,2995.0,JKCEME,75
33,2022-12-26 10:03:00,2998.9,NSE,2998.9,2995.8,2998.0,JKCEME,606
34,2022-12-26 10:04:00,2997.0,NSE,2998.95,2992.8,2998.95,JKCEME,345
35,2022-12-26 10:05:00,2994.65,NSE,2996.9,2993.1,2993.4,JKCEME,100
36,2022-12-26 10:06:00,2994.45,NSE,2997.15,2992.95,2993.6,JKCEME,180
37,2022-12-26 10:08:00,2985.15,NSE,2989.65,2985.15,2989.65,JKCEME,123
38,2022-12-26 10:09:00,2983.0,NSE,2986.1,2983.0,2985.0,JKCEME,290
39,2022-12-26 10:10:00,2982.4,NSE,2982.85,2980.05,2981.0,JKCEME,446
40,2022-12-26 10:11:00,2977.95,NSE,2982.25,2977.95,2980.05,JKCEME,138
41,2022-12-26 10:12:00,2978.85,NSE,2978.85,2975.1,2977.95,JKCEME,251
42,2022-12-26 10:13:00,2975.1,NSE,2978.85,2975.1,2976.1,JKCEME,129
43,2022-12-26 10:14:00,2973.1,NSE,2979.1,2973.1,2975.4,JKCEME,204
44,2022-12-26 10:15:00,2971.2,NSE,2977.1,2971.2,2976.95,JKCEME,231
45,2022-12-26 10:16:00,2965.05,NSE,2974.15,2962.15,2974.15,JKCEME,265
46,2022-12-26 10:17:00,2963.55,NSE,2969.55,2963.55,2963.8,JKCEME,230
47,2022-12-26 10:18:00,2950.85,NSE,2963.35,2947.4,2962.0,JKCEME,498
48,2022-12-26 10:19:00,2958.95,NSE,2959.75,2948.5,2948.5,JKCEME,151
49,2022-12-26 10:20:00,2962.8,NSE,2962.8,2956.05,2957.0,JKCEME,598
50,2022-12-26 10:21:00,2958.0,NSE,2964.7,2958.0,2962.0,JKCEME,158
51,2022-12-26 10:22:00,2966.0,NSE,2966.0,2960.0,2960.0,JKCEME,282
52,2022-12-26 10:23:00,2962.9,NSE,2962.9,2962.9,2962.9,JKCEME,7
53,2022-12-26 10:24:00,2965.6,NSE,2965.6,2965.55,2965.55,JKCEME,3
54,2022-12-26 10:25:00,2970.75,NSE,2970.75,2965.6,2965.6,JKCEME,185
55,2022-12-26 10:26:00,2972.8,NSE,2972.8,2970.35,2970.35,JKCEME,125
56,2022-12-26 10:27:00,2970.4,NSE,2974.45,2970.4,2974.45,JKCEME,9
57,2022-12-26 10:28:00,2972.0,NSE,2974.0,2969.3,2974.0,JKCEME,225
58,2022-12-26 10:29:00,2968.2,NSE,2972.95,2968.2,2972.95,JKCEME,107
59,2022-12-26 10:30:00,2975.0,NSE,2975.0,2970.75,2970.75,JKCEME,176
60,2022-12-26 10:31:00,2976.05,NSE,2976.35,2974.95,2974.95,JKCEME,34
61,2022-12-26 10:32:00,2982.0,NSE,2985.55,2977.8,2977.8,JKCEME,459
62,2022-12-26 10:33:00,2982.35,NSE,2982.35,2982.05,2982.05,JKCEME,8
63,2022-12-26 10:34:00,2982.4,NSE,2982.4,2982.35,2982.35,JKCEME,28
64,2022-12-26 10:35:00,2992.2,NSE,2997.15,2983.15,2983.15,JKCEME,669
65,2022-12-26 10:36:00,2991.9,NSE,2992.4,2988.05,2992.0,JKCEME,234
66,2022-12-26 10:37:00,2984.9,NSE,2988.2,2984.9,2988.2,JKCEME,32
67,2022-12-26 10:38:00,2987.25,NSE,2987.25,2985.15,2985.15,JKCEME,4
68,2022-12-26 10:39:00,2987.95,NSE,2987.95,2987.95,2987.95,JKCEME,1
69,2022-12-26 10:40:00,2987.95,NSE,2987.95,2986.35,2987.95,JKCEME,26
70,2022-12-26 10:41:00,2985.5,NSE,2987.85,2985.5,2987.85,JKCEME,226
71,2022-12-26 10:42:00,2988.5,NSE,2989.25,2986.95,2988.75,JKCEME,38
72,2022-12-26 10:43:00,2986.85,NSE,2989.95,2986.85,2989.95,JKCEME,122
73,2022-12-26 10:44:00,2992.0,NSE,2992.0,2991.35,2991.35,JKCEME,17
74,2022-12-26 10:45:00,2991.85,NSE,2991.85,2986.5,2986.5,JKCEME,165
75,2022-12-26 10:46:00,2991.65,NSE,2994.0,2991.65,2992.8,JKCEME,124
76,2022-12-26 10:47:00,2989.0,NSE,2990.0,2989.0,2990.0,JKCEME,10
77,2022-12-26 10:48:00,2991.65,NSE,2991.65,2989.05,2989.05,JKCEME,12
78,2022-12-26 10:49:00,2991.95,NSE,2991.95,2988.5,2988.5,JKCEME,109
79,2022-12-26 10:51:00,3007.0,NSE,3008.7,2997.9,2997.9,JKCEME,1692
80,2022-12-26 10:52:00,3001.05,NSE,3008.9,3001.05,3007.35,JKCEME,266
81,2022-12-26 10:53:00,3003.0,NSE,3004.95,2999.6,3000.05,JKCEME,363
82,2022-12-26 10:54:00,3003.0,NSE,3004.25,3003.0,3003.0,JKCEME,12
83,2022-12-26 10:55:00,3003.6,NSE,3003.6,2998.6,3002.75,JKCEME,133
84,2022-12-26 10:56:00,3007.6,NSE,3008.1,3001.5,3004.95,JKCEME,659
85,2022-12-26 10:57:00,3010.95,NSE,3011.7,3005.2,3005.35,JKCEME,593
86,2022-12-26 10:58:00,3012.1,NSE,3015.9,3007.25,3010.55,JKCEME,876
87,2022-12-26 10:59:00,3012.85,NSE,3013.3,3003.25,3013.3,JKCEME,1030
88,2022-12-26 11:00:00,3015.85,NSE,3015.9,3010.2,3012.8,JKCEME,616
89,2022-12-26 11:01:00,3018.8,NSE,3018.95,3015.9,3015.9,JKCEME,584
90,2022-12-26 11:02:00,3020.0,NSE,3035.0,3016.55,3019.0,JKCEME,2808
91,2022-12-26 11:03:00,3022.95,NSE,3023.8,3020.15,3020.65,JKCEME,102
92,2022-12-26 11:04:00,3024.55,NSE,3025.0,3016.2,3023.6,JKCEME,317
93,2022-12-26 11:05:00,3019.95,NSE,3025.0,3019.95,3023.0,JKCEME,123
94,2022-12-26 11:06:00,3022.4,NSE,3023.95,3019.0,3020.0,JKCEME,263
95,2022-12-26 11:07:00,3029.8,NSE,3029.8,3019.0,3021.7,JKCEME,348
96,2022-12-26 11:08:00,3031.6,NSE,3032.0,3025.0,3027.9,JKCEME,427
97,2022-12-26 11:09:00,3030.0,NSE,3033.7,3027.2,3031.0,JKCEME,542
98,2022-12-26 11:10:00,3033.0,NSE,3033.0,3029.8,3032.0,JKCEME,291
99,2022-12-26 11:11:00,3036.0,NSE,3041.0,3032.0,3032.0,JKCEME,1091
100,2022-12-26 11:12:00,3044.05,NSE,3054.1,3039.8,3039.8,JKCEME,2263
101,2022-12-26 11:13:00,3041.05,NSE,3047.55,3039.35,3044.45,JKCEME,663
102,2022-12-26 11:14:00,3044.25,NSE,3050.0,3041.2,3041.2,JKCEME,408
103,2022-12-26 11:15:00,3047.0,NSE,3047.0,3040.15,3045.4,JKCEME,706
104,2022-12-26 11:16:00,3040.05,NSE,3046.95,3040.05,3043.15,JKCEME,146
105,2022-12-26 11:17:00,3043.9,NSE,3043.95,3040.05,3041.75,JKCEME,85
106,2022-12-26 11:18:00,3043.7,NSE,3044.0,3040.1,3044.0,JKCEME,92
107,2022-12-26 11:19:00,3048.0,NSE,3048.0,3040.25,3040.25,JKCEME,354
108,2022-12-26 11:20:00,3047.3,NSE,3050.0,3042.55,3048.0,JKCEME,871
109,2022-12-26 11:21:00,3049.85,NSE,3049.85,3045.5,3047.7,JKCEME,64
110,2022-12-26 11:22:00,3036.45,NSE,3050.0,3036.45,3049.85,JKCEME,687
111,2022-12-26 11:23:00,3033.3,NSE,3033.6,3025.15,3026.45,JKCEME,1170
112,2022-12-26 11:24:00,3035.35,NSE,3038.8,3033.0,3033.0,JKCEME,306
113,2022-12-26 11:25:00,3037.8,NSE,3038.0,3033.75,3035.0,JKCEME,245
114,2022-12-26 11:26:00,3027.15,NSE,3037.95,3023.5,3037.95,JKCEME,1327
115,2022-12-26 11:27:00,3022.0,NSE,3026.85,3020.05,3023.85,JKCEME,709
116,2022-12-26 11:28:00,3026.35,NSE,3026.4,3022.0,3022.0,JKCEME,233
117,2022-12-26 11:29:00,3025.65,NSE,3030.0,3025.0,3026.95,JKCEME,393
118,2022-12-26 11:30:00,3030.0,NSE,3030.0,3026.05,3028.95,JKCEME,12
119,2022-12-26 11:31:00,3033.55,NSE,3034.95,3028.05,3029.85,JKCEME,458
120,2022-12-26 11:32:00,3032.6,NSE,3032.95,3030.2,3030.25,JKCEME,18
121,2022-12-26 11:33:00,3033.3,NSE,3033.55,3030.1,3032.6,JKCEME,172
122,2022-12-26 11:34:00,3030.85,NSE,3033.15,3027.1,3030.85,JKCEME,433
123,2022-12-26 11:35:00,3030.55,NSE,3032.35,3027.2,3028.05,JKCEME,205
124,2022-12-26 11:36:00,3029.45,NSE,3029.5,3027.25,3029.5,JKCEME,51
125,2022-12-26 11:37:00,3026.0,NSE,3029.5,3025.05,3029.45,JKCEME,392
126,2022-12-26 11:38:00,3029.35,NSE,3029.35,3025.05,3025.95,JKCEME,44
127,2022-12-26 11:39:00,3029.95,NSE,3030.5,3026.7,3026.7,JKCEME,12
128,2022-12-26 11:40:00,3030.35,NSE,3031.65,3028.05,3030.2,JKCEME,29
129,2022-12-26 11:41:00,3029.0,NSE,3030.1,3028.05,3030.1,JKCEME,19
130,2022-12-26 11:42:00,3031.9,NSE,3032.95,3026.45,3029.0,JKCEME,304
131,2022-12-26 11:43:00,3026.2,NSE,3031.2,3026.15,3030.8,JKCEME,47
132,2022-12-26 11:44:00,3027.0,NSE,3029.6,3027.0,3028.9,JKCEME,24
133,2022-12-26 11:45:00,3030.95,NSE,3030.95,3027.35,3029.85,JKCEME,51
134,2022-12-26 11:46:00,3030.95,NSE,3031.85,3029.35,3031.85,JKCEME,109
135,2022-12-26 11:47:00,3031.9,NSE,3031.9,3030.0,3031.6,JKCEME,17
136,2022-12-26 11:48:00,3038.8,NSE,3038.8,3031.85,3031.85,JKCEME,96
137,2022-12-26 11:49:00,3041.95,NSE,3043.05,3038.8,3038.8,JKCEME,174
138,2022-12-26 11:50:00,3035.4,NSE,3045.9,3032.85,3042.0,JKCEME,825
139,2022-12-26 11:51:00,3037.5,NSE,3040.0,3035.4,3035.9,JKCEME,279
140,2022-12-26 11:52:00,3036.0,NSE,3040.55,3036.0,3037.0,JKCEME,135
141,2022-12-26 11:53:00,3034.5,NSE,3037.9,3033.45,3037.9,JKCEME,253
142,2022-12-26 11:54:00,3033.85,NSE,3034.45,3032.0,3032.05,JKCEME,18
143,2022-12-26 11:55:00,3034.2,NSE,3034.2,3032.0,3033.9,JKCEME,7
144,2022-12-26 11:56:00,3036.0,NSE,3037.95,3032.25,3034.95,JKCEME,65
145,2022-12-26 11:57:00,3027.3,NSE,3037.9,3027.3,3037.7,JKCEME,614
146,2022-12-26 11:58:00,3028.05,NSE,3030.0,3024.0,3030.0,JKCEME,382
147,2022-12-26 11:59:00,3024.05,NSE,3026.45,3024.05,3026.1,JKCEME,76
148,2022-12-26 12:00:00,3026.0,NSE,3027.5,3024.05,3027.5,JKCEME,143
149,2022-12-26 12:01:00,3027.95,NSE,3029.95,3026.0,3026.0,JKCEME,8
150,2022-12-26 12:02:00,3031.2,NSE,3033.75,3029.35,3029.95,JKCEME,153
151,2022-12-26 12:03:00,3028.65,NSE,3034.0,3028.65,3034.0,JKCEME,71
152,2022-12-26 12:04:00,3031.55,NSE,3033.95,3030.0,3032.05,JKCEME,110
153,2022-12-26 12:05:00,3033.4,NSE,3033.5,3030.5,3033.5,JKCEME,44
154,2022-12-26 12:06:00,3029.0,NSE,3033.4,3029.0,3033.4,JKCEME,70
155,2022-12-26 12:07:00,3029.25,NSE,3033.0,3029.25,3031.0,JKCEME,17
156,2022-12-26 12:08:00,3032.3,NSE,3032.8,3030.0,3031.55,JKCEME,27
157,2022-12-26 12:09:00,3032.55,NSE,3033.0,3029.15,3032.65,JKCEME,55
158,2022-12-26 12:10:00,3029.65,NSE,3032.9,3029.65,3032.7,JKCEME,21
159,2022-12-26 12:11:00,3030.9,NSE,3035.15,3027.4,3031.85,JKCEME,350
160,2022-12-26 12:12:00,3030.5,NSE,3034.75,3028.8,3030.7,JKCEME,97
161,2022-12-26 12:13:00,3030.0,NSE,3036.75,3030.0,3031.05,JKCEME,639
162,2022-12-26 12:14:00,3035.95,NSE,3035.95,3033.25,3033.35,JKCEME,10
163,2022-12-26 12:15:00,3031.35,NSE,3035.8,3031.35,3035.45,JKCEME,70
164,2022-12-26 12:16:00,3034.15,NSE,3039.4,3033.8,3035.3,JKCEME,456
165,2022-12-26 12:17:00,3034.55,NSE,3037.75,3034.1,3036.85,JKCEME,101
166,2022-12-26 12:18:00,3038.65,NSE,3038.65,3035.0,3035.0,JKCEME,8
167,2022-12-26 12:19:00,3039.55,NSE,3039.55,3035.0,3037.95,JKCEME,89
168,2022-12-26 12:20:00,3026.5,NSE,3039.2,3026.5,3035.1,JKCEME,1145
169,2022-12-26 12:21:00,3029.85,NSE,3029.95,3026.15,3028.3,JKCEME,17
170,2022-12-26 12:22:00,3026.2,NSE,3030.6,3026.15,3027.35,JKCEME,164
171,2022-12-26 12:23:00,3024.95,NSE,3026.15,3024.95,3026.15,JKCEME,440
172,2022-12-26 12:24:00,3024.1,NSE,3024.85,3019.85,3021.15,JKCEME,564
173,2022-12-26 12:25:00,3024.0,NSE,3024.0,3023.95,3024.0,JKCEME,378
174,2022-12-26 12:26:00,3025.95,NSE,3025.95,3023.45,3025.95,JKCEME,10
175,2022-12-26 12:27:00,3025.0,NSE,3027.15,3025.0,3026.4,JKCEME,39
176,2022-12-26 12:28:00,3026.8,NSE,3027.0,3026.8,3027.0,JKCEME,5
177,2022-12-26 12:29:00,3027.55,NSE,3027.55,3024.6,3027.3,JKCEME,120
178,2022-12-26 12:30:00,3021.2,NSE,3024.0,3020.0,3022.0,JKCEME,205
179,2022-12-26 12:31:00,3012.2,NSE,3019.0,3012.2,3019.0,JKCEME,209
180,2022-12-26 12:32:00,3017.95,NSE,3017.95,3012.25,3012.25,JKCEME,728
181,2022-12-26 12:33:00,3018.9,NSE,3019.5,3017.8,3017.8,JKCEME,205
182,2022-12-26 12:34:00,3017.75,NSE,3018.35,3015.05,3015.65,JKCEME,173
183,2022-12-26 12:35:00,3016.8,NSE,3018.65,3014.7,3015.25,JKCEME,82
184,2022-12-26 12:36:00,3017.15,NSE,3019.7,3016.7,3016.8,JKCEME,32
185,2022-12-26 12:37:00,3020.95,NSE,3020.95,3018.15,3020.65,JKCEME,21
186,2022-12-26 12:38:00,3021.0,NSE,3021.0,3020.2,3020.2,JKCEME,5
187,2022-12-26 12:39:00,3024.65,NSE,3024.65,3021.0,3021.0,JKCEME,102
188,2022-12-26 12:40:00,3026.3,NSE,3028.8,3023.95,3023.95,JKCEME,109
189,2022-12-26 12:41:00,3025.0,NSE,3029.1,3024.15,3029.1,JKCEME,114
190,2022-12-26 12:42:00,3027.4,NSE,3028.2,3024.0,3027.15,JKCEME,31
191,2022-12-26 12:43:00,3025.45,NSE,3027.5,3024.0,3025.0,JKCEME,58
192,2022-12-26 12:44:00,3019.75,NSE,3026.0,3017.05,3025.45,JKCEME,563
193,2022-12-26 12:45:00,3022.75,NSE,3022.8,3019.2,3019.2,JKCEME,124
194,2022-12-26 12:46:00,3023.0,NSE,3023.0,3020.95,3020.95,JKCEME,6
195,2022-12-26 12:47:00,3025.35,NSE,3025.35,3020.1,3023.0,JKCEME,112
196,2022-12-26 12:48:00,3025.65,NSE,3025.95,3022.55,3022.8,JKCEME,7
197,2022-12-26 12:49:00,3025.45,NSE,3026.0,3024.15,3026.0,JKCEME,10
198,2022-12-26 12:50:00,3025.85,NSE,3027.4,3023.0,3024.0,JKCEME,267
199,2022-12-26 12:51:00,3024.35,NSE,3025.7,3022.45,3025.7,JKCEME,123
200,2022-12-26 12:52:00,3025.0,NSE,3026.3,3021.55,3021.8,JKCEME,7
201,2022-12-26 12:53:00,3026.95,NSE,3026.95,3024.0,3026.35,JKCEME,15
202,2022-12-26 12:54:00,3026.8,NSE,3027.0,3025.0,3026.9,JKCEME,13
203,2022-12-26 12:55:00,3027.85,NSE,3027.85,3024.05,3024.9,JKCEME,14
204,2022-12-26 12:56:00,3027.65,NSE,3027.65,3025.0,3027.6,JKCEME,7
205,2022-12-26 12:57:00,3027.8,NSE,3027.85,3024.0,3027.65,JKCEME,11
206,2022-12-26 12:58:00,3027.85,NSE,3027.85,3025.0,3027.7,JKCEME,6
207,2022-12-26 12:59:00,3026.9,NSE,3027.85,3025.25,3027.85,JKCEME,12
208,2022-12-26 13:00:00,3027.7,NSE,3027.75,3025.0,3026.9,JKCEME,76
209,2022-12-26 13:01:00,3027.85,NSE,3027.85,3025.0,3027.8,JKCEME,13
210,2022-12-26 13:02:00,3027.85,NSE,3027.85,3025.25,3026.0,JKCEME,17
211,2022-12-26 13:03:00,3027.95,NSE,3029.35,3025.0,3029.05,JKCEME,324
212,2022-12-26 13:04:00,3025.0,NSE,3028.0,3024.0,3027.95,JKCEME,141
213,2022-12-26 13:05:00,3025.7,NSE,3028.0,3023.25,3025.7,JKCEME,298
214,2022-12-26 13:06:00,3025.0,NSE,3028.0,3025.0,3026.0,JKCEME,10
215,2022-12-26 13:07:00,3025.0,NSE,3028.0,3025.0,3026.65,JKCEME,340
216,2022-12-26 13:08:00,3029.35,NSE,3029.35,3023.9,3025.0,JKCEME,125
217,2022-12-26 13:09:00,3028.05,NSE,3031.15,3025.0,3025.05,JKCEME,58
218,2022-12-26 13:10:00,3029.95,NSE,3031.95,3026.85,3028.35,JKCEME,12
219,2022-12-26 13:11:00,3029.95,NSE,3030.0,3026.0,3030.0,JKCEME,46
220,2022-12-26 13:12:00,3027.9,NSE,3029.95,3027.45,3029.95,JKCEME,8
221,2022-12-26 13:13:00,3021.9,NSE,3029.75,3021.15,3029.75,JKCEME,157
222,2022-12-26 13:14:00,3023.05,NSE,3023.8,3020.15,3020.15,JKCEME,278
223,2022-12-26 13:15:00,3023.75,NSE,3027.0,3022.7,3022.9,JKCEME,74
224,2022-12-26 13:16:00,3024.65,NSE,3024.65,3020.0,3022.6,JKCEME,240
225,2022-12-26 13:17:00,3025.0,NSE,3027.0,3023.3,3024.6,JKCEME,12
226,2022-12-26 13:18:00,3026.55,NSE,3027.0,3024.15,3027.0,JKCEME,11
227,2022-12-26 13:19:00,3026.0,NSE,3028.75,3025.15,3028.75,JKCEME,197
228,2022-12-26 13:20:00,3027.95,NSE,3028.8,3023.3,3025.95,JKCEME,167
229,2022-12-26 13:21:00,3028.7,NSE,3030.9,3025.05,3027.5,JKCEME,302
230,2022-12-26 13:22:00,3028.4,NSE,3033.0,3024.95,3028.7,JKCEME,331
231,2022-12-26 13:23:00,3023.95,NSE,3030.0,3022.5,3027.45,JKCEME,287
232,2022-12-26 13:24:00,3023.9,NSE,3023.9,3023.8,3023.8,JKCEME,5
233,2022-12-26 13:25:00,3023.8,NSE,3026.8,3021.0,3023.9,JKCEME,386
234,2022-12-26 13:26:00,3027.1,NSE,3028.6,3023.5,3023.5,JKCEME,43
235,2022-12-26 13:27:00,3028.95,NSE,3028.95,3025.0,3026.65,JKCEME,9
236,2022-12-26 13:28:00,3028.9,NSE,3031.85,3027.35,3029.8,JKCEME,10
237,2022-12-26 13:29:00,3031.6,NSE,3031.75,3028.65,3030.0,JKCEME,88
238,2022-12-26 13:30:00,3039.95,NSE,3046.15,3030.05,3031.9,JKCEME,2113
239,2022-12-26 13:31:00,3038.5,NSE,3040.95,3034.5,3039.95,JKCEME,293
240,2022-12-26 13:32:00,3035.1,NSE,3038.9,3035.05,3038.45,JKCEME,153
241,2022-12-26 13:33:00,3032.65,NSE,3035.15,3026.2,3035.15,JKCEME,281
242,2022-12-26 13:34:00,3035.0,NSE,3035.0,3030.9,3033.5,JKCEME,15
243,2022-12-26 13:35:00,3035.8,NSE,3038.0,3035.3,3035.85,JKCEME,12
244,2022-12-26 13:36:00,3037.95,NSE,3038.0,3036.1,3037.95,JKCEME,23
245,2022-12-26 13:37:00,3035.05,NSE,3037.95,3033.0,3037.9,JKCEME,62
246,2022-12-26 13:38:00,3037.0,NSE,3039.4,3036.05,3037.45,JKCEME,68
247,2022-12-26 13:39:00,3039.65,NSE,3039.8,3036.9,3039.75,JKCEME,70
248,2022-12-26 13:40:00,3039.9,NSE,3039.95,3037.65,3037.65,JKCEME,14
249,2022-12-26 13:41:00,3036.1,NSE,3039.9,3036.1,3039.85,JKCEME,42
250,2022-12-26 13:42:00,3037.6,NSE,3037.85,3031.25,3036.45,JKCEME,44
251,2022-12-26 13:43:00,3034.6,NSE,3035.65,3032.2,3035.4,JKCEME,27
252,2022-12-26 13:44:00,3034.0,NSE,3034.85,3032.25,3034.1,JKCEME,15
253,2022-12-26 13:45:00,3037.5,NSE,3039.15,3032.3,3035.6,JKCEME,219
254,2022-12-26 13:46:00,3037.35,NSE,3039.9,3036.15,3037.55,JKCEME,12
255,2022-12-26 13:47:00,3039.9,NSE,3039.9,3036.85,3037.0,JKCEME,68
256,2022-12-26 13:48:00,3035.25,NSE,3039.9,3035.25,3039.9,JKCEME,12
257,2022-12-26 13:49:00,3037.55,NSE,3041.9,3034.75,3035.25,JKCEME,317
258,2022-12-26 13:50:00,3041.25,NSE,3041.25,3036.9,3037.15,JKCEME,291
259,2022-12-26 13:51:00,3040.7,NSE,3043.8,3037.75,3037.75,JKCEME,242
260,2022-12-26 13:52:00,3040.9,NSE,3043.8,3040.85,3042.0,JKCEME,25
261,2022-12-26 13:53:00,3041.0,NSE,3043.7,3038.45,3043.55,JKCEME,8
262,2022-12-26 13:54:00,3036.9,NSE,3041.0,3036.4,3041.0,JKCEME,329
263,2022-12-26 13:55:00,3036.35,NSE,3039.55,3034.45,3038.1,JKCEME,200
264,2022-12-26 13:56:00,3034.0,NSE,3034.45,3031.15,3034.45,JKCEME,196
265,2022-12-26 13:57:00,3031.15,NSE,3033.95,3031.15,3033.2,JKCEME,129
266,2022-12-26 13:58:00,3034.0,NSE,3034.0,3031.2,3033.5,JKCEME,18
267,2022-12-26 13:59:00,3035.4,NSE,3035.4,3032.1,3034.0,JKCEME,13
268,2022-12-26 14:00:00,3038.55,NSE,3040.15,3035.15,3035.15,JKCEME,35
269,2022-12-26 14:01:00,3043.4,NSE,3043.5,3040.1,3043.5,JKCEME,105
270,2022-12-26 14:02:00,3046.55,NSE,3050.0,3043.25,3044.9,JKCEME,1413
271,2022-12-26 14:03:00,3045.2,NSE,3049.0,3044.05,3045.95,JKCEME,352
272,2022-12-26 14:04:00,3047.05,NSE,3048.8,3045.0,3047.55,JKCEME,589
273,2022-12-26 14:05:00,3047.0,NSE,3048.0,3045.1,3047.05,JKCEME,344
274,2022-12-26 14:06:00,3036.15,NSE,3046.6,3036.15,3046.0,JKCEME,286
275,2022-12-26 14:07:00,3035.0,NSE,3036.15,3033.65,3036.15,JKCEME,131
276,2022-12-26 14:08:00,3041.3,NSE,3041.3,3033.65,3035.0,JKCEME,182
277,2022-12-26 14:09:00,3044.4,NSE,3044.55,3038.5,3041.0,JKCEME,251
278,2022-12-26 14:10:00,3044.6,NSE,3044.6,3039.75,3041.4,JKCEME,189
279,2022-12-26 14:11:00,3041.8,NSE,3044.3,3041.65,3044.3,JKCEME,6
280,2022-12-26 14:12:00,3045.75,NSE,3046.45,3039.4,3046.45,JKCEME,370
281,2022-12-26 14:13:00,3044.65,NSE,3046.0,3043.25,3045.75,JKCEME,74
282,2022-12-26 14:14:00,3037.05,NSE,3044.0,3035.4,3041.65,JKCEME,404
283,2022-12-26 14:15:00,3043.6,NSE,3045.05,3038.0,3039.7,JKCEME,298
284,2022-12-26 14:16:00,3036.15,NSE,3041.0,3036.15,3041.0,JKCEME,137
285,2022-12-26 14:17:00,3036.15,NSE,3039.85,3036.15,3038.95,JKCEME,6
286,2022-12-26 14:18:00,3038.05,NSE,3040.0,3036.15,3038.4,JKCEME,14
287,2022-12-26 14:19:00,3039.0,NSE,3040.0,3036.15,3039.4,JKCEME,15
288,2022-12-26 14:20:00,3043.5,NSE,3044.65,3036.2,3039.15,JKCEME,1222
289,2022-12-26 14:21:00,3040.05,NSE,3044.95,3038.45,3043.5,JKCEME,593
290,2022-12-26 14:22:00,3042.65,NSE,3044.2,3040.0,3040.05,JKCEME,123
291,2022-12-26 14:23:00,3040.05,NSE,3047.9,3040.0,3042.95,JKCEME,445
292,2022-12-26 14:24:00,3040.1,NSE,3044.1,3040.05,3041.95,JKCEME,152
293,2022-12-26 14:25:00,3042.35,NSE,3042.7,3040.05,3042.45,JKCEME,168
294,2022-12-26 14:26:00,3039.05,NSE,3039.05,3036.15,3038.5,JKCEME,331
295,2022-12-26 14:27:00,3036.55,NSE,3039.15,3036.15,3038.9,JKCEME,25
296,2022-12-26 14:28:00,3039.85,NSE,3039.95,3037.0,3039.95,JKCEME,7
297,2022-12-26 14:29:00,3040.0,NSE,3041.45,3037.15,3039.9,JKCEME,397
298,2022-12-26 14:30:00,3039.0,NSE,3042.05,3038.1,3038.5,JKCEME,368
299,2022-12-26 14:31:00,3041.1,NSE,3041.8,3038.05,3040.0,JKCEME,188
300,2022-12-26 14:32:00,3039.95,NSE,3041.7,3038.6,3040.0,JKCEME,79
301,2022-12-26 14:33:00,3037.8,NSE,3040.0,3037.8,3040.0,JKCEME,116
302,2022-12-26 14:34:00,3037.1,NSE,3040.0,3036.85,3040.0,JKCEME,27
303,2022-12-26 14:35:00,3036.8,NSE,3038.15,3033.1,3038.15,JKCEME,136
304,2022-12-26 14:36:00,3034.6,NSE,3040.7,3034.6,3036.3,JKCEME,816
305,2022-12-26 14:37:00,3027.95,NSE,3033.35,3026.0,3033.35,JKCEME,1178
306,2022-12-26 14:38:00,3028.0,NSE,3028.7,3023.65,3027.0,JKCEME,468
307,2022-12-26 14:39:00,3024.85,NSE,3025.0,3021.3,3024.95,JKCEME,153
308,2022-12-26 14:40:00,3027.0,NSE,3030.0,3024.0,3024.9,JKCEME,232
309,2022-12-26 14:41:00,3030.5,NSE,3030.5,3025.0,3028.5,JKCEME,246
310,2022-12-26 14:42:00,3028.05,NSE,3033.95,3027.5,3028.1,JKCEME,422
311,2022-12-26 14:43:00,3034.7,NSE,3034.75,3028.15,3031.8,JKCEME,67
312,2022-12-26 14:44:00,3033.85,NSE,3038.65,3030.45,3034.7,JKCEME,153
313,2022-12-26 14:45:00,3034.95,NSE,3035.1,3032.05,3035.0,JKCEME,45
314,2022-12-26 14:46:00,3034.9,NSE,3034.95,3032.2,3034.95,JKCEME,12
315,2022-12-26 14:47:00,3037.6,NSE,3037.6,3032.3,3034.9,JKCEME,34
316,2022-12-26 14:48:00,3034.15,NSE,3037.95,3032.2,3034.6,JKCEME,63
317,2022-12-26 14:49:00,3036.0,NSE,3036.0,3034.2,3036.0,JKCEME,6
318,2022-12-26 14:50:00,3034.95,NSE,3036.0,3033.1,3035.95,JKCEME,112
319,2022-12-26 14:51:00,3034.65,NSE,3036.4,3031.35,3033.1,JKCEME,483
320,2022-12-26 14:52:00,3036.95,NSE,3037.4,3033.4,3036.5,JKCEME,124
321,2022-12-26 14:53:00,3037.15,NSE,3037.2,3032.95,3036.8,JKCEME,14
322,2022-12-26 14:54:00,3036.5,NSE,3037.2,3032.25,3037.0,JKCEME,163
323,2022-12-26 14:55:00,3035.25,NSE,3038.0,3032.85,3036.95,JKCEME,229
324,2022-12-26 14:56:00,3035.9,NSE,3039.45,3032.2,3035.5,JKCEME,462
325,2022-12-26 14:57:00,3035.3,NSE,3039.95,3033.65,3036.1,JKCEME,301
326,2022-12-26 14:58:00,3037.95,NSE,3039.6,3035.35,3039.6,JKCEME,82
327,2022-12-26 14:59:00,3034.1,NSE,3038.6,3032.1,3035.5,JKCEME,529
328,2022-12-26 15:00:00,3037.2,NSE,3042.45,3033.0,3034.1,JKCEME,1031
329,2022-12-26 15:01:00,3037.1,NSE,3037.2,3033.0,3034.25,JKCEME,447
330,2022-12-26 15:02:00,3036.0,NSE,3037.1,3033.95,3035.5,JKCEME,377
331,2022-12-26 15:03:00,3031.15,NSE,3036.0,3031.15,3035.95,JKCEME,768
332,2022-12-26 15:04:00,3029.85,NSE,3030.15,3028.35,3030.15,JKCEME,111
333,2022-12-26 15:05:00,3029.35,NSE,3030.0,3026.2,3028.45,JKCEME,670
334,2022-12-26 15:06:00,3029.5,NSE,3029.5,3026.8,3028.85,JKCEME,44
335,2022-12-26 15:07:00,3029.0,NSE,3029.0,3027.0,3027.15,JKCEME,24
336,2022-12-26 15:08:00,3030.0,NSE,3030.0,3027.15,3027.15,JKCEME,35
337,2022-12-26 15:09:00,3027.0,NSE,3034.65,3026.15,3027.5,JKCEME,1055
338,2022-12-26 15:10:00,3023.6,NSE,3029.95,3022.05,3029.95,JKCEME,604
339,2022-12-26 15:11:00,3025.0,NSE,3026.95,3024.0,3024.0,JKCEME,311
340,2022-12-26 15:12:00,3025.1,NSE,3026.95,3023.0,3024.7,JKCEME,193
341,2022-12-26 15:13:00,3025.55,NSE,3026.75,3023.0,3025.0,JKCEME,108
342,2022-12-26 15:14:00,3025.0,NSE,3026.05,3022.15,3025.95,JKCEME,264
343,2022-12-26 15:15:00,3027.15,NSE,3029.75,3024.9,3025.0,JKCEME,607
344,2022-12-26 15:16:00,3028.9,NSE,3029.45,3025.85,3029.45,JKCEME,122
345,2022-12-26 15:17:00,3027.55,NSE,3029.0,3025.0,3026.15,JKCEME,192
346,2022-12-26 15:18:00,3028.25,NSE,3030.0,3025.05,3025.05,JKCEME,675
347,2022-12-26 15:19:00,3026.9,NSE,3030.0,3026.4,3028.25,JKCEME,1393
348,2022-12-26 15:20:00,3025.25,NSE,3029.95,3025.25,3028.5,JKCEME,978
349,2022-12-26 15:21:00,3026.0,NSE,3029.8,3025.2,3025.2,JKCEME,196
350,2022-12-26 15:22:00,3028.2,NSE,3030.0,3026.0,3026.0,JKCEME,705
351,2022-12-26 15:23:00,3029.25,NSE,3029.7,3026.45,3028.2,JKCEME,57
352,2022-12-26 15:24:00,3027.5,NSE,3028.7,3027.5,3028.7,JKCEME,657
353,2022-12-26 15:25:00,3018.0,NSE,3027.6,3015.55,3027.5,JKCEME,681
354,2022-12-26 15:26:00,3015.1,NSE,3018.95,3015.05,3017.65,JKCEME,1602
355,2022-12-26 15:27:00,3013.9,NSE,3018.3,3007.55,3018.2,JKCEME,367
356,2022-12-26 15:28:00,3009.3,NSE,3013.8,3005.55,3011.25,JKCEME,638
357,2022-12-26 15:29:00,3014.85,NSE,3014.95,3006.1,3006.1,JKCEME,194
