,datetime,close,exchange_code,high,low,open,stock_code,volume
0,2020-07-21 09:30:00,787.55,NSE,790.05,787.1,790.0,SBICAR,54032
1,2020-07-21 09:31:00,787.0,NSE,789.7,787.0,787.55,SBICAR,54107
2,2020-07-21 09:32:00,788.8,NSE,789.4,786.2,786.8,SBICAR,46385
3,2020-07-21 09:33:00,787.35,NSE,788.95,787.35,788.75,SBICAR,31980
4,2020-07-21 09:34:00,787.5,NSE,788.7,787.15,787.85,SBICAR,39227
5,2020-07-21 09:35:00,786.85,NSE,787.8,786.6,787.5,SBICAR,40415
6,2020-07-21 09:36:00,788.8,NSE,788.8,785.15,786.4,SBICAR,85714
7,2020-07-21 09:37:00,785.0,NSE,788.65,785.0,788.65,SBICAR,25442
8,2020-07-21 09:38:00,785.0,NSE,786.5,785.0,785.2,SBICAR,39469
9,2020-07-21 09:39:00,785.25,NSE,785.7,785.0,785.0,SBICAR,59455
10,2020-07-21 09:40:00,785.0,NSE,785.3,785.0,785.2,SBICAR,38351
11,2020-07-21 09:41:00,785.1,NSE,785.95,785.0,785.0,SBICAR,39432
12,2020-07-21 09:42:00,786.1,NSE,786.2,785.0,785.0,SBICAR,46361
13,2020-07-21 09:43:00,785.0,NSE,786.5,785.0,786.2,SBICAR,25500
14,2020-07-21 09:44:00,785.25,NSE,785.35,785.0,785.0,SBICAR,50812
15,2020-07-21 09:45:00,785.0,NSE,785.25,785.0,785.05,SBICAR,30654
16,2020-07-21 09:46:00,785.0,NSE,785.2,785.0,785.0,SBICAR,22421
17,2020-07-21 09:47:00,785.4,NSE,785.85,785.0,785.0,SBICAR,31325
18,2020-07-21 09:48:00,788.55,NSE,788.8,785.4,785.45,SBICAR,63728
19,2020-07-21 09:49:00,787.35,NSE,788.65,786.55,788.6,SBICAR,36729
20,2020-07-21 09:50:00,787.0,NSE,787.85,786.35,787.85,SBICAR,14509
21,2020-07-21 09:51:00,785.1,NSE,787.25,785.05,787.1,SBICAR,38539
22,2020-07-21 09:52:00,785.5,NSE,786.5,785.0,785.15,SBICAR,23938
23,2020-07-21 09:53:00,787.2,NSE,787.2,785.25,785.5,SBICAR,54101
24,2020-07-21 09:54:00,787.0,NSE,788.0,786.6,787.25,SBICAR,25102
25,2020-07-21 09:55:00,793.1,NSE,795.0,786.45,787.0,SBICAR,304991
26,2020-07-21 09:56:00,792.65,NSE,794.95,788.25,792.4,SBICAR,232638
27,2020-07-21 09:57:00,791.95,NSE,792.9,790.65,792.65,SBICAR,90508
28,2020-07-21 09:58:00,792.85,NSE,796.95,791.95,791.95,SBICAR,159405
29,2020-07-21 09:59:00,794.7,NSE,795.8,793.05,793.05,SBICAR,99284
30,2020-07-21 10:00:00,793.6,NSE,795.65,792.6,794.3,SBICAR,106507
31,2020-07-21 10:01:00,792.4,NSE,794.9,792.0,793.6,SBICAR,53903
32,2020-07-21 10:02:00,791.25,NSE,792.85,790.0,792.2,SBICAR,61660
33,2020-07-21 10:03:00,789.15,NSE,791.75,789.15,791.1,SBICAR,45153
34,2020-07-21 10:04:00,789.6,NSE,790.8,789.15,789.2,SBICAR,29536
35,2020-07-21 10:05:00,790.05,NSE,790.5,789.5,790.05,SBICAR,32412
36,2020-07-21 10:06:00,788.7,NSE,790.3,788.7,790.05,SBICAR,33594
37,2020-07-21 10:07:00,788.55,NSE,789.55,788.05,788.7,SBICAR,35460
38,2020-07-21 10:08:00,788.4,NSE,788.95,788.1,788.95,SBICAR,23059
39,2020-07-21 10:09:00,787.0,NSE,788.95,787.0,788.65,SBICAR,32983
40,2020-07-21 10:10:00,786.25,NSE,787.25,785.0,787.1,SBICAR,150326
41,2020-07-21 10:11:00,785.5,NSE,786.7,785.5,786.0,SBICAR,19018
42,2020-07-21 10:12:00,785.7,NSE,786.3,785.5,785.5,SBICAR,19878
43,2020-07-21 10:13:00,785.35,NSE,786.0,785.35,785.75,SBICAR,29439
44,2020-07-21 10:14:00,785.05,NSE,785.75,785.05,785.35,SBICAR,27183
45,2020-07-21 10:15:00,786.0,NSE,786.6,785.2,785.45,SBICAR,16758
46,2020-07-21 10:16:00,785.5,NSE,786.0,785.5,786.0,SBICAR,12012
47,2020-07-21 10:17:00,785.7,NSE,786.75,785.5,785.6,SBICAR,20887
48,2020-07-21 10:18:00,785.6,NSE,785.95,785.5,785.55,SBICAR,13218
49,2020-07-21 10:19:00,785.5,NSE,785.85,785.5,785.75,SBICAR,7763
50,2020-07-21 10:20:00,785.2,NSE,785.8,785.1,785.5,SBICAR,18407
51,2020-07-21 10:21:00,785.0,NSE,785.45,784.0,785.2,SBICAR,68820
52,2020-07-21 10:22:00,785.05,NSE,785.2,785.0,785.05,SBICAR,17615
53,2020-07-21 10:23:00,785.95,NSE,785.95,785.0,785.0,SBICAR,27240
54,2020-07-21 10:24:00,787.4,NSE,787.4,785.25,785.55,SBICAR,24996
55,2020-07-21 10:25:00,786.5,NSE,788.2,786.45,787.6,SBICAR,26612
56,2020-07-21 10:26:00,785.55,NSE,786.5,785.1,786.45,SBICAR,17630
57,2020-07-21 10:27:00,785.05,NSE,785.95,785.05,785.95,SBICAR,9178
58,2020-07-21 10:28:00,785.2,NSE,785.5,785.0,785.05,SBICAR,22431
59,2020-07-21 10:29:00,786.05,NSE,786.5,785.1,785.2,SBICAR,13053
60,2020-07-21 10:30:00,786.5,NSE,787.0,786.0,786.25,SBICAR,12163
61,2020-07-21 10:31:00,786.0,NSE,786.7,785.65,786.5,SBICAR,11829
62,2020-07-21 10:32:00,786.1,NSE,786.45,786.0,786.0,SBICAR,5930
63,2020-07-21 10:33:00,786.15,NSE,786.4,786.0,786.1,SBICAR,7744
64,2020-07-21 10:34:00,786.25,NSE,787.0,786.05,786.15,SBICAR,8041
65,2020-07-21 10:35:00,785.5,NSE,786.75,785.5,786.35,SBICAR,7717
66,2020-07-21 10:36:00,786.0,NSE,786.8,785.15,785.55,SBICAR,9092
67,2020-07-21 10:37:00,785.8,NSE,786.1,785.15,786.0,SBICAR,11138
68,2020-07-21 10:38:00,785.3,NSE,786.1,785.2,785.5,SBICAR,11187
69,2020-07-21 10:39:00,785.4,NSE,785.95,785.2,785.3,SBICAR,7219
70,2020-07-21 10:40:00,786.05,NSE,786.1,785.3,785.3,SBICAR,9503
71,2020-07-21 10:41:00,785.9,NSE,786.4,785.85,785.95,SBICAR,6827
72,2020-07-21 10:42:00,785.5,NSE,786.1,785.35,786.0,SBICAR,9263
73,2020-07-21 10:43:00,785.45,NSE,785.85,785.25,785.55,SBICAR,5057
74,2020-07-21 10:44:00,785.5,NSE,786.0,785.3,785.5,SBICAR,4539
75,2020-07-21 10:45:00,785.5,NSE,785.85,785.25,785.35,SBICAR,6867
76,2020-07-21 10:46:00,785.2,NSE,785.6,785.2,785.25,SBICAR,6612
77,2020-07-21 10:47:00,785.1,NSE,785.45,785.1,785.2,SBICAR,4634
78,2020-07-21 10:48:00,785.1,NSE,785.1,785.0,785.1,SBICAR,8419
79,2020-07-21 10:49:00,785.0,NSE,785.4,785.0,785.05,SBICAR,20992
80,2020-07-21 10:50:00,785.0,NSE,785.45,782.85,785.4,SBICAR,51215
81,2020-07-21 10:51:00,786.45,NSE,788.0,785.05,785.05,SBICAR,42315
82,2020-07-21 10:52:00,787.8,NSE,788.35,786.45,786.45,SBICAR,21877
83,2020-07-21 10:53:00,786.6,NSE,788.4,786.6,787.85,SBICAR,19907
84,2020-07-21 10:54:00,787.05,NSE,787.4,786.5,786.6,SBICAR,6240
85,2020-07-21 10:55:00,787.5,NSE,788.35,786.8,787.05,SBICAR,20533
86,2020-07-21 10:56:00,788.15,NSE,788.25,787.55,788.0,SBICAR,9217
87,2020-07-21 10:57:00,786.5,NSE,788.2,786.45,788.2,SBICAR,13608
88,2020-07-21 10:58:00,786.05,NSE,786.95,786.05,786.5,SBICAR,7202
89,2020-07-21 10:59:00,785.6,NSE,786.1,785.4,786.05,SBICAR,5800
90,2020-07-21 11:00:00,785.6,NSE,785.9,785.3,785.9,SBICAR,6547
91,2020-07-21 11:01:00,785.5,NSE,785.9,785.5,785.6,SBICAR,6666
92,2020-07-21 11:02:00,785.7,NSE,785.9,785.5,785.5,SBICAR,4762
93,2020-07-21 11:03:00,785.8,NSE,786.5,785.55,785.6,SBICAR,6739
94,2020-07-21 11:04:00,787.45,NSE,787.5,785.7,785.7,SBICAR,8882
95,2020-07-21 11:05:00,786.1,NSE,786.95,786.0,786.9,SBICAR,8966
96,2020-07-21 11:06:00,786.65,NSE,787.0,786.1,786.1,SBICAR,3315
97,2020-07-21 11:07:00,786.0,NSE,787.0,786.0,786.65,SBICAR,13159
98,2020-07-21 11:08:00,785.7,NSE,786.0,785.6,786.0,SBICAR,4224
99,2020-07-21 11:09:00,785.75,NSE,786.6,785.65,785.65,SBICAR,4456
100,2020-07-21 11:10:00,785.85,NSE,786.0,785.75,785.8,SBICAR,3729
101,2020-07-21 11:11:00,785.9,NSE,786.1,785.75,785.85,SBICAR,5205
102,2020-07-21 11:12:00,785.75,NSE,785.9,785.7,785.75,SBICAR,4074
103,2020-07-21 11:13:00,785.8,NSE,786.0,785.75,785.8,SBICAR,3132
104,2020-07-21 11:14:00,785.6,NSE,786.0,785.6,785.8,SBICAR,8515
105,2020-07-21 11:15:00,785.6,NSE,786.0,785.6,785.6,SBICAR,11809
106,2020-07-21 11:16:00,785.6,NSE,786.0,785.6,785.65,SBICAR,4803
107,2020-07-21 11:17:00,785.65,NSE,786.0,785.6,786.0,SBICAR,3585
108,2020-07-21 11:18:00,785.7,NSE,786.0,785.6,785.65,SBICAR,3343
109,2020-07-21 11:19:00,785.6,NSE,785.95,785.6,785.7,SBICAR,2949
110,2020-07-21 11:20:00,785.0,NSE,785.75,785.0,785.6,SBICAR,88660
111,2020-07-21 11:21:00,785.6,NSE,786.65,785.0,785.05,SBICAR,16810
112,2020-07-21 11:22:00,785.6,NSE,785.95,785.5,785.95,SBICAR,4078
113,2020-07-21 11:23:00,786.05,NSE,786.3,785.6,785.6,SBICAR,5853
114,2020-07-21 11:24:00,786.55,NSE,787.0,786.05,786.05,SBICAR,9362
115,2020-07-21 11:25:00,786.65,NSE,787.35,786.55,786.9,SBICAR,9789
116,2020-07-21 11:26:00,788.55,NSE,789.0,787.0,787.05,SBICAR,44317
117,2020-07-21 11:27:00,787.55,NSE,788.6,787.2,788.55,SBICAR,8763
118,2020-07-21 11:28:00,787.2,NSE,788.05,787.2,787.6,SBICAR,7625
119,2020-07-21 11:29:00,786.35,NSE,787.15,786.3,787.15,SBICAR,11700
120,2020-07-21 11:30:00,786.6,NSE,787.0,786.15,786.3,SBICAR,7792
121,2020-07-21 11:31:00,786.15,NSE,786.6,786.15,786.6,SBICAR,2631
122,2020-07-21 11:32:00,785.65,NSE,786.2,785.65,786.15,SBICAR,9050
123,2020-07-21 11:33:00,785.75,NSE,786.5,785.65,785.65,SBICAR,4399
124,2020-07-21 11:34:00,785.5,NSE,786.0,785.5,785.75,SBICAR,11875
125,2020-07-21 11:35:00,785.6,NSE,785.95,785.5,785.5,SBICAR,4166
126,2020-07-21 11:36:00,785.25,NSE,785.6,785.2,785.5,SBICAR,7738
127,2020-07-21 11:37:00,785.35,NSE,785.8,785.2,785.3,SBICAR,3730
128,2020-07-21 11:38:00,785.35,NSE,786.0,785.2,785.35,SBICAR,10428
129,2020-07-21 11:39:00,785.55,NSE,786.4,785.35,785.35,SBICAR,5281
130,2020-07-21 11:40:00,785.3,NSE,785.75,785.3,785.5,SBICAR,3769
131,2020-07-21 11:41:00,785.3,NSE,785.85,785.3,785.3,SBICAR,4584
132,2020-07-21 11:42:00,785.55,NSE,785.7,785.2,785.5,SBICAR,3478
133,2020-07-21 11:43:00,785.55,NSE,786.0,785.55,785.55,SBICAR,4076
134,2020-07-21 11:44:00,785.7,NSE,786.4,785.65,785.9,SBICAR,3352
135,2020-07-21 11:45:00,786.0,NSE,786.35,785.65,785.65,SBICAR,4287
136,2020-07-21 11:46:00,785.65,NSE,786.3,785.65,786.25,SBICAR,2792
137,2020-07-21 11:47:00,785.55,NSE,786.0,785.55,785.65,SBICAR,2698
138,2020-07-21 11:48:00,785.8,NSE,785.95,785.55,785.6,SBICAR,4157
139,2020-07-21 11:49:00,785.7,NSE,786.15,785.65,785.8,SBICAR,10547
140,2020-07-21 11:50:00,785.75,NSE,786.15,785.75,785.75,SBICAR,7594
141,2020-07-21 11:51:00,786.0,NSE,786.3,785.75,785.8,SBICAR,5008
142,2020-07-21 11:52:00,786.25,NSE,786.4,785.75,786.0,SBICAR,3911
143,2020-07-21 11:53:00,785.95,NSE,786.45,785.5,786.25,SBICAR,6677
144,2020-07-21 11:54:00,785.5,NSE,785.9,785.0,785.9,SBICAR,45150
145,2020-07-21 11:55:00,786.2,NSE,786.2,785.5,785.5,SBICAR,4988
146,2020-07-21 11:56:00,785.65,NSE,786.0,785.65,786.0,SBICAR,2247
147,2020-07-21 11:57:00,785.95,NSE,786.1,785.75,785.85,SBICAR,3104
148,2020-07-21 11:58:00,785.65,NSE,786.0,785.55,785.95,SBICAR,5703
149,2020-07-21 11:59:00,785.45,NSE,785.9,785.2,785.55,SBICAR,2124
150,2020-07-21 12:00:00,785.15,NSE,785.45,785.05,785.25,SBICAR,4424
151,2020-07-21 12:01:00,785.2,NSE,785.35,785.1,785.1,SBICAR,3150
152,2020-07-21 12:02:00,785.55,NSE,785.8,785.15,785.2,SBICAR,4592
153,2020-07-21 12:03:00,785.65,NSE,785.9,785.25,785.5,SBICAR,2303
154,2020-07-21 12:04:00,785.5,NSE,786.0,785.5,785.95,SBICAR,3728
155,2020-07-21 12:05:00,785.5,NSE,785.8,785.5,785.65,SBICAR,2352
156,2020-07-21 12:06:00,785.75,NSE,785.8,785.5,785.5,SBICAR,3145
157,2020-07-21 12:07:00,785.65,NSE,785.8,785.6,785.6,SBICAR,3825
158,2020-07-21 12:08:00,787.0,NSE,787.0,785.55,785.65,SBICAR,21547
159,2020-07-21 12:09:00,787.9,NSE,788.0,786.7,786.7,SBICAR,21668
160,2020-07-21 12:10:00,789.35,NSE,790.9,787.5,787.9,SBICAR,137120
161,2020-07-21 12:11:00,788.6,NSE,789.9,788.35,789.7,SBICAR,29683
162,2020-07-21 12:12:00,787.8,NSE,788.5,786.6,788.5,SBICAR,22683
163,2020-07-21 12:13:00,789.0,NSE,789.0,787.45,787.8,SBICAR,17977
164,2020-07-21 12:14:00,786.9,NSE,788.95,786.6,788.95,SBICAR,10531
165,2020-07-21 12:15:00,786.8,NSE,786.95,785.55,786.95,SBICAR,16228
166,2020-07-21 12:16:00,786.3,NSE,786.7,786.25,786.35,SBICAR,3257
167,2020-07-21 12:17:00,786.55,NSE,786.9,786.3,786.3,SBICAR,3727
168,2020-07-21 12:18:00,786.45,NSE,787.0,786.0,786.55,SBICAR,16034
169,2020-07-21 12:19:00,786.6,NSE,786.6,786.25,786.25,SBICAR,4091
170,2020-07-21 12:20:00,786.6,NSE,786.7,786.35,786.35,SBICAR,4560
171,2020-07-21 12:21:00,787.6,NSE,787.6,786.6,786.6,SBICAR,5263
172,2020-07-21 12:22:00,787.2,NSE,788.1,787.15,787.45,SBICAR,9376
173,2020-07-21 12:23:00,787.15,NSE,787.55,787.1,787.2,SBICAR,2915
174,2020-07-21 12:24:00,786.7,NSE,787.35,786.7,787.15,SBICAR,4826
175,2020-07-21 12:25:00,786.8,NSE,787.0,786.7,786.7,SBICAR,2700
176,2020-07-21 12:26:00,786.95,NSE,787.0,786.8,786.8,SBICAR,5593
177,2020-07-21 12:27:00,787.0,NSE,787.0,786.9,786.95,SBICAR,2948
178,2020-07-21 12:28:00,787.4,NSE,787.4,786.9,786.95,SBICAR,3632
179,2020-07-21 12:29:00,787.3,NSE,787.4,787.25,787.4,SBICAR,2683
180,2020-07-21 12:30:00,787.25,NSE,787.5,787.25,787.4,SBICAR,5603
181,2020-07-21 12:31:00,786.8,NSE,787.35,786.75,787.25,SBICAR,4985
182,2020-07-21 12:32:00,786.5,NSE,786.95,786.1,786.8,SBICAR,5211
183,2020-07-21 12:33:00,786.0,NSE,786.45,785.8,786.35,SBICAR,12447
184,2020-07-21 12:34:00,785.75,NSE,786.0,785.75,785.85,SBICAR,7258
185,2020-07-21 12:35:00,785.9,NSE,785.95,785.65,785.8,SBICAR,3130
186,2020-07-21 12:36:00,786.0,NSE,786.05,785.65,786.0,SBICAR,12373
187,2020-07-21 12:37:00,785.95,NSE,786.4,785.75,786.1,SBICAR,8080
188,2020-07-21 12:38:00,786.7,NSE,786.8,785.85,785.95,SBICAR,5824
189,2020-07-21 12:39:00,786.5,NSE,786.9,786.05,786.7,SBICAR,4986
190,2020-07-21 12:40:00,787.1,NSE,787.1,786.25,786.25,SBICAR,7729
191,2020-07-21 12:41:00,787.6,NSE,787.85,786.95,787.1,SBICAR,5335
192,2020-07-21 12:42:00,787.85,NSE,788.0,787.5,787.9,SBICAR,8275
193,2020-07-21 12:43:00,787.4,NSE,787.9,786.9,787.7,SBICAR,4881
194,2020-07-21 12:44:00,786.65,NSE,787.5,786.65,787.4,SBICAR,3761
195,2020-07-21 12:45:00,787.15,NSE,787.35,786.85,787.0,SBICAR,3519
196,2020-07-21 12:46:00,786.7,NSE,787.35,786.5,787.2,SBICAR,3200
197,2020-07-21 12:47:00,786.95,NSE,787.0,786.6,786.7,SBICAR,2541
198,2020-07-21 12:48:00,786.9,NSE,787.0,786.9,786.9,SBICAR,2132
199,2020-07-21 12:49:00,787.15,NSE,787.4,786.75,786.9,SBICAR,12989
200,2020-07-21 12:50:00,787.9,NSE,788.0,787.0,787.4,SBICAR,13192
201,2020-07-21 12:51:00,788.5,NSE,788.95,787.7,787.9,SBICAR,35236
202,2020-07-21 12:52:00,789.95,NSE,789.95,788.2,788.45,SBICAR,49058
203,2020-07-21 12:53:00,792.05,NSE,792.3,789.0,789.9,SBICAR,91355
204,2020-07-21 12:54:00,791.95,NSE,793.7,791.5,792.85,SBICAR,69875
205,2020-07-21 12:55:00,794.35,NSE,794.9,791.55,791.8,SBICAR,86183
206,2020-07-21 12:56:00,793.0,NSE,794.35,792.3,794.35,SBICAR,74775
207,2020-07-21 12:57:00,792.5,NSE,793.0,792.25,792.7,SBICAR,19633
208,2020-07-21 12:58:00,792.2,NSE,792.55,791.45,792.55,SBICAR,21723
209,2020-07-21 12:59:00,791.25,NSE,792.4,790.85,792.0,SBICAR,16203
210,2020-07-21 13:00:00,791.6,NSE,791.8,790.85,791.4,SBICAR,17023
211,2020-07-21 13:01:00,791.8,NSE,791.9,791.6,791.6,SBICAR,13400
212,2020-07-21 13:02:00,792.7,NSE,792.8,791.6,791.65,SBICAR,18123
213,2020-07-21 13:03:00,793.7,NSE,795.9,792.65,792.65,SBICAR,132112
214,2020-07-21 13:04:00,795.8,NSE,798.45,793.8,793.8,SBICAR,167672
215,2020-07-21 13:05:00,795.0,NSE,796.7,794.2,795.75,SBICAR,64848
216,2020-07-21 13:06:00,793.65,NSE,795.0,793.1,794.95,SBICAR,29922
217,2020-07-21 13:07:00,792.65,NSE,793.8,791.6,793.65,SBICAR,26190
218,2020-07-21 13:08:00,794.0,NSE,794.0,792.5,792.55,SBICAR,16875
219,2020-07-21 13:09:00,795.0,NSE,797.65,793.9,793.9,SBICAR,84223
220,2020-07-21 13:10:00,793.55,NSE,795.25,792.75,794.95,SBICAR,30134
221,2020-07-21 13:11:00,793.7,NSE,794.1,792.1,793.05,SBICAR,20267
222,2020-07-21 13:12:00,793.55,NSE,794.5,793.45,794.0,SBICAR,18650
223,2020-07-21 13:13:00,793.55,NSE,794.05,793.3,793.5,SBICAR,13525
224,2020-07-21 13:14:00,793.75,NSE,794.0,792.5,793.85,SBICAR,12596
225,2020-07-21 13:15:00,793.6,NSE,794.0,793.15,793.75,SBICAR,5443
226,2020-07-21 13:16:00,793.0,NSE,793.7,792.5,793.6,SBICAR,9483
227,2020-07-21 13:17:00,792.5,NSE,793.4,792.5,793.4,SBICAR,10095
228,2020-07-21 13:18:00,792.0,NSE,792.65,792.0,792.55,SBICAR,12546
229,2020-07-21 13:19:00,793.95,NSE,793.95,792.0,792.0,SBICAR,15034
230,2020-07-21 13:20:00,792.8,NSE,794.0,792.2,793.8,SBICAR,16678
231,2020-07-21 13:21:00,791.6,NSE,792.5,791.5,792.5,SBICAR,22036
232,2020-07-21 13:22:00,791.6,NSE,792.3,791.6,791.6,SBICAR,19647
233,2020-07-21 13:23:00,791.6,NSE,792.0,791.6,791.6,SBICAR,13030
234,2020-07-21 13:24:00,789.3,NSE,791.75,788.25,791.6,SBICAR,52037
235,2020-07-21 13:25:00,791.35,NSE,791.35,789.15,789.15,SBICAR,14137
236,2020-07-21 13:26:00,790.25,NSE,791.8,790.25,791.15,SBICAR,9767
237,2020-07-21 13:27:00,789.5,NSE,790.25,789.15,790.05,SBICAR,12365
238,2020-07-21 13:28:00,787.1,NSE,789.3,787.1,789.15,SBICAR,58686
239,2020-07-21 13:29:00,788.5,NSE,788.95,786.65,787.1,SBICAR,17881
240,2020-07-21 13:30:00,788.25,NSE,788.55,788.0,788.5,SBICAR,9482
241,2020-07-21 13:31:00,788.5,NSE,788.95,788.15,788.5,SBICAR,13406
242,2020-07-21 13:32:00,788.55,NSE,788.95,788.1,788.5,SBICAR,7507
243,2020-07-21 13:33:00,786.75,NSE,788.55,786.6,788.45,SBICAR,12567
244,2020-07-21 13:34:00,788.6,NSE,788.6,787.05,787.05,SBICAR,6345
245,2020-07-21 13:35:00,788.8,NSE,788.8,788.5,788.5,SBICAR,6265
246,2020-07-21 13:36:00,788.15,NSE,788.8,788.0,788.75,SBICAR,5056
247,2020-07-21 13:37:00,788.7,NSE,788.8,788.05,788.05,SBICAR,4580
248,2020-07-21 13:38:00,788.35,NSE,788.8,788.05,788.8,SBICAR,6966
249,2020-07-21 13:39:00,788.5,NSE,788.55,787.65,788.25,SBICAR,5731
250,2020-07-21 13:40:00,789.95,NSE,789.95,788.15,788.5,SBICAR,19930
251,2020-07-21 13:41:00,789.55,NSE,789.95,789.1,789.95,SBICAR,7896
252,2020-07-21 13:42:00,788.5,NSE,790.0,788.4,789.55,SBICAR,17748
253,2020-07-21 13:43:00,788.3,NSE,788.5,788.2,788.5,SBICAR,5837
254,2020-07-21 13:44:00,788.6,NSE,789.0,788.2,788.5,SBICAR,5421
255,2020-07-21 13:45:00,789.4,NSE,789.55,788.55,788.55,SBICAR,5002
256,2020-07-21 13:46:00,789.1,NSE,789.4,788.6,789.4,SBICAR,3739
257,2020-07-21 13:47:00,789.35,NSE,789.35,789.0,789.0,SBICAR,4647
258,2020-07-21 13:48:00,789.0,NSE,789.3,789.0,789.1,SBICAR,3907
259,2020-07-21 13:49:00,788.05,NSE,789.15,788.0,789.0,SBICAR,9132
260,2020-07-21 13:50:00,788.35,NSE,789.0,788.1,788.1,SBICAR,2776
261,2020-07-21 13:51:00,788.15,NSE,788.8,788.15,788.35,SBICAR,3685
262,2020-07-21 13:52:00,781.0,NSE,788.6,780.0,788.6,SBICAR,169382
263,2020-07-21 13:53:00,768.2,NSE,782.0,765.7,781.3,SBICAR,232006
264,2020-07-21 13:54:00,774.05,NSE,774.35,769.7,769.7,SBICAR,82034
265,2020-07-21 13:55:00,774.0,NSE,774.85,772.5,773.8,SBICAR,39783
266,2020-07-21 13:56:00,774.55,NSE,776.75,774.2,774.45,SBICAR,33021
267,2020-07-21 13:57:00,775.65,NSE,775.7,772.35,774.95,SBICAR,27043
268,2020-07-21 13:58:00,777.95,NSE,777.95,775.45,775.75,SBICAR,32789
269,2020-07-21 13:59:00,775.9,NSE,778.95,775.9,778.0,SBICAR,32735
270,2020-07-21 14:00:00,778.85,NSE,779.45,775.6,775.75,SBICAR,32188
271,2020-07-21 14:01:00,781.7,NSE,782.8,778.8,778.8,SBICAR,61149
272,2020-07-21 14:02:00,782.05,NSE,784.0,781.7,781.95,SBICAR,46350
273,2020-07-21 14:03:00,782.65,NSE,783.05,780.95,782.0,SBICAR,34007
274,2020-07-21 14:04:00,781.75,NSE,782.6,781.45,782.6,SBICAR,16308
275,2020-07-21 14:05:00,780.6,NSE,781.5,779.5,781.5,SBICAR,48207
276,2020-07-21 14:06:00,779.6,NSE,780.45,779.5,780.45,SBICAR,26173
277,2020-07-21 14:07:00,784.4,NSE,784.4,779.6,779.85,SBICAR,24895
278,2020-07-21 14:08:00,782.3,NSE,784.7,782.0,784.0,SBICAR,15103
279,2020-07-21 14:09:00,781.1,NSE,782.95,781.1,782.5,SBICAR,9726
280,2020-07-21 14:10:00,780.0,NSE,781.1,779.1,781.0,SBICAR,18477
281,2020-07-21 14:11:00,781.3,NSE,781.95,779.5,779.95,SBICAR,11735
282,2020-07-21 14:12:00,780.0,NSE,781.55,780.0,781.3,SBICAR,7746
283,2020-07-21 14:13:00,777.25,NSE,780.1,777.2,780.1,SBICAR,21867
284,2020-07-21 14:14:00,777.7,NSE,779.0,777.05,777.7,SBICAR,12529
285,2020-07-21 14:15:00,777.5,NSE,778.25,777.1,777.55,SBICAR,15516
286,2020-07-21 14:16:00,777.9,NSE,778.9,777.6,777.6,SBICAR,11877
287,2020-07-21 14:17:00,777.9,NSE,777.95,777.7,777.9,SBICAR,10322
288,2020-07-21 14:18:00,777.85,NSE,777.95,777.75,777.9,SBICAR,11136
289,2020-07-21 14:19:00,776.5,NSE,777.9,776.35,777.8,SBICAR,15406
290,2020-07-21 14:20:00,777.5,NSE,777.8,775.4,776.3,SBICAR,25244
291,2020-07-21 14:21:00,779.0,NSE,779.0,777.5,777.65,SBICAR,18943
292,2020-07-21 14:22:00,778.2,NSE,779.95,778.2,778.9,SBICAR,10093
293,2020-07-21 14:23:00,777.0,NSE,778.25,777.0,778.2,SBICAR,9862
294,2020-07-21 14:24:00,776.55,NSE,777.5,776.3,777.1,SBICAR,11219
295,2020-07-21 14:25:00,776.65,NSE,777.45,776.5,776.55,SBICAR,8402
296,2020-07-21 14:26:00,778.95,NSE,779.0,776.65,776.8,SBICAR,16047
297,2020-07-21 14:27:00,778.75,NSE,779.5,778.6,778.95,SBICAR,13085
298,2020-07-21 14:28:00,778.4,NSE,778.9,778.0,778.8,SBICAR,11213
299,2020-07-21 14:29:00,778.35,NSE,779.0,778.25,778.3,SBICAR,5016
300,2020-07-21 14:30:00,778.4,NSE,778.5,778.0,778.35,SBICAR,8381
301,2020-07-21 14:31:00,778.05,NSE,778.75,778.0,778.45,SBICAR,5753
302,2020-07-21 14:32:00,777.55,NSE,778.25,777.55,778.05,SBICAR,7445
303,2020-07-21 14:33:00,777.95,NSE,778.0,777.45,777.6,SBICAR,5437
304,2020-07-21 14:34:00,779.2,NSE,779.2,777.7,777.9,SBICAR,8075
305,2020-07-21 14:35:00,779.75,NSE,780.0,779.1,779.2,SBICAR,18859
306,2020-07-21 14:36:00,778.45,NSE,779.75,778.4,779.75,SBICAR,6106
307,2020-07-21 14:37:00,778.95,NSE,778.95,778.25,778.5,SBICAR,4905
308,2020-07-21 14:38:00,779.1,NSE,779.65,778.65,778.85,SBICAR,4114
309,2020-07-21 14:39:00,779.0,NSE,779.4,778.5,779.35,SBICAR,6218
310,2020-07-21 14:40:00,779.6,NSE,779.6,778.6,778.8,SBICAR,6668
311,2020-07-21 14:41:00,779.95,NSE,780.0,779.55,779.55,SBICAR,9345
312,2020-07-21 14:42:00,779.9,NSE,781.9,779.7,779.85,SBICAR,24126
313,2020-07-21 14:43:00,780.5,NSE,780.95,780.05,780.2,SBICAR,8735
314,2020-07-21 14:44:00,780.05,NSE,780.55,780.05,780.55,SBICAR,7755
315,2020-07-21 14:45:00,779.15,NSE,780.15,779.0,780.05,SBICAR,11663
316,2020-07-21 14:46:00,779.45,NSE,779.9,779.05,779.15,SBICAR,5747
317,2020-07-21 14:47:00,779.95,NSE,779.95,779.0,779.0,SBICAR,9918
318,2020-07-21 14:48:00,779.85,NSE,780.0,779.75,779.85,SBICAR,13869
319,2020-07-21 14:49:00,779.35,NSE,780.0,779.1,779.8,SBICAR,5466
320,2020-07-21 14:50:00,778.2,NSE,779.35,778.05,779.05,SBICAR,13269
321,2020-07-21 14:51:00,777.55,NSE,778.95,777.4,778.2,SBICAR,11516
322,2020-07-21 14:52:00,777.55,NSE,777.95,777.15,777.9,SBICAR,7258
323,2020-07-21 14:53:00,779.35,NSE,779.7,777.55,777.9,SBICAR,8468
324,2020-07-21 14:54:00,778.05,NSE,779.6,778.0,779.6,SBICAR,5602
325,2020-07-21 14:55:00,778.6,NSE,778.9,778.05,778.05,SBICAR,3329
326,2020-07-21 14:56:00,778.35,NSE,779.5,778.2,778.6,SBICAR,11073
327,2020-07-21 14:57:00,778.4,NSE,778.5,778.3,778.3,SBICAR,4644
328,2020-07-21 14:58:00,777.65,NSE,778.45,777.65,778.3,SBICAR,6353
329,2020-07-21 14:59:00,777.55,NSE,777.9,777.5,777.65,SBICAR,6622
330,2020-07-21 15:00:00,774.8,NSE,777.55,773.9,777.5,SBICAR,51182
331,2020-07-21 15:01:00,772.9,NSE,774.95,772.6,774.9,SBICAR,20923
332,2020-07-21 15:02:00,773.75,NSE,773.75,772.65,772.9,SBICAR,22106
333,2020-07-21 15:03:00,772.95,NSE,773.8,772.15,773.6,SBICAR,13509
334,2020-07-21 15:04:00,773.55,NSE,773.85,772.45,772.9,SBICAR,16892
335,2020-07-21 15:05:00,774.1,NSE,774.1,773.5,773.5,SBICAR,19258
336,2020-07-21 15:06:00,775.35,NSE,775.8,773.75,774.05,SBICAR,33679
337,2020-07-21 15:07:00,777.2,NSE,777.8,776.05,776.5,SBICAR,23836
338,2020-07-21 15:08:00,776.5,NSE,777.4,776.5,777.2,SBICAR,27996
339,2020-07-21 15:09:00,775.25,NSE,776.7,775.2,776.5,SBICAR,11490
340,2020-07-21 15:10:00,773.7,NSE,775.55,773.5,775.25,SBICAR,21120
341,2020-07-21 15:11:00,776.7,NSE,776.9,773.6,773.65,SBICAR,32834
342,2020-07-21 15:12:00,776.65,NSE,776.95,776.3,776.7,SBICAR,12296
343,2020-07-21 15:13:00,779.4,NSE,779.45,776.45,776.45,SBICAR,37332
344,2020-07-21 15:14:00,778.35,NSE,779.6,777.75,779.45,SBICAR,27248
345,2020-07-21 15:15:00,779.3,NSE,779.45,778.3,778.65,SBICAR,32935
346,2020-07-21 15:16:00,778.95,NSE,779.45,778.5,779.25,SBICAR,20030
347,2020-07-21 15:17:00,778.0,NSE,778.95,778.0,778.95,SBICAR,18403
348,2020-07-21 15:18:00,780.0,NSE,780.0,778.0,778.0,SBICAR,50630
349,2020-07-21 15:19:00,780.0,NSE,780.25,779.2,780.05,SBICAR,34898
350,2020-07-21 15:20:00,780.0,NSE,780.2,779.2,780.0,SBICAR,46018
351,2020-07-21 15:21:00,780.0,NSE,780.6,779.1,780.05,SBICAR,40160
352,2020-07-21 15:22:00,779.8,NSE,780.0,779.6,780.0,SBICAR,19761
353,2020-07-21 15:23:00,778.6,NSE,779.8,778.55,779.8,SBICAR,49652
354,2020-07-21 15:24:00,777.25,NSE,778.6,776.7,778.6,SBICAR,30101
355,2020-07-21 15:25:00,776.25,NSE,778.45,776.2,777.65,SBICAR,42710
356,2020-07-21 15:26:00,776.6,NSE,777.7,776.05,776.1,SBICAR,30183
357,2020-07-21 15:27:00,776.0,NSE,777.0,775.75,777.0,SBICAR,29855
358,2020-07-21 15:28:00,775.0,NSE,776.0,774.65,776.0,SBICAR,48037
359,2020-07-21 15:29:00,775.5,NSE,775.95,775.0,775.5,SBICAR,36335
