,datetime,close,exchange_code,high,low,open,stock_code,volume
0,2022-03-22 09:30:00,830.3,NSE,831.15,830.0,831.0,SBICAR,4731
1,2022-03-22 09:31:00,831.95,NSE,832.0,829.2,830.4,SBICAR,14026
2,2022-03-22 09:32:00,829.95,NSE,832.0,829.9,832.0,SBICAR,2828
3,2022-03-22 09:33:00,829.65,NSE,830.35,828.2,830.3,SBICAR,5133
4,2022-03-22 09:34:00,829.15,NSE,829.65,828.5,829.65,SBICAR,6544
5,2022-03-22 09:35:00,828.5,NSE,829.45,827.35,829.15,SBICAR,5662
6,2022-03-22 09:36:00,830.8,NSE,830.95,828.15,828.5,SBICAR,15245
7,2022-03-22 09:37:00,831.95,NSE,832.0,830.8,831.0,SBICAR,11171
8,2022-03-22 09:38:00,830.25,NSE,831.95,829.6,831.95,SBICAR,3917
9,2022-03-22 09:39:00,829.2,NSE,830.25,829.05,830.05,SBICAR,3637
10,2022-03-22 09:40:00,829.9,NSE,830.0,829.0,829.5,SBICAR,3581
11,2022-03-22 09:41:00,829.65,NSE,829.9,829.5,829.9,SBICAR,969
12,2022-03-22 09:42:00,829.55,NSE,829.7,829.25,829.65,SBICAR,925
13,2022-03-22 09:43:00,829.05,NSE,829.7,829.0,829.55,SBICAR,638
14,2022-03-22 09:44:00,829.0,NSE,829.35,828.1,829.35,SBICAR,8864
15,2022-03-22 09:45:00,829.1,NSE,829.35,829.0,829.05,SBICAR,2288
16,2022-03-22 09:46:00,829.05,NSE,829.35,829.0,829.3,SBICAR,1836
17,2022-03-22 09:47:00,829.1,NSE,829.5,829.1,829.15,SBICAR,5337
18,2022-03-22 09:48:00,829.8,NSE,829.9,829.15,829.15,SBICAR,2997
19,2022-03-22 09:49:00,829.65,NSE,829.85,829.5,829.85,SBICAR,772
20,2022-03-22 09:50:00,829.15,NSE,829.7,829.15,829.6,SBICAR,2065
21,2022-03-22 09:51:00,829.3,NSE,829.3,829.1,829.2,SBICAR,2520
22,2022-03-22 09:52:00,829.3,NSE,829.3,829.0,829.25,SBICAR,3695
23,2022-03-22 09:53:00,828.8,NSE,829.3,828.8,829.15,SBICAR,2181
24,2022-03-22 09:54:00,828.45,NSE,828.95,828.45,828.8,SBICAR,956
25,2022-03-22 09:55:00,827.95,NSE,828.8,827.65,828.8,SBICAR,4082
26,2022-03-22 09:56:00,828.4,NSE,828.5,827.55,827.55,SBICAR,3396
27,2022-03-22 09:57:00,829.7,NSE,829.95,828.05,828.5,SBICAR,5432
28,2022-03-22 09:58:00,828.95,NSE,829.85,828.95,829.5,SBICAR,1861
29,2022-03-22 09:59:00,829.0,NSE,829.4,828.95,828.95,SBICAR,2200
30,2022-03-22 10:00:00,829.2,NSE,829.3,828.95,829.0,SBICAR,1463
31,2022-03-22 10:01:00,830.0,NSE,830.0,829.0,829.2,SBICAR,7255
32,2022-03-22 10:02:00,829.05,NSE,830.0,829.0,829.9,SBICAR,3936
33,2022-03-22 10:03:00,829.45,NSE,829.65,829.0,829.05,SBICAR,2940
34,2022-03-22 10:04:00,829.3,NSE,829.6,829.0,829.4,SBICAR,654
35,2022-03-22 10:05:00,829.4,NSE,829.45,829.0,829.3,SBICAR,588
36,2022-03-22 10:06:00,829.8,NSE,830.45,829.0,829.05,SBICAR,18891
37,2022-03-22 10:07:00,830.0,NSE,830.0,829.35,829.95,SBICAR,29177
38,2022-03-22 10:08:00,831.45,NSE,831.9,830.0,830.0,SBICAR,18157
39,2022-03-22 10:09:00,831.1,NSE,831.5,830.6,831.45,SBICAR,1492
40,2022-03-22 10:10:00,830.9,NSE,831.1,830.65,831.0,SBICAR,1063
41,2022-03-22 10:11:00,830.9,NSE,830.9,830.0,830.9,SBICAR,4409
42,2022-03-22 10:12:00,830.0,NSE,830.85,829.95,830.85,SBICAR,1898
43,2022-03-22 10:13:00,829.75,NSE,830.15,829.55,830.0,SBICAR,2934
44,2022-03-22 10:14:00,829.4,NSE,829.95,829.35,829.8,SBICAR,772
45,2022-03-22 10:15:00,829.0,NSE,829.6,829.0,829.6,SBICAR,3001
46,2022-03-22 10:16:00,830.0,NSE,830.05,829.0,829.0,SBICAR,4971
47,2022-03-22 10:17:00,829.85,NSE,830.0,829.55,829.95,SBICAR,580
48,2022-03-22 10:18:00,829.65,NSE,829.85,829.3,829.85,SBICAR,1250
49,2022-03-22 10:19:00,829.5,NSE,829.65,829.3,829.65,SBICAR,873
50,2022-03-22 10:20:00,829.5,NSE,829.7,829.35,829.5,SBICAR,751
51,2022-03-22 10:21:00,829.3,NSE,829.5,829.25,829.5,SBICAR,2326
52,2022-03-22 10:22:00,829.2,NSE,829.3,829.05,829.3,SBICAR,883
53,2022-03-22 10:23:00,829.0,NSE,829.2,829.0,829.2,SBICAR,577
54,2022-03-22 10:24:00,829.2,NSE,829.2,829.0,829.0,SBICAR,557
55,2022-03-22 10:25:00,829.9,NSE,830.0,829.2,829.2,SBICAR,2313
56,2022-03-22 10:26:00,829.3,NSE,829.9,829.3,829.9,SBICAR,2005
57,2022-03-22 10:27:00,830.0,NSE,830.0,829.05,829.3,SBICAR,4153
58,2022-03-22 10:28:00,829.75,NSE,830.25,829.75,830.0,SBICAR,7095
59,2022-03-22 10:29:00,829.75,NSE,830.0,829.5,830.0,SBICAR,2078
60,2022-03-22 10:30:00,829.9,NSE,830.1,829.7,829.7,SBICAR,2392
61,2022-03-22 10:31:00,829.05,NSE,830.0,829.05,829.9,SBICAR,1902
62,2022-03-22 10:32:00,829.15,NSE,829.85,829.1,829.35,SBICAR,1754
63,2022-03-22 10:33:00,829.55,NSE,829.55,829.1,829.15,SBICAR,1079
64,2022-03-22 10:34:00,829.3,NSE,829.55,829.15,829.55,SBICAR,557
65,2022-03-22 10:35:00,829.1,NSE,829.55,829.0,829.3,SBICAR,1797
66,2022-03-22 10:36:00,829.15,NSE,829.55,829.0,829.1,SBICAR,1089
67,2022-03-22 10:37:00,829.0,NSE,829.6,829.0,829.55,SBICAR,2890
68,2022-03-22 10:38:00,829.2,NSE,829.4,829.0,829.05,SBICAR,1116
69,2022-03-22 10:39:00,829.15,NSE,829.2,828.8,829.2,SBICAR,3704
70,2022-03-22 10:40:00,829.1,NSE,829.15,829.0,829.15,SBICAR,514
71,2022-03-22 10:41:00,829.0,NSE,829.1,829.0,829.1,SBICAR,619
72,2022-03-22 10:42:00,829.0,NSE,829.1,829.0,829.1,SBICAR,539
73,2022-03-22 10:43:00,829.45,NSE,829.65,829.0,829.1,SBICAR,3939
74,2022-03-22 10:44:00,829.25,NSE,829.45,829.0,829.45,SBICAR,620
75,2022-03-22 10:45:00,829.45,NSE,829.5,829.0,829.25,SBICAR,2736
76,2022-03-22 10:46:00,829.45,NSE,829.5,829.05,829.5,SBICAR,476
77,2022-03-22 10:47:00,829.2,NSE,829.5,829.2,829.5,SBICAR,1111
78,2022-03-22 10:48:00,829.75,NSE,829.8,829.2,829.25,SBICAR,1715
79,2022-03-22 10:49:00,829.7,NSE,829.75,829.25,829.7,SBICAR,884
80,2022-03-22 10:50:00,829.7,NSE,829.7,829.4,829.65,SBICAR,479
81,2022-03-22 10:51:00,829.7,NSE,829.7,829.4,829.7,SBICAR,372
82,2022-03-22 10:52:00,829.6,NSE,829.65,829.2,829.45,SBICAR,2078
83,2022-03-22 10:53:00,829.45,NSE,829.6,829.2,829.55,SBICAR,739
84,2022-03-22 10:54:00,828.5,NSE,829.45,828.0,829.45,SBICAR,3593
85,2022-03-22 10:55:00,828.3,NSE,828.3,827.8,828.0,SBICAR,1028
86,2022-03-22 10:56:00,828.85,NSE,829.2,827.7,828.1,SBICAR,4391
87,2022-03-22 10:57:00,828.4,NSE,829.25,828.4,828.85,SBICAR,1123
88,2022-03-22 10:58:00,828.45,NSE,828.95,828.25,828.4,SBICAR,2798
89,2022-03-22 10:59:00,828.4,NSE,828.7,828.4,828.7,SBICAR,1415
90,2022-03-22 11:00:00,829.35,NSE,829.35,828.4,828.4,SBICAR,4103
91,2022-03-22 11:01:00,829.85,NSE,830.0,829.0,829.35,SBICAR,1608
92,2022-03-22 11:02:00,829.35,NSE,829.85,829.35,829.45,SBICAR,503
93,2022-03-22 11:03:00,829.5,NSE,829.75,829.2,829.7,SBICAR,683
94,2022-03-22 11:04:00,829.2,NSE,829.75,828.8,829.75,SBICAR,1035
95,2022-03-22 11:05:00,829.0,NSE,829.2,828.75,828.8,SBICAR,856
96,2022-03-22 11:06:00,828.85,NSE,829.1,828.85,829.1,SBICAR,944
97,2022-03-22 11:07:00,829.75,NSE,829.75,828.7,828.85,SBICAR,3650
98,2022-03-22 11:08:00,829.75,NSE,829.75,829.0,829.75,SBICAR,1905
99,2022-03-22 11:09:00,829.55,NSE,829.75,829.25,829.75,SBICAR,1096
100,2022-03-22 11:10:00,829.3,NSE,829.55,829.25,829.25,SBICAR,607
101,2022-03-22 11:11:00,829.0,NSE,829.45,828.75,829.3,SBICAR,1454
102,2022-03-22 11:12:00,829.4,NSE,829.6,828.85,828.85,SBICAR,865
103,2022-03-22 11:13:00,829.1,NSE,829.4,829.0,829.4,SBICAR,475
104,2022-03-22 11:14:00,829.45,NSE,829.75,829.05,829.1,SBICAR,3791
105,2022-03-22 11:15:00,829.0,NSE,829.75,829.0,829.5,SBICAR,450
106,2022-03-22 11:16:00,829.0,NSE,829.1,829.0,829.0,SBICAR,403
107,2022-03-22 11:17:00,829.0,NSE,829.1,829.0,829.1,SBICAR,412
108,2022-03-22 11:18:00,829.7,NSE,829.9,829.0,829.1,SBICAR,1398
109,2022-03-22 11:19:00,829.25,NSE,829.7,829.0,829.7,SBICAR,659
110,2022-03-22 11:20:00,829.25,NSE,829.25,829.0,829.25,SBICAR,372
111,2022-03-22 11:21:00,828.15,NSE,829.25,828.15,829.25,SBICAR,3094
112,2022-03-22 11:22:00,828.8,NSE,828.9,828.1,828.15,SBICAR,978
113,2022-03-22 11:23:00,829.0,NSE,829.2,828.8,828.8,SBICAR,1331
114,2022-03-22 11:24:00,829.6,NSE,829.6,829.0,829.2,SBICAR,1407
115,2022-03-22 11:25:00,829.3,NSE,829.9,829.3,829.85,SBICAR,2062
116,2022-03-22 11:26:00,829.3,NSE,829.3,829.05,829.3,SBICAR,685
117,2022-03-22 11:27:00,829.3,NSE,829.5,829.05,829.05,SBICAR,907
118,2022-03-22 11:28:00,829.45,NSE,829.5,829.15,829.5,SBICAR,569
119,2022-03-22 11:29:00,829.0,NSE,829.45,829.0,829.45,SBICAR,1747
120,2022-03-22 11:30:00,829.9,NSE,829.95,829.0,829.0,SBICAR,5758
121,2022-03-22 11:31:00,829.05,NSE,829.95,829.05,829.9,SBICAR,2558
122,2022-03-22 11:32:00,829.5,NSE,829.5,829.05,829.4,SBICAR,852
123,2022-03-22 11:33:00,829.4,NSE,829.5,829.0,829.5,SBICAR,659
124,2022-03-22 11:34:00,829.1,NSE,829.4,829.0,829.4,SBICAR,500
125,2022-03-22 11:35:00,829.4,NSE,829.4,828.85,829.3,SBICAR,102751
126,2022-03-22 11:36:00,829.0,NSE,829.4,828.6,829.15,SBICAR,952
127,2022-03-22 11:37:00,829.0,NSE,829.35,828.8,829.25,SBICAR,641
128,2022-03-22 11:38:00,829.5,NSE,829.5,828.8,829.2,SBICAR,2979
129,2022-03-22 11:39:00,829.45,NSE,829.5,829.2,829.5,SBICAR,1627
130,2022-03-22 11:40:00,829.2,NSE,829.45,829.0,829.45,SBICAR,421
131,2022-03-22 11:41:00,828.45,NSE,829.2,828.35,829.2,SBICAR,1372
132,2022-03-22 11:42:00,828.6,NSE,829.05,828.5,828.75,SBICAR,705
133,2022-03-22 11:43:00,829.1,NSE,829.1,828.6,828.6,SBICAR,652
134,2022-03-22 11:44:00,829.25,NSE,829.5,828.8,829.45,SBICAR,1636
135,2022-03-22 11:45:00,829.05,NSE,829.5,828.9,829.25,SBICAR,2121
136,2022-03-22 11:46:00,828.45,NSE,829.3,828.45,829.3,SBICAR,2410
137,2022-03-22 11:47:00,828.45,NSE,828.5,828.1,828.1,SBICAR,3392
138,2022-03-22 11:48:00,828.4,NSE,828.6,828.4,828.4,SBICAR,347
139,2022-03-22 11:49:00,828.45,NSE,828.6,828.4,828.4,SBICAR,554
140,2022-03-22 11:50:00,828.05,NSE,828.45,828.0,828.45,SBICAR,345
141,2022-03-22 11:51:00,827.05,NSE,828.3,827.0,828.05,SBICAR,2493
142,2022-03-22 11:52:00,826.5,NSE,827.3,826.4,827.05,SBICAR,1362
143,2022-03-22 11:53:00,826.7,NSE,826.8,826.0,826.8,SBICAR,2338
144,2022-03-22 11:54:00,826.7,NSE,826.75,826.15,826.6,SBICAR,1068
145,2022-03-22 11:55:00,826.05,NSE,826.55,826.0,826.15,SBICAR,1161
146,2022-03-22 11:56:00,826.0,NSE,826.5,826.0,826.05,SBICAR,278
147,2022-03-22 11:57:00,825.6,NSE,826.55,825.55,826.1,SBICAR,2143
148,2022-03-22 11:58:00,826.2,NSE,826.5,825.1,825.95,SBICAR,4519
149,2022-03-22 11:59:00,826.45,NSE,826.55,825.7,826.5,SBICAR,893
150,2022-03-22 12:00:00,826.5,NSE,826.75,826.1,826.75,SBICAR,948
151,2022-03-22 12:01:00,825.95,NSE,826.75,825.55,826.5,SBICAR,691
152,2022-03-22 12:02:00,826.2,NSE,826.75,825.55,825.55,SBICAR,2768
153,2022-03-22 12:03:00,826.2,NSE,826.6,826.2,826.35,SBICAR,591
154,2022-03-22 12:04:00,827.0,NSE,827.0,826.2,826.55,SBICAR,862
155,2022-03-22 12:05:00,826.4,NSE,827.0,826.15,827.0,SBICAR,2076
156,2022-03-22 12:06:00,826.85,NSE,827.0,826.15,826.15,SBICAR,2280
157,2022-03-22 12:07:00,826.8,NSE,826.85,826.45,826.85,SBICAR,426
158,2022-03-22 12:08:00,826.75,NSE,826.8,826.45,826.45,SBICAR,519
159,2022-03-22 12:09:00,827.3,NSE,827.35,826.45,826.75,SBICAR,1294
160,2022-03-22 12:10:00,826.95,NSE,827.55,826.9,827.0,SBICAR,949
161,2022-03-22 12:11:00,827.0,NSE,827.3,826.95,827.3,SBICAR,342
162,2022-03-22 12:12:00,827.05,NSE,827.5,827.0,827.25,SBICAR,666
163,2022-03-22 12:13:00,828.3,NSE,828.3,827.0,827.0,SBICAR,2259
164,2022-03-22 12:14:00,828.05,NSE,828.6,827.5,828.15,SBICAR,3803
165,2022-03-22 12:15:00,827.75,NSE,828.35,827.75,828.35,SBICAR,506
166,2022-03-22 12:16:00,827.45,NSE,828.0,827.45,828.0,SBICAR,408
167,2022-03-22 12:17:00,827.8,NSE,827.95,827.3,827.3,SBICAR,530
168,2022-03-22 12:18:00,827.2,NSE,827.9,826.75,827.9,SBICAR,2701
169,2022-03-22 12:19:00,827.3,NSE,827.8,827.0,827.2,SBICAR,2172
170,2022-03-22 12:20:00,827.35,NSE,828.2,827.25,827.3,SBICAR,1896
171,2022-03-22 12:21:00,827.15,NSE,827.85,827.15,827.85,SBICAR,757
172,2022-03-22 12:22:00,827.0,NSE,827.15,826.95,827.05,SBICAR,285
173,2022-03-22 12:23:00,826.15,NSE,827.0,826.1,827.0,SBICAR,706
174,2022-03-22 12:24:00,826.1,NSE,826.4,826.0,826.1,SBICAR,515
175,2022-03-22 12:25:00,827.15,NSE,827.25,826.0,826.0,SBICAR,1424
176,2022-03-22 12:26:00,826.85,NSE,827.45,826.5,827.15,SBICAR,847
177,2022-03-22 12:27:00,828.25,NSE,828.3,826.8,826.85,SBICAR,2240
178,2022-03-22 12:28:00,828.15,NSE,828.2,827.5,827.8,SBICAR,1373
179,2022-03-22 12:29:00,827.5,NSE,828.0,827.5,827.75,SBICAR,360
180,2022-03-22 12:30:00,827.2,NSE,828.2,827.15,827.75,SBICAR,1962
181,2022-03-22 12:31:00,826.45,NSE,827.5,826.1,827.15,SBICAR,1809
182,2022-03-22 12:32:00,826.4,NSE,827.1,825.65,826.0,SBICAR,2583
183,2022-03-22 12:33:00,825.55,NSE,826.85,825.55,826.4,SBICAR,2276
184,2022-03-22 12:34:00,825.35,NSE,826.0,825.35,825.6,SBICAR,473
185,2022-03-22 12:35:00,825.25,NSE,825.8,825.15,825.8,SBICAR,376
186,2022-03-22 12:36:00,825.5,NSE,826.15,825.15,825.25,SBICAR,2337
187,2022-03-22 12:37:00,825.3,NSE,825.9,825.2,825.5,SBICAR,2341
188,2022-03-22 12:38:00,825.95,NSE,825.95,825.2,825.3,SBICAR,480
189,2022-03-22 12:39:00,826.15,NSE,826.15,825.25,825.95,SBICAR,726
190,2022-03-22 12:40:00,826.9,NSE,827.1,825.85,826.15,SBICAR,3735
191,2022-03-22 12:41:00,827.55,NSE,828.0,827.1,827.1,SBICAR,1296
192,2022-03-22 12:42:00,828.75,NSE,828.85,827.5,827.95,SBICAR,1716
193,2022-03-22 12:43:00,828.7,NSE,828.95,828.35,828.5,SBICAR,877
194,2022-03-22 12:44:00,829.5,NSE,829.5,828.5,828.55,SBICAR,1836
195,2022-03-22 12:45:00,830.0,NSE,830.0,828.6,829.35,SBICAR,1776
196,2022-03-22 12:46:00,829.75,NSE,830.0,829.1,829.6,SBICAR,1019
197,2022-03-22 12:47:00,829.5,NSE,829.75,829.5,829.75,SBICAR,1524
198,2022-03-22 12:48:00,829.2,NSE,829.75,829.0,829.75,SBICAR,733
199,2022-03-22 12:49:00,829.25,NSE,829.4,829.0,829.2,SBICAR,632
200,2022-03-22 12:50:00,830.0,NSE,830.0,829.25,829.25,SBICAR,9250
201,2022-03-22 12:51:00,829.55,NSE,830.0,829.2,830.0,SBICAR,961
202,2022-03-22 12:52:00,829.55,NSE,829.85,829.0,829.55,SBICAR,490
203,2022-03-22 12:53:00,829.45,NSE,829.85,829.0,829.15,SBICAR,1024
204,2022-03-22 12:54:00,829.85,NSE,830.1,829.45,829.8,SBICAR,4377
205,2022-03-22 12:55:00,829.5,NSE,830.0,829.2,829.85,SBICAR,1142
206,2022-03-22 12:56:00,829.2,NSE,829.6,829.0,829.5,SBICAR,453
207,2022-03-22 12:57:00,829.25,NSE,829.6,829.2,829.2,SBICAR,441
208,2022-03-22 12:58:00,829.95,NSE,829.95,829.1,829.25,SBICAR,5202
209,2022-03-22 12:59:00,829.8,NSE,829.95,829.55,829.85,SBICAR,933
210,2022-03-22 13:00:00,829.95,NSE,830.9,829.8,829.8,SBICAR,19288
211,2022-03-22 13:01:00,830.0,NSE,830.0,829.45,829.95,SBICAR,1887
212,2022-03-22 13:02:00,829.65,NSE,829.9,829.45,829.9,SBICAR,394
213,2022-03-22 13:03:00,829.55,NSE,829.8,829.2,829.5,SBICAR,2014
214,2022-03-22 13:04:00,829.9,NSE,830.0,829.3,829.55,SBICAR,1675
215,2022-03-22 13:05:00,829.8,NSE,830.75,829.6,829.95,SBICAR,21463
216,2022-03-22 13:06:00,830.9,NSE,830.95,829.8,829.8,SBICAR,8221
217,2022-03-22 13:07:00,830.95,NSE,830.95,830.65,830.65,SBICAR,1081
218,2022-03-22 13:08:00,830.7,NSE,830.95,830.7,830.95,SBICAR,1522
219,2022-03-22 13:09:00,830.7,NSE,830.95,830.6,830.7,SBICAR,1135
220,2022-03-22 13:10:00,832.0,NSE,832.0,831.1,831.1,SBICAR,10205
221,2022-03-22 13:11:00,831.8,NSE,832.0,831.75,832.0,SBICAR,5516
222,2022-03-22 13:12:00,833.7,NSE,834.0,833.2,833.2,SBICAR,6620
223,2022-03-22 13:13:00,835.0,NSE,836.1,833.65,834.0,SBICAR,11151
224,2022-03-22 13:14:00,835.2,NSE,835.6,834.7,835.2,SBICAR,1096
225,2022-03-22 13:15:00,835.0,NSE,835.85,834.8,835.55,SBICAR,11888
226,2022-03-22 13:16:00,834.75,NSE,834.9,834.0,834.0,SBICAR,3372
227,2022-03-22 13:17:00,834.4,NSE,834.45,833.7,834.0,SBICAR,2785
228,2022-03-22 13:18:00,834.25,NSE,834.65,834.0,834.35,SBICAR,3198
229,2022-03-22 13:19:00,833.9,NSE,834.25,833.5,834.2,SBICAR,1686
230,2022-03-22 13:20:00,834.5,NSE,835.0,833.5,833.5,SBICAR,11353
231,2022-03-22 13:21:00,834.2,NSE,834.5,834.1,834.5,SBICAR,973
232,2022-03-22 13:22:00,834.15,NSE,834.4,833.55,833.75,SBICAR,2014
233,2022-03-22 13:23:00,834.0,NSE,834.45,833.9,834.0,SBICAR,2114
234,2022-03-22 13:24:00,834.0,NSE,834.4,833.95,834.35,SBICAR,692
235,2022-03-22 13:25:00,834.65,NSE,834.95,833.95,834.0,SBICAR,2790
236,2022-03-22 13:26:00,834.05,NSE,834.9,833.65,834.65,SBICAR,1304
237,2022-03-22 13:27:00,834.4,NSE,834.55,833.75,834.35,SBICAR,1664
238,2022-03-22 13:28:00,834.5,NSE,834.6,833.9,834.05,SBICAR,1048
239,2022-03-22 13:29:00,834.35,NSE,834.5,834.0,834.5,SBICAR,1602
240,2022-03-22 13:30:00,834.0,NSE,834.35,833.75,834.35,SBICAR,4011
241,2022-03-22 13:31:00,833.9,NSE,834.0,833.75,833.8,SBICAR,899
242,2022-03-22 13:32:00,833.85,NSE,834.0,833.5,833.9,SBICAR,861
243,2022-03-22 13:33:00,834.1,NSE,834.45,833.6,833.85,SBICAR,1062
244,2022-03-22 13:34:00,834.45,NSE,834.45,834.1,834.45,SBICAR,848
245,2022-03-22 13:35:00,834.0,NSE,834.45,833.8,834.45,SBICAR,2053
246,2022-03-22 13:36:00,834.4,NSE,834.4,833.8,834.0,SBICAR,1467
247,2022-03-22 13:37:00,834.35,NSE,834.4,834.25,834.4,SBICAR,635
248,2022-03-22 13:38:00,834.35,NSE,834.45,834.25,834.45,SBICAR,393
249,2022-03-22 13:39:00,834.35,NSE,834.35,834.05,834.25,SBICAR,1320
250,2022-03-22 13:40:00,832.85,NSE,834.35,832.85,834.15,SBICAR,1412
251,2022-03-22 13:41:00,833.2,NSE,833.5,832.7,832.7,SBICAR,2703
252,2022-03-22 13:42:00,833.9,NSE,833.95,833.5,833.55,SBICAR,1135
253,2022-03-22 13:43:00,833.95,NSE,834.1,833.5,833.85,SBICAR,2742
254,2022-03-22 13:44:00,833.5,NSE,834.35,833.5,834.1,SBICAR,1640
255,2022-03-22 13:45:00,833.9,NSE,833.9,833.7,833.8,SBICAR,493
256,2022-03-22 13:46:00,833.95,NSE,834.35,833.55,833.75,SBICAR,4226
257,2022-03-22 13:47:00,833.5,NSE,833.95,833.2,833.95,SBICAR,506
258,2022-03-22 13:48:00,834.5,NSE,834.5,833.4,833.5,SBICAR,3151
259,2022-03-22 13:49:00,834.05,NSE,834.5,833.8,834.5,SBICAR,1410
260,2022-03-22 13:50:00,833.9,NSE,834.45,833.75,834.05,SBICAR,1197
261,2022-03-22 13:51:00,833.95,NSE,834.3,833.75,833.75,SBICAR,1578
262,2022-03-22 13:52:00,834.0,NSE,834.4,833.75,834.0,SBICAR,585
263,2022-03-22 13:53:00,833.9,NSE,834.0,833.5,833.8,SBICAR,1048
264,2022-03-22 13:54:00,833.5,NSE,833.9,833.5,833.55,SBICAR,560
265,2022-03-22 13:55:00,834.05,NSE,834.5,833.5,833.5,SBICAR,1462
266,2022-03-22 13:56:00,834.2,NSE,834.2,833.5,834.05,SBICAR,3058
267,2022-03-22 13:57:00,833.5,NSE,834.25,833.5,834.2,SBICAR,633
268,2022-03-22 13:58:00,834.0,NSE,834.0,833.0,833.5,SBICAR,4988
269,2022-03-22 13:59:00,834.05,NSE,834.15,833.65,834.0,SBICAR,540
270,2022-03-22 14:00:00,834.55,NSE,834.85,834.3,834.8,SBICAR,1233
271,2022-03-22 14:01:00,833.9,NSE,834.55,833.55,834.3,SBICAR,1540
272,2022-03-22 14:02:00,834.3,NSE,834.3,833.65,833.9,SBICAR,1388
273,2022-03-22 14:03:00,834.3,NSE,834.3,834.2,834.3,SBICAR,517
274,2022-03-22 14:04:00,834.3,NSE,834.5,834.2,834.3,SBICAR,690
275,2022-03-22 14:05:00,834.6,NSE,834.75,834.2,834.2,SBICAR,3542
276,2022-03-22 14:06:00,834.5,NSE,834.6,834.0,834.6,SBICAR,695
277,2022-03-22 14:07:00,834.5,NSE,834.5,834.0,834.45,SBICAR,688
278,2022-03-22 14:08:00,834.5,NSE,834.55,834.1,834.45,SBICAR,1719
279,2022-03-22 14:09:00,834.15,NSE,834.5,833.9,834.5,SBICAR,2208
280,2022-03-22 14:10:00,834.25,NSE,834.5,833.75,834.35,SBICAR,1689
281,2022-03-22 14:11:00,834.0,NSE,834.25,833.7,834.25,SBICAR,615
282,2022-03-22 14:12:00,834.2,NSE,834.2,833.75,834.0,SBICAR,2069
283,2022-03-22 14:13:00,834.1,NSE,834.5,834.1,834.15,SBICAR,3096
284,2022-03-22 14:14:00,834.45,NSE,834.5,834.05,834.4,SBICAR,767
285,2022-03-22 14:15:00,834.5,NSE,834.5,834.15,834.15,SBICAR,1008
286,2022-03-22 14:16:00,834.05,NSE,834.5,833.7,834.5,SBICAR,2929
287,2022-03-22 14:17:00,834.3,NSE,834.4,833.85,834.05,SBICAR,454
288,2022-03-22 14:18:00,834.1,NSE,834.5,834.0,834.3,SBICAR,1743
289,2022-03-22 14:19:00,834.1,NSE,834.5,834.0,834.3,SBICAR,1594
290,2022-03-22 14:20:00,834.0,NSE,834.35,834.0,834.1,SBICAR,3165
291,2022-03-22 14:21:00,833.9,NSE,834.25,833.75,834.2,SBICAR,1041
292,2022-03-22 14:22:00,834.0,NSE,834.0,833.75,833.9,SBICAR,678
293,2022-03-22 14:23:00,833.8,NSE,834.5,833.8,834.0,SBICAR,9833
294,2022-03-22 14:24:00,833.0,NSE,833.9,833.0,833.8,SBICAR,1570
295,2022-03-22 14:25:00,832.95,NSE,833.35,832.9,833.35,SBICAR,1250
296,2022-03-22 14:26:00,832.95,NSE,833.45,832.8,832.95,SBICAR,1778
297,2022-03-22 14:27:00,833.7,NSE,833.7,832.4,832.9,SBICAR,7248
298,2022-03-22 14:28:00,832.95,NSE,833.65,832.9,833.65,SBICAR,3627
299,2022-03-22 14:29:00,832.75,NSE,833.0,832.5,833.0,SBICAR,807
300,2022-03-22 14:30:00,832.0,NSE,832.8,832.0,832.5,SBICAR,704
301,2022-03-22 14:31:00,832.45,NSE,832.5,832.0,832.35,SBICAR,1402
302,2022-03-22 14:32:00,832.05,NSE,832.8,832.05,832.15,SBICAR,1186
303,2022-03-22 14:33:00,832.05,NSE,832.45,832.05,832.05,SBICAR,573
304,2022-03-22 14:34:00,831.85,NSE,832.65,831.85,832.05,SBICAR,4185
305,2022-03-22 14:35:00,830.5,NSE,831.85,830.1,831.85,SBICAR,2104
306,2022-03-22 14:36:00,831.55,NSE,831.55,830.05,830.05,SBICAR,3528
307,2022-03-22 14:37:00,831.15,NSE,831.55,831.0,831.55,SBICAR,441
308,2022-03-22 14:38:00,831.1,NSE,831.35,830.65,831.35,SBICAR,696
309,2022-03-22 14:39:00,831.15,NSE,831.5,831.1,831.5,SBICAR,1594
310,2022-03-22 14:40:00,831.55,NSE,831.55,830.75,830.75,SBICAR,3641
311,2022-03-22 14:41:00,832.5,NSE,832.7,831.2,831.55,SBICAR,2394
312,2022-03-22 14:42:00,832.5,NSE,832.65,832.1,832.5,SBICAR,1211
313,2022-03-22 14:43:00,832.05,NSE,832.5,832.0,832.3,SBICAR,198
314,2022-03-22 14:44:00,832.15,NSE,832.35,831.85,832.05,SBICAR,681
315,2022-03-22 14:45:00,831.55,NSE,832.15,831.5,831.9,SBICAR,968
316,2022-03-22 14:46:00,832.8,NSE,832.8,831.35,831.55,SBICAR,2919
317,2022-03-22 14:47:00,832.75,NSE,832.95,832.5,832.8,SBICAR,674
318,2022-03-22 14:48:00,831.7,NSE,832.8,831.1,832.6,SBICAR,2878
319,2022-03-22 14:49:00,832.25,NSE,832.25,831.55,831.55,SBICAR,1249
320,2022-03-22 14:50:00,832.0,NSE,832.4,831.6,832.25,SBICAR,1689
321,2022-03-22 14:51:00,831.05,NSE,832.0,831.0,832.0,SBICAR,1484
322,2022-03-22 14:52:00,831.2,NSE,831.2,830.6,831.2,SBICAR,1109
323,2022-03-22 14:53:00,832.4,NSE,832.4,830.9,831.2,SBICAR,8647
324,2022-03-22 14:54:00,832.9,NSE,833.95,832.8,832.8,SBICAR,6052
325,2022-03-22 14:55:00,832.4,NSE,833.3,832.4,833.0,SBICAR,1121
326,2022-03-22 14:56:00,832.85,NSE,832.95,832.4,832.8,SBICAR,1377
327,2022-03-22 14:57:00,833.05,NSE,833.25,832.45,832.85,SBICAR,1812
328,2022-03-22 14:58:00,833.95,NSE,833.95,833.05,833.05,SBICAR,1621
329,2022-03-22 14:59:00,837.95,NSE,837.95,833.95,833.95,SBICAR,23430
330,2022-03-22 15:00:00,842.25,NSE,842.25,837.95,838.0,SBICAR,17793
331,2022-03-22 15:01:00,842.15,NSE,842.5,841.4,842.25,SBICAR,6662
332,2022-03-22 15:02:00,842.5,NSE,842.5,841.95,842.15,SBICAR,3843
333,2022-03-22 15:03:00,846.75,NSE,846.8,842.4,842.5,SBICAR,15559
334,2022-03-22 15:04:00,844.3,NSE,846.9,844.3,846.9,SBICAR,6459
335,2022-03-22 15:05:00,846.2,NSE,846.2,844.0,844.8,SBICAR,4282
336,2022-03-22 15:06:00,846.5,NSE,846.9,845.7,846.1,SBICAR,4924
337,2022-03-22 15:07:00,846.0,NSE,847.6,845.85,846.55,SBICAR,5533
338,2022-03-22 15:08:00,844.95,NSE,846.5,844.65,846.0,SBICAR,5185
339,2022-03-22 15:09:00,849.8,NSE,850.0,844.95,844.95,SBICAR,16918
340,2022-03-22 15:10:00,850.3,NSE,852.4,849.7,849.85,SBICAR,23243
341,2022-03-22 15:11:00,852.05,NSE,852.05,850.4,850.4,SBICAR,7490
342,2022-03-22 15:12:00,852.85,NSE,853.5,851.65,852.05,SBICAR,13807
343,2022-03-22 15:13:00,851.6,NSE,853.0,851.5,852.4,SBICAR,8237
344,2022-03-22 15:14:00,849.55,NSE,851.7,848.6,851.7,SBICAR,14898
345,2022-03-22 15:15:00,849.35,NSE,850.0,849.1,849.6,SBICAR,8114
346,2022-03-22 15:16:00,849.5,NSE,849.5,849.25,849.35,SBICAR,5515
347,2022-03-22 15:17:00,849.1,NSE,849.65,849.0,849.5,SBICAR,9042
348,2022-03-22 15:18:00,848.4,NSE,850.1,848.0,849.45,SBICAR,18984
349,2022-03-22 15:19:00,847.75,NSE,848.5,847.5,848.5,SBICAR,9357
350,2022-03-22 15:20:00,844.8,NSE,848.7,844.3,847.7,SBICAR,19812
351,2022-03-22 15:21:00,845.55,NSE,847.3,844.5,844.75,SBICAR,10431
352,2022-03-22 15:22:00,846.3,NSE,847.15,845.5,845.8,SBICAR,8162
353,2022-03-22 15:23:00,845.75,NSE,846.65,845.45,846.5,SBICAR,7452
354,2022-03-22 15:24:00,845.75,NSE,846.55,845.55,845.6,SBICAR,8661
355,2022-03-22 15:25:00,845.75,NSE,845.9,845.6,845.75,SBICAR,3444
356,2022-03-22 15:26:00,844.7,NSE,844.8,843.6,843.6,SBICAR,9702
357,2022-03-22 15:27:00,846.65,NSE,846.65,844.0,844.7,SBICAR,7797
358,2022-03-22 15:28:00,846.0,NSE,847.25,845.15,846.4,SBICAR,5148
359,2022-03-22 15:29:00,847.05,NSE,848.5,843.55,847.45,SBICAR,2850
