,datetime,close,exchange_code,high,low,open,stock_code,volume
0,2024-06-07 09:30:00,711.35,NSE,711.85,711.0,711.0,SBICAR,2153
1,2024-06-07 09:31:00,711.5,NSE,711.75,711.05,711.75,SBICAR,2841
2,2024-06-07 09:32:00,711.45,NSE,711.7,711.2,711.5,SBICAR,4187
3,2024-06-07 09:33:00,711.3,NSE,711.85,711.15,711.2,SBICAR,2761
4,2024-06-07 09:34:00,710.9,NSE,711.9,710.9,711.9,SBICAR,1798
5,2024-06-07 09:35:00,710.35,NSE,711.0,710.35,710.9,SBICAR,3250
6,2024-06-07 09:36:00,710.05,NSE,710.75,710.05,710.35,SBICAR,2684
7,2024-06-07 09:37:00,710.3,NSE,710.4,710.05,710.4,SBICAR,1877
8,2024-06-07 09:38:00,710.5,NSE,710.85,710.4,710.8,SBICAR,1291
9,2024-06-07 09:39:00,710.9,NSE,711.0,710.15,710.15,SBICAR,2572
10,2024-06-07 09:40:00,710.45,NSE,710.75,710.35,710.55,SBICAR,1329
11,2024-06-07 09:41:00,710.65,NSE,710.85,710.45,710.85,SBICAR,2680
12,2024-06-07 09:42:00,710.45,NSE,710.8,710.3,710.75,SBICAR,1354
13,2024-06-07 09:43:00,710.5,NSE,711.3,710.45,711.3,SBICAR,9788
14,2024-06-07 09:44:00,711.9,NSE,711.9,710.8,710.95,SBICAR,5703
15,2024-06-07 09:45:00,711.2,NSE,711.8,711.2,711.35,SBICAR,3709
16,2024-06-07 09:46:00,710.65,NSE,711.55,710.65,711.35,SBICAR,3130
17,2024-06-07 09:47:00,710.6,NSE,710.7,710.1,710.7,SBICAR,1743
18,2024-06-07 09:48:00,711.4,NSE,711.4,710.5,710.65,SBICAR,1151
19,2024-06-07 09:49:00,710.8,NSE,711.1,710.55,711.0,SBICAR,3328
20,2024-06-07 09:50:00,712.25,NSE,712.35,710.95,710.95,SBICAR,16464
21,2024-06-07 09:51:00,712.45,NSE,712.55,712.15,712.25,SBICAR,3990
22,2024-06-07 09:52:00,712.45,NSE,712.5,712.15,712.45,SBICAR,2393
23,2024-06-07 09:53:00,713.65,NSE,713.7,712.75,712.75,SBICAR,15955
24,2024-06-07 09:54:00,713.65,NSE,713.7,713.1,713.1,SBICAR,6925
25,2024-06-07 09:55:00,713.3,NSE,713.9,713.3,713.4,SBICAR,8133
26,2024-06-07 09:56:00,713.95,NSE,713.95,713.25,713.25,SBICAR,12425
27,2024-06-07 09:57:00,713.55,NSE,713.65,713.5,713.65,SBICAR,4657
28,2024-06-07 09:58:00,713.8,NSE,713.85,713.55,713.55,SBICAR,2870
29,2024-06-07 09:59:00,714.25,NSE,714.25,713.5,713.8,SBICAR,31387
30,2024-06-07 10:00:00,713.6,NSE,714.25,713.6,714.25,SBICAR,3185
31,2024-06-07 10:01:00,714.4,NSE,714.45,713.8,714.2,SBICAR,4041
32,2024-06-07 10:02:00,713.6,NSE,714.4,713.6,714.4,SBICAR,1789
33,2024-06-07 10:03:00,714.0,NSE,714.1,713.6,713.7,SBICAR,3179
34,2024-06-07 10:04:00,713.75,NSE,714.4,713.6,714.0,SBICAR,4602
35,2024-06-07 10:05:00,713.85,NSE,713.85,713.3,713.3,SBICAR,3384
36,2024-06-07 10:06:00,713.75,NSE,713.85,713.4,713.8,SBICAR,5675
37,2024-06-07 10:07:00,713.45,NSE,713.5,713.45,713.5,SBICAR,4468
38,2024-06-07 10:08:00,713.1,NSE,713.7,713.05,713.25,SBICAR,7311
39,2024-06-07 10:09:00,713.6,NSE,714.0,713.25,713.25,SBICAR,6032
40,2024-06-07 10:10:00,713.95,NSE,714.0,713.8,713.8,SBICAR,1088
41,2024-06-07 10:11:00,713.8,NSE,713.95,713.55,713.8,SBICAR,5156
42,2024-06-07 10:12:00,713.0,NSE,713.7,713.0,713.6,SBICAR,3062
43,2024-06-07 10:13:00,713.05,NSE,713.55,713.0,713.0,SBICAR,4605
44,2024-06-07 10:14:00,713.35,NSE,713.35,713.0,713.0,SBICAR,1555
45,2024-06-07 10:15:00,713.15,NSE,713.35,712.8,713.35,SBICAR,2498
46,2024-06-07 10:16:00,713.05,NSE,713.3,712.9,713.3,SBICAR,1469
47,2024-06-07 10:17:00,712.75,NSE,713.3,712.7,713.3,SBICAR,3320
48,2024-06-07 10:18:00,714.25,NSE,714.45,712.3,712.55,SBICAR,12435
49,2024-06-07 10:19:00,713.7,NSE,714.2,713.7,713.85,SBICAR,1316
50,2024-06-07 10:20:00,713.95,NSE,714.3,713.7,713.7,SBICAR,5764
51,2024-06-07 10:21:00,714.1,NSE,714.45,713.9,714.3,SBICAR,5929
52,2024-06-07 10:22:00,713.3,NSE,714.0,712.9,714.0,SBICAR,13014
53,2024-06-07 10:23:00,714.65,NSE,714.9,713.35,713.35,SBICAR,15804
54,2024-06-07 10:24:00,716.5,NSE,716.5,715.0,715.0,SBICAR,38780
55,2024-06-07 10:25:00,717.8,NSE,717.8,716.5,716.55,SBICAR,12889
56,2024-06-07 10:26:00,716.6,NSE,718.0,715.85,717.85,SBICAR,18859
57,2024-06-07 10:27:00,717.95,NSE,717.95,716.4,716.6,SBICAR,11717
58,2024-06-07 10:28:00,717.25,NSE,718.0,717.25,717.55,SBICAR,4951
59,2024-06-07 10:29:00,717.95,NSE,718.5,717.6,717.6,SBICAR,21814
60,2024-06-07 10:30:00,717.65,NSE,718.0,717.25,717.55,SBICAR,4311
61,2024-06-07 10:31:00,717.0,NSE,717.65,717.0,717.65,SBICAR,4160
62,2024-06-07 10:32:00,716.55,NSE,717.05,716.2,717.05,SBICAR,4498
63,2024-06-07 10:33:00,718.4,NSE,718.4,716.3,716.7,SBICAR,11877
64,2024-06-07 10:34:00,718.0,NSE,718.5,717.85,718.35,SBICAR,9106
65,2024-06-07 10:35:00,717.5,NSE,718.0,717.15,718.0,SBICAR,4291
66,2024-06-07 10:36:00,717.5,NSE,718.0,717.3,717.6,SBICAR,2726
67,2024-06-07 10:37:00,717.35,NSE,717.8,717.25,717.5,SBICAR,2305
68,2024-06-07 10:38:00,717.3,NSE,717.6,717.15,717.35,SBICAR,1930
69,2024-06-07 10:39:00,717.4,NSE,717.45,717.0,717.15,SBICAR,6061
70,2024-06-07 10:40:00,716.7,NSE,717.3,716.7,717.1,SBICAR,5781
71,2024-06-07 10:41:00,717.0,NSE,717.4,716.4,716.6,SBICAR,13878
72,2024-06-07 10:42:00,716.55,NSE,717.45,716.55,717.25,SBICAR,8160
73,2024-06-07 10:43:00,716.75,NSE,717.1,716.55,717.0,SBICAR,3493
74,2024-06-07 10:44:00,715.9,NSE,716.8,715.9,716.55,SBICAR,3273
75,2024-06-07 10:45:00,716.0,NSE,716.25,715.75,716.05,SBICAR,1472
76,2024-06-07 10:46:00,717.0,NSE,717.0,716.25,716.25,SBICAR,5579
77,2024-06-07 10:47:00,717.85,NSE,717.85,717.05,717.05,SBICAR,3680
78,2024-06-07 10:48:00,718.5,NSE,719.0,717.85,717.85,SBICAR,10234
79,2024-06-07 10:49:00,718.95,NSE,719.6,718.5,718.85,SBICAR,24089
80,2024-06-07 10:50:00,719.2,NSE,719.2,718.5,718.5,SBICAR,15357
81,2024-06-07 10:51:00,719.45,NSE,719.45,719.0,719.2,SBICAR,5363
82,2024-06-07 10:52:00,719.5,NSE,719.8,718.7,719.45,SBICAR,7457
83,2024-06-07 10:53:00,720.65,NSE,721.0,719.5,719.5,SBICAR,39175
84,2024-06-07 10:54:00,721.55,NSE,722.45,721.2,721.25,SBICAR,39763
85,2024-06-07 10:55:00,722.15,NSE,723.0,721.3,721.4,SBICAR,20821
86,2024-06-07 10:56:00,722.55,NSE,722.7,721.5,721.75,SBICAR,15604
87,2024-06-07 10:57:00,722.5,NSE,722.95,722.5,722.6,SBICAR,9575
88,2024-06-07 10:58:00,722.15,NSE,722.8,721.7,722.65,SBICAR,8647
89,2024-06-07 10:59:00,722.0,NSE,722.35,722.0,722.15,SBICAR,6624
90,2024-06-07 11:00:00,722.95,NSE,723.3,721.85,722.2,SBICAR,22002
91,2024-06-07 11:01:00,723.2,NSE,723.4,722.65,722.8,SBICAR,6254
92,2024-06-07 11:02:00,722.15,NSE,723.4,722.15,723.1,SBICAR,8953
93,2024-06-07 11:03:00,722.45,NSE,722.95,722.05,722.05,SBICAR,10535
94,2024-06-07 11:04:00,722.2,NSE,722.6,722.1,722.6,SBICAR,6584
95,2024-06-07 11:05:00,720.8,NSE,722.5,720.75,722.2,SBICAR,11357
96,2024-06-07 11:06:00,721.05,NSE,721.85,720.75,720.8,SBICAR,5858
97,2024-06-07 11:07:00,721.0,NSE,721.3,720.8,721.05,SBICAR,4074
98,2024-06-07 11:08:00,720.75,NSE,721.0,720.5,721.0,SBICAR,3928
99,2024-06-07 11:09:00,721.45,NSE,721.9,720.75,721.0,SBICAR,6180
100,2024-06-07 11:10:00,720.9,NSE,721.85,720.9,721.5,SBICAR,4970
101,2024-06-07 11:11:00,721.3,NSE,721.3,720.7,720.9,SBICAR,5064
102,2024-06-07 11:12:00,721.3,NSE,721.5,721.0,721.1,SBICAR,5665
103,2024-06-07 11:13:00,720.1,NSE,721.3,720.1,721.3,SBICAR,3088
104,2024-06-07 11:14:00,721.6,NSE,721.95,720.05,720.05,SBICAR,11159
105,2024-06-07 11:15:00,720.6,NSE,721.6,720.6,721.6,SBICAR,4699
106,2024-06-07 11:16:00,720.95,NSE,721.0,720.35,720.6,SBICAR,2725
107,2024-06-07 11:17:00,722.0,NSE,722.2,720.55,720.55,SBICAR,8775
108,2024-06-07 11:18:00,721.85,NSE,721.95,721.2,721.95,SBICAR,1362
109,2024-06-07 11:19:00,721.5,NSE,722.2,721.5,721.7,SBICAR,6343
110,2024-06-07 11:20:00,720.9,NSE,721.95,720.55,721.9,SBICAR,4554
111,2024-06-07 11:21:00,718.55,NSE,720.9,718.55,720.9,SBICAR,12806
112,2024-06-07 11:22:00,718.6,NSE,719.25,718.5,718.55,SBICAR,6940
113,2024-06-07 11:23:00,719.5,NSE,720.1,718.6,718.6,SBICAR,7836
114,2024-06-07 11:24:00,720.6,NSE,721.0,719.1,719.5,SBICAR,10939
115,2024-06-07 11:25:00,720.75,NSE,721.15,719.95,720.85,SBICAR,11220
116,2024-06-07 11:26:00,720.55,NSE,720.9,720.05,720.7,SBICAR,2680
117,2024-06-07 11:27:00,719.65,NSE,720.55,719.45,720.55,SBICAR,7066
118,2024-06-07 11:28:00,719.7,NSE,720.0,719.1,719.6,SBICAR,6624
119,2024-06-07 11:29:00,718.05,NSE,719.7,718.0,719.7,SBICAR,9283
120,2024-06-07 11:30:00,718.55,NSE,718.7,718.0,718.0,SBICAR,6558
121,2024-06-07 11:31:00,718.25,NSE,718.55,717.75,718.55,SBICAR,8009
122,2024-06-07 11:32:00,718.45,NSE,718.45,718.05,718.25,SBICAR,2456
123,2024-06-07 11:33:00,719.65,NSE,719.65,718.1,718.45,SBICAR,4346
124,2024-06-07 11:34:00,719.4,NSE,720.25,719.4,719.5,SBICAR,5604
125,2024-06-07 11:35:00,720.4,NSE,720.55,719.4,719.4,SBICAR,4341
126,2024-06-07 11:36:00,719.95,NSE,720.4,719.95,720.1,SBICAR,2703
127,2024-06-07 11:37:00,719.0,NSE,720.4,719.0,720.4,SBICAR,2611
128,2024-06-07 11:38:00,718.4,NSE,719.25,718.25,718.85,SBICAR,6906
129,2024-06-07 11:39:00,718.55,NSE,718.9,718.1,718.8,SBICAR,4279
130,2024-06-07 11:40:00,718.45,NSE,718.95,718.3,718.95,SBICAR,6418
131,2024-06-07 11:41:00,718.35,NSE,718.8,718.25,718.45,SBICAR,1892
132,2024-06-07 11:42:00,718.2,NSE,718.35,718.1,718.35,SBICAR,3362
133,2024-06-07 11:43:00,718.75,NSE,718.9,718.2,718.2,SBICAR,4940
134,2024-06-07 11:44:00,718.5,NSE,718.8,718.45,718.75,SBICAR,2917
135,2024-06-07 11:45:00,718.35,NSE,718.5,718.2,718.5,SBICAR,1702
136,2024-06-07 11:46:00,719.05,NSE,719.35,718.35,718.35,SBICAR,5750
137,2024-06-07 11:47:00,719.0,NSE,719.5,718.5,719.05,SBICAR,5444
138,2024-06-07 11:48:00,718.7,NSE,719.0,718.7,719.0,SBICAR,762
139,2024-06-07 11:49:00,718.55,NSE,718.95,718.55,718.95,SBICAR,1459
140,2024-06-07 11:50:00,718.8,NSE,719.0,718.6,718.75,SBICAR,23808
141,2024-06-07 11:51:00,719.0,NSE,719.0,718.7,719.0,SBICAR,5403
142,2024-06-07 11:52:00,720.95,NSE,720.95,718.75,718.75,SBICAR,12087
143,2024-06-07 11:53:00,720.15,NSE,720.8,719.5,720.5,SBICAR,3128
144,2024-06-07 11:54:00,720.15,NSE,720.15,719.6,720.15,SBICAR,5667
145,2024-06-07 11:55:00,719.6,NSE,720.0,719.5,720.0,SBICAR,3138
146,2024-06-07 11:56:00,719.9,NSE,719.95,719.55,719.6,SBICAR,2015
147,2024-06-07 11:57:00,719.85,NSE,719.9,719.35,719.9,SBICAR,626
148,2024-06-07 11:58:00,719.5,NSE,719.9,719.5,719.85,SBICAR,1696
149,2024-06-07 11:59:00,719.5,NSE,719.5,719.2,719.5,SBICAR,814
150,2024-06-07 12:00:00,720.2,NSE,720.2,719.4,719.7,SBICAR,2712
151,2024-06-07 12:01:00,719.95,NSE,720.2,719.85,719.85,SBICAR,1308
152,2024-06-07 12:02:00,720.15,NSE,720.2,719.85,720.05,SBICAR,841
153,2024-06-07 12:03:00,719.85,NSE,720.15,719.85,720.15,SBICAR,1115
154,2024-06-07 12:04:00,720.15,NSE,720.3,719.55,719.55,SBICAR,1948
155,2024-06-07 12:05:00,720.5,NSE,720.8,720.3,720.3,SBICAR,2322
156,2024-06-07 12:06:00,720.65,NSE,720.9,720.15,720.8,SBICAR,2839
157,2024-06-07 12:07:00,720.65,NSE,720.9,720.05,720.9,SBICAR,862
158,2024-06-07 12:08:00,720.4,NSE,720.65,720.1,720.65,SBICAR,487
159,2024-06-07 12:09:00,719.95,NSE,720.05,719.55,720.05,SBICAR,2135
160,2024-06-07 12:10:00,719.3,NSE,719.9,719.3,719.6,SBICAR,2743
161,2024-06-07 12:11:00,719.05,NSE,719.55,719.0,719.4,SBICAR,728
162,2024-06-07 12:12:00,719.55,NSE,719.55,719.1,719.1,SBICAR,701
163,2024-06-07 12:13:00,719.85,NSE,720.2,719.3,719.55,SBICAR,3583
164,2024-06-07 12:14:00,719.75,NSE,720.25,719.75,719.85,SBICAR,968
165,2024-06-07 12:15:00,720.0,NSE,720.3,719.6,719.75,SBICAR,1420
166,2024-06-07 12:16:00,719.8,NSE,720.05,719.8,720.0,SBICAR,591
167,2024-06-07 12:17:00,719.65,NSE,720.05,719.65,719.8,SBICAR,3372
168,2024-06-07 12:18:00,719.05,NSE,719.75,719.05,719.75,SBICAR,4029
169,2024-06-07 12:19:00,719.05,NSE,719.35,719.05,719.35,SBICAR,326
170,2024-06-07 12:20:00,719.35,NSE,719.35,719.1,719.2,SBICAR,384
171,2024-06-07 12:21:00,719.5,NSE,719.5,719.0,719.0,SBICAR,2141
172,2024-06-07 12:22:00,720.45,NSE,720.45,719.55,719.55,SBICAR,3111
173,2024-06-07 12:23:00,720.0,NSE,720.0,719.6,719.7,SBICAR,262
174,2024-06-07 12:24:00,719.6,NSE,720.0,719.1,720.0,SBICAR,721
175,2024-06-07 12:25:00,719.05,NSE,719.65,719.0,719.6,SBICAR,3116
176,2024-06-07 12:26:00,719.25,NSE,719.45,718.85,719.15,SBICAR,3910
177,2024-06-07 12:27:00,718.8,NSE,719.65,718.8,719.25,SBICAR,1237
178,2024-06-07 12:28:00,719.0,NSE,719.3,718.8,719.15,SBICAR,720
179,2024-06-07 12:29:00,718.8,NSE,719.35,718.8,718.9,SBICAR,346
180,2024-06-07 12:30:00,718.85,NSE,719.25,718.75,719.15,SBICAR,611
181,2024-06-07 12:31:00,719.0,NSE,719.0,718.6,718.95,SBICAR,1564
182,2024-06-07 12:32:00,718.3,NSE,719.0,718.3,719.0,SBICAR,1032
183,2024-06-07 12:33:00,718.4,NSE,718.75,718.2,718.55,SBICAR,1042
184,2024-06-07 12:34:00,718.7,NSE,718.7,718.4,718.4,SBICAR,212
185,2024-06-07 12:35:00,718.2,NSE,718.5,718.1,718.5,SBICAR,1809
186,2024-06-07 12:36:00,718.2,NSE,718.45,718.2,718.45,SBICAR,444
187,2024-06-07 12:37:00,718.2,NSE,718.4,718.05,718.4,SBICAR,755
188,2024-06-07 12:38:00,717.9,NSE,718.7,717.9,718.3,SBICAR,9710
189,2024-06-07 12:39:00,717.9,NSE,718.0,717.55,717.6,SBICAR,1161
190,2024-06-07 12:40:00,717.6,NSE,718.15,717.6,717.9,SBICAR,1202
191,2024-06-07 12:41:00,717.5,NSE,717.7,717.2,717.7,SBICAR,2393
192,2024-06-07 12:42:00,717.6,NSE,717.75,717.2,717.35,SBICAR,1137
193,2024-06-07 12:43:00,717.3,NSE,717.9,717.25,717.9,SBICAR,1651
194,2024-06-07 12:44:00,717.3,NSE,717.7,717.3,717.7,SBICAR,326
195,2024-06-07 12:45:00,717.3,NSE,717.6,717.25,717.55,SBICAR,381
196,2024-06-07 12:46:00,717.75,NSE,717.75,717.25,717.25,SBICAR,1425
197,2024-06-07 12:47:00,718.7,NSE,718.7,717.5,717.75,SBICAR,4369
198,2024-06-07 12:48:00,718.15,NSE,718.7,718.15,718.7,SBICAR,552
199,2024-06-07 12:49:00,718.25,NSE,718.9,718.15,718.15,SBICAR,3600
200,2024-06-07 12:50:00,718.5,NSE,718.5,718.15,718.15,SBICAR,381
201,2024-06-07 12:51:00,718.05,NSE,718.5,718.05,718.5,SBICAR,676
202,2024-06-07 12:52:00,718.05,NSE,718.45,718.05,718.45,SBICAR,287
203,2024-06-07 12:53:00,717.95,NSE,718.3,717.8,718.3,SBICAR,380
204,2024-06-07 12:54:00,717.8,NSE,718.3,717.8,718.3,SBICAR,171
205,2024-06-07 12:55:00,717.25,NSE,717.8,717.25,717.75,SBICAR,789
206,2024-06-07 12:56:00,717.25,NSE,717.6,717.25,717.25,SBICAR,282
207,2024-06-07 12:57:00,717.9,NSE,717.9,717.25,717.25,SBICAR,1026
208,2024-06-07 12:58:00,717.6,NSE,718.0,717.5,717.9,SBICAR,934
209,2024-06-07 12:59:00,717.95,NSE,717.95,717.6,717.95,SBICAR,285
210,2024-06-07 13:00:00,717.55,NSE,717.95,717.55,717.65,SBICAR,1089
211,2024-06-07 13:01:00,717.3,NSE,717.9,717.3,717.55,SBICAR,1428
212,2024-06-07 13:02:00,717.6,NSE,717.8,717.3,717.65,SBICAR,3395
213,2024-06-07 13:03:00,717.1,NSE,717.6,717.1,717.6,SBICAR,2742
214,2024-06-07 13:04:00,717.45,NSE,717.5,716.85,717.4,SBICAR,4673
215,2024-06-07 13:05:00,717.7,NSE,717.95,717.2,717.2,SBICAR,1638
216,2024-06-07 13:06:00,717.7,NSE,717.9,717.7,717.9,SBICAR,394
217,2024-06-07 13:07:00,717.9,NSE,717.9,717.65,717.7,SBICAR,972
218,2024-06-07 13:08:00,717.7,NSE,717.75,717.7,717.75,SBICAR,480
219,2024-06-07 13:09:00,716.7,NSE,717.7,716.7,717.7,SBICAR,25375
220,2024-06-07 13:10:00,717.1,NSE,717.7,717.1,717.2,SBICAR,1176
221,2024-06-07 13:11:00,716.6,NSE,717.5,716.6,717.1,SBICAR,8522
222,2024-06-07 13:12:00,715.75,NSE,716.95,715.25,716.6,SBICAR,26526
223,2024-06-07 13:13:00,715.85,NSE,715.85,715.45,715.75,SBICAR,1422
224,2024-06-07 13:14:00,715.6,NSE,715.7,715.4,715.6,SBICAR,1812
225,2024-06-07 13:15:00,715.5,NSE,715.5,715.35,715.4,SBICAR,947
226,2024-06-07 13:16:00,715.45,NSE,715.9,715.45,715.5,SBICAR,2723
227,2024-06-07 13:17:00,715.5,NSE,715.75,715.4,715.4,SBICAR,1172
228,2024-06-07 13:18:00,715.35,NSE,716.0,715.35,715.5,SBICAR,10233
229,2024-06-07 13:19:00,716.0,NSE,716.0,715.3,715.3,SBICAR,8921
230,2024-06-07 13:20:00,716.0,NSE,716.0,715.75,716.0,SBICAR,34647
231,2024-06-07 13:21:00,715.9,NSE,716.0,715.6,715.8,SBICAR,26193
232,2024-06-07 13:22:00,716.0,NSE,716.0,715.65,715.85,SBICAR,1953
233,2024-06-07 13:23:00,715.2,NSE,716.0,715.2,715.95,SBICAR,3741
234,2024-06-07 13:24:00,715.8,NSE,716.0,714.55,715.2,SBICAR,8993
235,2024-06-07 13:25:00,716.5,NSE,716.8,715.8,715.8,SBICAR,3377
236,2024-06-07 13:26:00,716.45,NSE,716.8,716.45,716.5,SBICAR,2732
237,2024-06-07 13:27:00,716.2,NSE,716.8,715.85,716.7,SBICAR,17261
238,2024-06-07 13:28:00,716.25,NSE,716.25,715.7,716.0,SBICAR,2829
239,2024-06-07 13:29:00,716.25,NSE,716.25,716.05,716.25,SBICAR,8190
240,2024-06-07 13:30:00,716.0,NSE,716.25,716.0,716.1,SBICAR,13679
241,2024-06-07 13:31:00,716.7,NSE,716.7,716.15,716.25,SBICAR,14155
242,2024-06-07 13:32:00,716.7,NSE,716.95,716.7,716.75,SBICAR,742
243,2024-06-07 13:33:00,716.55,NSE,717.0,716.55,717.0,SBICAR,1038
244,2024-06-07 13:34:00,716.8,NSE,716.8,716.45,716.5,SBICAR,5139
245,2024-06-07 13:35:00,717.0,NSE,717.0,716.8,716.8,SBICAR,406
246,2024-06-07 13:36:00,716.9,NSE,717.0,716.55,717.0,SBICAR,3372
247,2024-06-07 13:37:00,717.3,NSE,717.3,716.65,716.85,SBICAR,3954
248,2024-06-07 13:38:00,716.65,NSE,717.5,716.65,717.4,SBICAR,2718
249,2024-06-07 13:39:00,716.65,NSE,716.95,716.6,716.65,SBICAR,147
250,2024-06-07 13:40:00,716.5,NSE,717.0,715.9,717.0,SBICAR,15549
251,2024-06-07 13:41:00,716.55,NSE,716.85,716.15,716.15,SBICAR,1048
252,2024-06-07 13:42:00,716.55,NSE,717.25,716.55,716.55,SBICAR,3785
253,2024-06-07 13:43:00,716.55,NSE,716.95,716.55,716.95,SBICAR,46
254,2024-06-07 13:44:00,717.0,NSE,717.0,716.35,716.65,SBICAR,2045
255,2024-06-07 13:45:00,717.0,NSE,717.35,716.75,717.05,SBICAR,3130
256,2024-06-07 13:46:00,717.25,NSE,717.35,717.0,717.2,SBICAR,1078
257,2024-06-07 13:47:00,717.45,NSE,717.45,717.05,717.25,SBICAR,584
258,2024-06-07 13:48:00,716.55,NSE,717.4,716.55,717.4,SBICAR,2188
259,2024-06-07 13:49:00,716.8,NSE,716.9,716.55,716.55,SBICAR,1906
260,2024-06-07 13:50:00,716.65,NSE,717.2,716.65,716.85,SBICAR,2150
261,2024-06-07 13:51:00,717.4,NSE,717.4,717.0,717.15,SBICAR,1453
262,2024-06-07 13:52:00,716.6,NSE,717.2,716.6,717.1,SBICAR,2303
263,2024-06-07 13:53:00,717.2,NSE,717.2,716.95,717.0,SBICAR,1229
264,2024-06-07 13:54:00,716.7,NSE,717.25,716.7,717.2,SBICAR,1143
265,2024-06-07 13:55:00,716.7,NSE,717.0,716.6,716.7,SBICAR,1441
266,2024-06-07 13:56:00,716.4,NSE,716.9,716.2,716.9,SBICAR,218
267,2024-06-07 13:57:00,716.35,NSE,716.7,716.3,716.4,SBICAR,449
268,2024-06-07 13:58:00,716.7,NSE,716.7,716.1,716.35,SBICAR,772
269,2024-06-07 13:59:00,716.7,NSE,717.1,716.55,716.7,SBICAR,2592
270,2024-06-07 14:00:00,717.1,NSE,717.1,716.7,716.95,SBICAR,1093
271,2024-06-07 14:01:00,716.75,NSE,717.0,716.75,717.0,SBICAR,1444
272,2024-06-07 14:02:00,717.1,NSE,717.1,716.75,716.75,SBICAR,828
273,2024-06-07 14:03:00,717.4,NSE,717.4,717.05,717.05,SBICAR,1895
274,2024-06-07 14:04:00,717.5,NSE,717.9,717.4,717.4,SBICAR,2356
275,2024-06-07 14:05:00,717.05,NSE,717.8,717.05,717.5,SBICAR,2555
276,2024-06-07 14:06:00,717.05,NSE,717.45,717.0,717.05,SBICAR,742
277,2024-06-07 14:07:00,717.25,NSE,717.35,717.0,717.35,SBICAR,1952
278,2024-06-07 14:08:00,717.0,NSE,717.35,717.0,717.35,SBICAR,1036
279,2024-06-07 14:09:00,717.35,NSE,717.65,716.95,717.2,SBICAR,1260
280,2024-06-07 14:10:00,717.6,NSE,717.6,717.35,717.35,SBICAR,1378
281,2024-06-07 14:11:00,717.6,NSE,717.6,717.1,717.25,SBICAR,1890
282,2024-06-07 14:12:00,717.35,NSE,717.65,717.0,717.6,SBICAR,364
283,2024-06-07 14:13:00,716.35,NSE,717.3,716.35,717.05,SBICAR,2888
284,2024-06-07 14:14:00,716.15,NSE,716.85,716.1,716.8,SBICAR,257
285,2024-06-07 14:15:00,716.15,NSE,716.45,716.1,716.1,SBICAR,1128
286,2024-06-07 14:16:00,715.8,NSE,716.0,715.8,716.0,SBICAR,734
287,2024-06-07 14:17:00,716.0,NSE,716.55,716.0,716.1,SBICAR,1120
288,2024-06-07 14:18:00,715.95,NSE,716.35,715.8,716.0,SBICAR,1405
289,2024-06-07 14:19:00,716.0,NSE,716.25,715.8,715.8,SBICAR,328
290,2024-06-07 14:20:00,715.9,NSE,716.0,715.6,716.0,SBICAR,1219
291,2024-06-07 14:21:00,715.4,NSE,715.9,715.4,715.9,SBICAR,404
292,2024-06-07 14:22:00,715.35,NSE,715.6,715.25,715.25,SBICAR,640
293,2024-06-07 14:23:00,715.7,NSE,715.7,715.2,715.35,SBICAR,4377
294,2024-06-07 14:24:00,715.2,NSE,715.7,715.2,715.7,SBICAR,586
295,2024-06-07 14:25:00,714.9,NSE,715.35,714.6,715.35,SBICAR,3823
296,2024-06-07 14:26:00,714.85,NSE,715.05,714.5,714.55,SBICAR,809
297,2024-06-07 14:27:00,715.0,NSE,715.4,714.55,714.65,SBICAR,1749
298,2024-06-07 14:28:00,715.4,NSE,715.45,715.0,715.0,SBICAR,501
299,2024-06-07 14:29:00,715.0,NSE,715.4,715.0,715.05,SBICAR,337
300,2024-06-07 14:30:00,715.75,NSE,716.0,715.0,715.0,SBICAR,1403
301,2024-06-07 14:31:00,715.45,NSE,716.0,715.45,715.75,SBICAR,2290
302,2024-06-07 14:32:00,716.3,NSE,716.3,715.45,715.45,SBICAR,1432
303,2024-06-07 14:33:00,716.3,NSE,716.85,715.9,715.9,SBICAR,1506
304,2024-06-07 14:34:00,716.6,NSE,717.0,716.3,716.3,SBICAR,1722
305,2024-06-07 14:35:00,716.5,NSE,716.95,716.45,716.9,SBICAR,850
306,2024-06-07 14:36:00,716.6,NSE,716.8,716.45,716.8,SBICAR,894
307,2024-06-07 14:37:00,716.1,NSE,716.75,716.1,716.6,SBICAR,901
308,2024-06-07 14:38:00,716.4,NSE,716.4,715.95,716.05,SBICAR,872
309,2024-06-07 14:39:00,716.2,NSE,716.6,716.1,716.3,SBICAR,1181
310,2024-06-07 14:40:00,716.45,NSE,716.5,716.2,716.2,SBICAR,2620
311,2024-06-07 14:41:00,715.95,NSE,716.5,715.95,716.1,SBICAR,1494
312,2024-06-07 14:42:00,715.5,NSE,716.35,715.5,716.35,SBICAR,4022
313,2024-06-07 14:43:00,715.65,NSE,716.0,715.45,715.45,SBICAR,1056
314,2024-06-07 14:44:00,715.65,NSE,716.15,715.6,715.65,SBICAR,10563
315,2024-06-07 14:45:00,716.1,NSE,716.4,716.1,716.1,SBICAR,1126
316,2024-06-07 14:46:00,716.55,NSE,716.55,716.1,716.4,SBICAR,1895
317,2024-06-07 14:47:00,716.5,NSE,716.7,716.4,716.4,SBICAR,818
318,2024-06-07 14:48:00,716.75,NSE,716.95,716.5,716.8,SBICAR,3561
319,2024-06-07 14:49:00,716.6,NSE,716.9,716.15,716.75,SBICAR,3385
320,2024-06-07 14:50:00,716.7,NSE,716.8,716.25,716.8,SBICAR,1324
321,2024-06-07 14:51:00,716.35,NSE,716.8,716.3,716.8,SBICAR,878
322,2024-06-07 14:52:00,716.6,NSE,716.65,716.25,716.35,SBICAR,3473
323,2024-06-07 14:53:00,716.75,NSE,716.75,716.3,716.65,SBICAR,872
324,2024-06-07 14:54:00,716.2,NSE,716.75,715.95,716.75,SBICAR,2082
325,2024-06-07 14:55:00,716.5,NSE,716.5,716.1,716.5,SBICAR,1523
326,2024-06-07 14:56:00,716.65,NSE,716.65,716.15,716.5,SBICAR,3368
327,2024-06-07 14:57:00,716.9,NSE,716.9,716.45,716.65,SBICAR,2198
328,2024-06-07 14:58:00,716.9,NSE,716.9,716.55,716.85,SBICAR,4655
329,2024-06-07 14:59:00,716.9,NSE,716.9,716.65,716.9,SBICAR,6850
330,2024-06-07 15:00:00,716.6,NSE,716.9,716.6,716.9,SBICAR,2511
331,2024-06-07 15:01:00,716.25,NSE,716.7,716.25,716.65,SBICAR,3130
332,2024-06-07 15:02:00,716.55,NSE,716.6,716.25,716.55,SBICAR,2254
333,2024-06-07 15:03:00,716.5,NSE,716.7,716.45,716.5,SBICAR,3450
334,2024-06-07 15:04:00,717.5,NSE,717.5,716.85,716.9,SBICAR,11829
335,2024-06-07 15:05:00,717.15,NSE,717.65,717.15,717.5,SBICAR,7371
336,2024-06-07 15:06:00,717.6,NSE,717.8,717.6,717.6,SBICAR,2077
337,2024-06-07 15:07:00,717.7,NSE,718.0,717.3,718.0,SBICAR,6261
338,2024-06-07 15:08:00,717.2,NSE,717.6,716.55,717.6,SBICAR,4933
339,2024-06-07 15:09:00,716.85,NSE,717.35,716.6,716.6,SBICAR,10141
340,2024-06-07 15:10:00,716.3,NSE,716.85,716.05,716.85,SBICAR,2564
341,2024-06-07 15:11:00,716.0,NSE,716.3,715.85,716.25,SBICAR,6610
342,2024-06-07 15:12:00,715.8,NSE,716.15,715.6,715.9,SBICAR,3747
343,2024-06-07 15:13:00,715.6,NSE,715.75,715.3,715.55,SBICAR,8304
344,2024-06-07 15:14:00,715.9,NSE,715.9,715.55,715.6,SBICAR,4256
345,2024-06-07 15:15:00,715.7,NSE,715.8,715.3,715.8,SBICAR,6945
346,2024-06-07 15:16:00,715.45,NSE,715.7,715.1,715.65,SBICAR,10772
347,2024-06-07 15:17:00,715.3,NSE,715.95,715.3,715.7,SBICAR,16397
348,2024-06-07 15:18:00,715.75,NSE,715.8,715.55,715.6,SBICAR,4758
349,2024-06-07 15:19:00,715.7,NSE,716.0,715.55,715.8,SBICAR,9634
350,2024-06-07 15:20:00,714.75,NSE,715.95,714.75,715.95,SBICAR,10300
351,2024-06-07 15:21:00,714.95,NSE,715.25,714.7,714.7,SBICAR,7254
352,2024-06-07 15:22:00,714.95,NSE,714.95,714.7,714.95,SBICAR,6060
353,2024-06-07 15:23:00,714.7,NSE,714.95,714.7,714.95,SBICAR,9736
354,2024-06-07 15:24:00,715.0,NSE,715.4,715.0,715.4,SBICAR,7733
355,2024-06-07 15:25:00,714.35,NSE,715.0,714.35,715.0,SBICAR,18028
356,2024-06-07 15:26:00,714.75,NSE,714.8,714.2,714.3,SBICAR,28661
357,2024-06-07 15:27:00,714.95,NSE,714.95,714.7,714.75,SBICAR,7321
358,2024-06-07 15:28:00,715.05,NSE,715.1,715.0,715.0,SBICAR,6235
359,2024-06-07 15:29:00,715.75,NSE,715.75,714.7,714.7,SBICAR,9129
